8k0a21,2018-05-17 01:24:30,1,r/Unexpected,0,2018-05-17 02:36:19,0,7,3603,0
8k0a21,2018-05-17 01:24:30,1,r/Unexpected,0,2018-05-17 03:24:46,1,5,382,0
8k0a21,2018-05-17 01:24:30,1,r/Unexpected,0,2018-05-17 03:40:24,2,2,87,0
8k0a21,2018-05-17 01:24:30,1,r/Unexpected,0,2018-05-17 04:04:27,3,7,78,0
8k0a21,2018-05-17 01:24:30,1,r/Unexpected,0,2018-05-17 04:10:47,4,3,51,0
8k0a21,2018-05-17 01:24:30,1,r/Unexpected,0,2018-05-17 05:00:11,5,0,7,0
8k0a21,2018-05-17 01:24:30,1,r/Unexpected,0,2018-05-17 05:04:57,5,0,2,0
8k0a21,2018-05-17 01:24:30,1,r/Unexpected,0,2018-05-17 04:16:19,4,7,45,0
8k0a21,2018-05-17 01:24:30,1,r/Unexpected,0,2018-05-17 04:37:36,5,0,5,0
8k0a21,2018-05-17 01:24:30,1,r/Unexpected,0,2018-05-17 04:36:46,5,1,10,0
8k0a21,2018-05-17 01:24:30,1,r/Unexpected,0,2018-05-17 05:07:55,6,0,2,0
8k0a21,2018-05-17 01:24:30,1,r/Unexpected,0,2018-05-17 04:46:14,5,1,3,0
8k0a21,2018-05-17 01:24:30,1,r/Unexpected,0,2018-05-17 04:48:54,5,0,3,0
8k0a21,2018-05-17 01:24:30,1,r/Unexpected,0,2018-05-17 04:49:09,5,0,3,0
8k0a21,2018-05-17 01:24:30,1,r/Unexpected,0,2018-05-17 04:55:29,5,0,1,0
8k0a21,2018-05-17 01:24:30,1,r/Unexpected,0,2018-05-17 04:17:25,4,1,13,0
8k0a21,2018-05-17 01:24:30,1,r/Unexpected,0,2018-05-17 04:19:59,5,1,6,0
8k0a21,2018-05-17 01:24:30,1,r/Unexpected,0,2018-05-17 04:25:36,6,0,6,0
8k0a21,2018-05-17 01:24:30,1,r/Unexpected,0,2018-05-17 04:09:55,4,1,1,0
8k0a21,2018-05-17 01:24:30,1,r/Unexpected,0,2018-05-17 04:35:00,4,0,2,0
8k0a21,2018-05-17 01:24:30,1,r/Unexpected,0,2018-05-17 05:00:21,4,0,2,0
8k0a21,2018-05-17 01:24:30,1,r/Unexpected,0,2018-05-17 03:30:45,2,2,22,0
8k0a21,2018-05-17 01:24:30,1,r/Unexpected,0,2018-05-17 03:34:58,3,2,25,0
8k0a21,2018-05-17 01:24:30,1,r/Unexpected,0,2018-05-17 04:01:44,4,1,14,0
8k0a21,2018-05-17 01:24:30,1,r/Unexpected,0,2018-05-17 04:04:57,5,1,14,0
8k0a21,2018-05-17 01:24:30,1,r/Unexpected,0,2018-05-17 03:47:19,3,2,13,0
8k0a21,2018-05-17 01:24:30,1,r/Unexpected,0,2018-05-17 04:00:31,4,1,19,0
8k0a21,2018-05-17 01:24:30,1,r/Unexpected,0,2018-05-17 04:17:01,5,1,1,0
8k0a21,2018-05-17 01:24:30,1,r/Unexpected,0,2018-05-17 04:47:21,6,0,2,0
8k0a21,2018-05-17 01:24:30,1,r/Unexpected,0,2018-05-17 04:06:11,2,0,2,0
8k0a21,2018-05-17 01:24:30,1,r/Unexpected,0,2018-05-17 04:04:54,2,0,1,0
8k0a21,2018-05-17 01:24:30,1,r/Unexpected,0,2018-05-17 04:11:08,1,1,7,0
8k0a21,2018-05-17 01:24:30,1,r/Unexpected,0,2018-05-17 04:59:20,2,0,3,0
8k0a21,2018-05-17 01:24:30,1,r/Unexpected,0,2018-05-17 04:12:18,1,1,7,0
8k0a21,2018-05-17 01:24:30,1,r/Unexpected,0,2018-05-17 03:45:26,1,0,1,0
8k0a21,2018-05-17 01:24:30,1,r/Unexpected,0,2018-05-17 03:47:14,1,0,1,0
8k0a21,2018-05-17 01:24:30,1,r/Unexpected,0,2018-05-17 03:58:34,1,1,1,0
8k0a21,2018-05-17 01:24:30,1,r/Unexpected,0,2018-05-17 04:02:14,2,0,1,0
8k0a21,2018-05-17 01:24:30,1,r/Unexpected,1,2018-05-17 01:43:32,0,6,3390,0
8k0a21,2018-05-17 01:24:30,1,r/Unexpected,1,2018-05-17 02:08:11,1,2,763,0
8k0a21,2018-05-17 01:24:30,1,r/Unexpected,1,2018-05-17 02:35:54,2,5,195,0
8k0a21,2018-05-17 01:24:30,1,r/Unexpected,1,2018-05-17 03:03:10,3,3,145,0
8k0a21,2018-05-17 01:24:30,1,r/Unexpected,1,2018-05-17 03:09:33,4,3,45,0
8k0a21,2018-05-17 01:24:30,1,r/Unexpected,1,2018-05-17 03:18:51,5,2,40,0
8k0a21,2018-05-17 01:24:30,1,r/Unexpected,1,2018-05-17 04:11:56,6,0,3,0
8k0a21,2018-05-17 01:24:30,1,r/Unexpected,1,2018-05-17 03:18:50,5,1,60,0
8k0a21,2018-05-17 01:24:30,1,r/Unexpected,1,2018-05-17 03:49:56,5,0,1,0
8k0a21,2018-05-17 01:24:30,1,r/Unexpected,1,2018-05-17 03:30:46,4,1,10,0
8k0a21,2018-05-17 01:24:30,1,r/Unexpected,1,2018-05-17 04:58:57,4,0,2,0
8k0a21,2018-05-17 01:24:30,1,r/Unexpected,1,2018-05-17 03:10:05,3,1,8,0
8k0a21,2018-05-17 01:24:30,1,r/Unexpected,1,2018-05-17 03:33:51,3,0,5,0
8k0a21,2018-05-17 01:24:30,1,r/Unexpected,1,2018-05-17 03:01:34,3,0,2,0
8k0a21,2018-05-17 01:24:30,1,r/Unexpected,1,2018-05-17 03:53:36,2,0,1,0
8k0a21,2018-05-17 01:24:30,1,r/Unexpected,1,2018-05-17 03:35:17,1,3,123,0
8k0a21,2018-05-17 01:24:30,1,r/Unexpected,1,2018-05-17 03:39:00,2,3,55,0
8k0a21,2018-05-17 01:24:30,1,r/Unexpected,1,2018-05-17 03:40:52,3,1,25,0
8k0a21,2018-05-17 01:24:30,1,r/Unexpected,1,2018-05-17 04:03:43,3,1,10,0
8k0a21,2018-05-17 01:24:30,1,r/Unexpected,1,2018-05-17 05:04:20,2,0,2,0
8k0a21,2018-05-17 01:24:30,1,r/Unexpected,1,2018-05-17 04:05:11,2,1,3,0
8k0a21,2018-05-17 01:24:30,1,r/Unexpected,1,2018-05-17 04:06:26,3,1,2,0
8k0a21,2018-05-17 01:24:30,1,r/Unexpected,1,2018-05-17 04:11:15,4,0,2,0
8k0a21,2018-05-17 01:24:30,1,r/Unexpected,1,2018-05-17 03:07:35,1,2,73,0
8k0a21,2018-05-17 01:24:30,1,r/Unexpected,1,2018-05-17 04:12:59,2,0,3,0
8k0a21,2018-05-17 01:24:30,1,r/Unexpected,1,2018-05-17 03:35:32,1,2,30,0
8k0a21,2018-05-17 01:24:30,1,r/Unexpected,1,2018-05-17 03:42:03,2,1,17,0
8k0a21,2018-05-17 01:24:30,1,r/Unexpected,1,2018-05-17 03:43:40,3,1,7,0
8k0a21,2018-05-17 01:24:30,1,r/Unexpected,1,2018-05-17 04:05:29,4,1,7,0
8k0a21,2018-05-17 01:24:30,1,r/Unexpected,1,2018-05-17 04:10:02,5,2,4,0
8k0a21,2018-05-17 01:24:30,1,r/Unexpected,1,2018-05-17 04:16:12,6,1,5,0
8k0a21,2018-05-17 01:24:30,1,r/Unexpected,1,2018-05-17 04:44:03,7,3,2,0
8k0a21,2018-05-17 01:24:30,1,r/Unexpected,1,2018-05-17 04:53:53,8,0,2,0
8k0a21,2018-05-17 01:24:30,1,r/Unexpected,1,2018-05-17 04:56:39,8,0,2,0
8k0a21,2018-05-17 01:24:30,1,r/Unexpected,1,2018-05-17 05:00:14,8,1,2,0
8k0a21,2018-05-17 01:24:30,1,r/Unexpected,1,2018-05-17 05:00:32,6,0,2,0
8k0a21,2018-05-17 01:24:30,1,r/Unexpected,1,2018-05-17 03:42:45,2,0,1,0
8k0a21,2018-05-17 01:24:30,1,r/Unexpected,1,2018-05-17 03:44:20,1,0,1,0
8k0a21,2018-05-17 01:24:30,1,r/Unexpected,2,2018-05-17 01:33:30,0,10,1171,0
8k0a21,2018-05-17 01:24:30,1,r/Unexpected,2,2018-05-17 02:45:35,1,4,543,0
8k0a21,2018-05-17 01:24:30,1,r/Unexpected,2,2018-05-17 03:38:09,2,2,194,0
8k0a21,2018-05-17 01:24:30,1,r/Unexpected,2,2018-05-17 03:49:48,3,1,77,0
8k0a21,2018-05-17 01:24:30,1,r/Unexpected,2,2018-05-17 03:51:40,4,2,140,0
8k0a21,2018-05-17 01:24:30,1,r/Unexpected,2,2018-05-17 04:15:08,5,4,54,0
8k0a21,2018-05-17 01:24:30,1,r/Unexpected,2,2018-05-17 04:18:41,6,2,60,0
8k0a21,2018-05-17 01:24:30,1,r/Unexpected,2,2018-05-17 04:27:03,7,2,32,0
8k0a21,2018-05-17 01:24:30,1,r/Unexpected,2,2018-05-17 04:40:45,8,1,16,0
8k0a21,2018-05-17 01:24:30,1,r/Unexpected,2,2018-05-17 05:05:41,9,1,8,0
8k0a21,2018-05-17 01:24:30,1,r/Unexpected,2,2018-05-17 05:01:13,8,0,2,0
8k0a21,2018-05-17 01:24:30,1,r/Unexpected,2,2018-05-17 04:29:21,7,1,4,0
8k0a21,2018-05-17 01:24:30,1,r/Unexpected,2,2018-05-17 04:31:34,8,1,3,0
8k0a21,2018-05-17 01:24:30,1,r/Unexpected,2,2018-05-17 05:07:14,9,0,4,0
8k0a21,2018-05-17 01:24:30,1,r/Unexpected,2,2018-05-17 04:21:21,6,0,8,0
8k0a21,2018-05-17 01:24:30,1,r/Unexpected,2,2018-05-17 04:49:25,6,0,4,0
8k0a21,2018-05-17 01:24:30,1,r/Unexpected,2,2018-05-17 04:20:29,6,0,12,0
8k0a21,2018-05-17 01:24:30,1,r/Unexpected,2,2018-05-17 04:29:27,3,0,8,0
8k0a21,2018-05-17 01:24:30,1,r/Unexpected,2,2018-05-17 03:48:43,2,3,36,0
8k0a21,2018-05-17 01:24:30,1,r/Unexpected,2,2018-05-17 04:03:02,3,2,18,0
8k0a21,2018-05-17 01:24:30,1,r/Unexpected,2,2018-05-17 04:12:15,4,1,15,0
8k0a21,2018-05-17 01:24:30,1,r/Unexpected,2,2018-05-17 04:03:44,3,0,4,0
8k0a21,2018-05-17 01:24:30,1,r/Unexpected,2,2018-05-17 04:09:21,2,0,4,0
8k0a21,2018-05-17 01:24:30,1,r/Unexpected,2,2018-05-17 03:01:18,1,1,25,0
8k0a21,2018-05-17 01:24:30,1,r/Unexpected,2,2018-05-17 04:55:18,2,1,6,0
8k0a21,2018-05-17 01:24:30,1,r/Unexpected,2,2018-05-17 04:57:46,3,0,2,0
8k0a21,2018-05-17 01:24:30,1,r/Unexpected,2,2018-05-17 01:43:57,1,2,80,0
8k0a21,2018-05-17 01:24:30,1,r/Unexpected,2,2018-05-17 02:16:06,2,2,63,0
8k0a21,2018-05-17 01:24:30,1,r/Unexpected,2,2018-05-17 02:32:38,3,4,9,0
8k0a21,2018-05-17 01:24:30,1,r/Unexpected,2,2018-05-17 02:41:59,4,2,36,0
8k0a21,2018-05-17 01:24:30,1,r/Unexpected,2,2018-05-17 02:52:35,5,1,5,0
8k0a21,2018-05-17 01:24:30,1,r/Unexpected,2,2018-05-17 03:08:31,6,0,10,0
8k0a21,2018-05-17 01:24:30,1,r/Unexpected,2,2018-05-17 02:42:11,4,0,15,0
8k0a21,2018-05-17 01:24:30,1,r/Unexpected,2,2018-05-17 03:46:17,4,0,3,0
8k0a21,2018-05-17 01:24:30,1,r/Unexpected,2,2018-05-17 03:54:11,4,0,2,0
8k0a21,2018-05-17 01:24:30,1,r/Unexpected,2,2018-05-17 03:36:38,2,0,7,0
8k0a21,2018-05-17 01:24:30,1,r/Unexpected,2,2018-05-17 04:11:22,1,0,8,0
8k0a21,2018-05-17 01:24:30,1,r/Unexpected,2,2018-05-17 01:59:23,1,12,65,0
8k0a21,2018-05-17 01:24:30,1,r/Unexpected,2,2018-05-17 02:27:11,2,22,389,0
8k0a21,2018-05-17 01:24:30,1,r/Unexpected,2,2018-05-17 02:44:13,3,4,125,0
8k0a21,2018-05-17 01:24:30,1,r/Unexpected,2,2018-05-17 02:58:19,4,2,102,0
8k0a21,2018-05-17 01:24:30,1,r/Unexpected,2,2018-05-17 03:01:12,5,3,32,0
8k0a21,2018-05-17 01:24:30,1,r/Unexpected,2,2018-05-17 03:25:01,6,0,6,0
8k0a21,2018-05-17 01:24:30,1,r/Unexpected,2,2018-05-17 03:19:43,6,2,21,0
8k0a21,2018-05-17 01:24:30,1,r/Unexpected,2,2018-05-17 03:24:27,7,0,13,0
8k0a21,2018-05-17 01:24:30,1,r/Unexpected,2,2018-05-17 03:53:46,6,0,1,0
8k0a21,2018-05-17 01:24:30,1,r/Unexpected,2,2018-05-17 03:10:47,4,0,21,0
8k0a21,2018-05-17 01:24:30,1,r/Unexpected,2,2018-05-17 03:12:34,4,2,7,0
8k0a21,2018-05-17 01:24:30,1,r/Unexpected,2,2018-05-17 03:56:39,5,0,5,0
8k0a21,2018-05-17 01:24:30,1,r/Unexpected,2,2018-05-17 03:21:49,3,3,34,0
8k0a21,2018-05-17 01:24:30,1,r/Unexpected,2,2018-05-17 03:53:19,4,1,9,0
8k0a21,2018-05-17 01:24:30,1,r/Unexpected,2,2018-05-17 04:28:10,5,1,4,0
8k0a21,2018-05-17 01:24:30,1,r/Unexpected,2,2018-05-17 04:31:31,6,0,4,0
8k0a21,2018-05-17 01:24:30,1,r/Unexpected,2,2018-05-17 04:06:38,4,1,5,0
8k0a21,2018-05-17 01:24:30,1,r/Unexpected,2,2018-05-17 05:04:31,4,1,2,0
8k0a21,2018-05-17 01:24:30,1,r/Unexpected,2,2018-05-17 03:14:04,3,3,19,0
8k0a21,2018-05-17 01:24:30,1,r/Unexpected,2,2018-05-17 03:22:04,4,2,15,0
8k0a21,2018-05-17 01:24:30,1,r/Unexpected,2,2018-05-17 03:24:43,5,1,10,0
8k0a21,2018-05-17 01:24:30,1,r/Unexpected,2,2018-05-17 04:03:04,6,1,4,0
8k0a21,2018-05-17 01:24:30,1,r/Unexpected,2,2018-05-17 04:06:37,7,0,3,0
8k0a21,2018-05-17 01:24:30,1,r/Unexpected,2,2018-05-17 03:42:08,5,0,4,0
8k0a21,2018-05-17 01:24:30,1,r/Unexpected,2,2018-05-17 03:53:31,4,0,1,0
8k0a21,2018-05-17 01:24:30,1,r/Unexpected,2,2018-05-17 02:41:11,3,1,14,0
8k0a21,2018-05-17 01:24:30,1,r/Unexpected,2,2018-05-17 03:12:41,4,3,10,0
8k0a21,2018-05-17 01:24:30,1,r/Unexpected,2,2018-05-17 03:33:22,5,2,3,0
8k0a21,2018-05-17 01:24:30,1,r/Unexpected,2,2018-05-17 03:57:06,6,0,1,0
8k0a21,2018-05-17 01:24:30,1,r/Unexpected,2,2018-05-17 04:49:04,5,0,2,0
8k0a21,2018-05-17 01:24:30,1,r/Unexpected,2,2018-05-17 03:39:07,5,0,1,0
8k0a21,2018-05-17 01:24:30,1,r/Unexpected,2,2018-05-17 03:29:46,3,0,11,0
8k0a21,2018-05-17 01:24:30,1,r/Unexpected,2,2018-05-17 03:29:48,3,0,4,0
8k0a21,2018-05-17 01:24:30,1,r/Unexpected,2,2018-05-17 03:12:36,3,0,9,0
8k0a21,2018-05-17 01:24:30,1,r/Unexpected,2,2018-05-17 03:20:07,3,0,3,0
8k0a21,2018-05-17 01:24:30,1,r/Unexpected,2,2018-05-17 03:16:49,3,0,6,0
8k0a21,2018-05-17 01:24:30,1,r/Unexpected,2,2018-05-17 04:35:06,3,0,2,0
8k0a21,2018-05-17 01:24:30,1,r/Unexpected,2,2018-05-17 04:39:34,3,0,2,0
8k0a21,2018-05-17 01:24:30,1,r/Unexpected,2,2018-05-17 03:18:19,3,0,1,0
8k0a21,2018-05-17 01:24:30,1,r/Unexpected,2,2018-05-17 03:20:30,3,0,1,0
8k0a21,2018-05-17 01:24:30,1,r/Unexpected,2,2018-05-17 03:25:21,3,1,1,0
8k0a21,2018-05-17 01:24:30,1,r/Unexpected,2,2018-05-17 03:41:21,4,1,1,0
8k0a21,2018-05-17 01:24:30,1,r/Unexpected,2,2018-05-17 03:42:03,5,0,1,0
8k0a21,2018-05-17 01:24:30,1,r/Unexpected,2,2018-05-17 03:37:09,3,0,1,0
8k0a21,2018-05-17 01:24:30,1,r/Unexpected,2,2018-05-17 03:39:36,3,0,1,0
8k0a21,2018-05-17 01:24:30,1,r/Unexpected,2,2018-05-17 03:39:39,3,0,1,0
8k0a21,2018-05-17 01:24:30,1,r/Unexpected,2,2018-05-17 03:41:12,3,0,1,0
8k0a21,2018-05-17 01:24:30,1,r/Unexpected,2,2018-05-17 03:42:43,3,0,1,0
8k0a21,2018-05-17 01:24:30,1,r/Unexpected,2,2018-05-17 03:54:40,3,0,1,0
8k0a21,2018-05-17 01:24:30,1,r/Unexpected,2,2018-05-17 03:56:15,3,0,1,0
8k0a21,2018-05-17 01:24:30,1,r/Unexpected,2,2018-05-17 02:17:21,2,1,47,0
8k0a21,2018-05-17 01:24:30,1,r/Unexpected,2,2018-05-17 02:49:12,3,1,21,0
8k0a21,2018-05-17 01:24:30,1,r/Unexpected,2,2018-05-17 02:48:37,2,2,17,0
8k0a21,2018-05-17 01:24:30,1,r/Unexpected,2,2018-05-17 04:16:42,3,0,3,0
8k0a21,2018-05-17 01:24:30,1,r/Unexpected,2,2018-05-17 02:03:00,2,4,12,0
8k0a21,2018-05-17 01:24:30,1,r/Unexpected,2,2018-05-17 02:10:26,3,1,8,0
8k0a21,2018-05-17 01:24:30,1,r/Unexpected,2,2018-05-17 03:45:58,4,1,3,0
8k0a21,2018-05-17 01:24:30,1,r/Unexpected,2,2018-05-17 02:08:09,3,1,3,0
8k0a21,2018-05-17 01:24:30,1,r/Unexpected,2,2018-05-17 03:47:57,4,0,2,0
8k0a21,2018-05-17 01:24:30,1,r/Unexpected,2,2018-05-17 03:48:15,3,0,2,0
8k0a21,2018-05-17 01:24:30,1,r/Unexpected,2,2018-05-17 03:46:25,3,0,1,0
8k0a21,2018-05-17 01:24:30,1,r/Unexpected,2,2018-05-17 03:22:05,2,0,3,0
8k0a21,2018-05-17 01:24:30,1,r/Unexpected,2,2018-05-17 03:19:56,2,0,10,0
8k0a21,2018-05-17 01:24:30,1,r/Unexpected,2,2018-05-17 02:42:54,2,1,6,0
8k0a21,2018-05-17 01:24:30,1,r/Unexpected,2,2018-05-17 04:13:44,3,0,2,0
8k0a21,2018-05-17 01:24:30,1,r/Unexpected,2,2018-05-17 03:21:53,2,1,2,0
8k0a21,2018-05-17 01:24:30,1,r/Unexpected,2,2018-05-17 03:32:33,2,0,2,0
8k0a21,2018-05-17 01:24:30,1,r/Unexpected,2,2018-05-17 03:53:10,2,0,2,0
8k0a21,2018-05-17 01:24:30,1,r/Unexpected,2,2018-05-17 04:02:23,2,0,1,0
8k0a21,2018-05-17 01:24:30,1,r/Unexpected,2,2018-05-17 02:48:57,1,0,2,0
8k0a21,2018-05-17 01:24:30,1,r/Unexpected,2,2018-05-17 03:43:19,1,0,1,0
8k0a21,2018-05-17 01:24:30,1,r/Unexpected,2,2018-05-17 03:55:43,1,0,1,0
8k0a21,2018-05-17 01:24:30,1,r/Unexpected,2,2018-05-17 03:55:53,1,0,1,0
8k0a21,2018-05-17 01:24:30,1,r/Unexpected,3,2018-05-17 03:06:36,0,10,367,0
8k0a21,2018-05-17 01:24:30,1,r/Unexpected,3,2018-05-17 03:29:07,1,6,329,0
8k0a21,2018-05-17 01:24:30,1,r/Unexpected,3,2018-05-17 03:47:11,2,4,85,0
8k0a21,2018-05-17 01:24:30,1,r/Unexpected,3,2018-05-17 04:10:53,3,1,63,0
8k0a21,2018-05-17 01:24:30,1,r/Unexpected,3,2018-05-17 04:12:09,3,0,17,0
8k0a21,2018-05-17 01:24:30,1,r/Unexpected,3,2018-05-17 04:20:04,3,0,1,0
8k0a21,2018-05-17 01:24:30,1,r/Unexpected,3,2018-05-17 04:02:16,2,1,20,0
8k0a21,2018-05-17 01:24:30,1,r/Unexpected,3,2018-05-17 03:40:59,2,0,14,0
8k0a21,2018-05-17 01:24:30,1,r/Unexpected,3,2018-05-17 04:09:01,2,1,24,0
8k0a21,2018-05-17 01:24:30,1,r/Unexpected,3,2018-05-17 04:44:43,2,0,2,0
8k0a21,2018-05-17 01:24:30,1,r/Unexpected,3,2018-05-17 03:40:05,1,2,68,0
8k0a21,2018-05-17 01:24:30,1,r/Unexpected,3,2018-05-17 04:38:33,2,1,45,0
8k0a21,2018-05-17 01:24:30,1,r/Unexpected,3,2018-05-17 04:55:54,3,0,4,0
8k0a21,2018-05-17 01:24:30,1,r/Unexpected,3,2018-05-17 04:36:25,2,0,3,0
8k0a21,2018-05-17 01:24:30,1,r/Unexpected,3,2018-05-17 03:49:34,1,0,44,0
8k0a21,2018-05-17 01:24:30,1,r/Unexpected,3,2018-05-17 03:19:43,1,1,22,0
8k0a21,2018-05-17 01:24:30,1,r/Unexpected,3,2018-05-17 03:27:31,2,1,19,0
8k0a21,2018-05-17 01:24:30,1,r/Unexpected,3,2018-05-17 04:52:41,3,0,2,0
8k0a21,2018-05-17 01:24:30,1,r/Unexpected,3,2018-05-17 03:43:23,1,1,42,0
8k0a21,2018-05-17 01:24:30,1,r/Unexpected,3,2018-05-17 04:54:18,2,0,4,0
8k0a21,2018-05-17 01:24:30,1,r/Unexpected,3,2018-05-17 04:40:30,1,0,12,0
8k0a21,2018-05-17 01:24:30,1,r/Unexpected,3,2018-05-17 04:54:27,1,0,7,0
8k0a21,2018-05-17 01:24:30,1,r/Unexpected,3,2018-05-17 04:11:58,1,0,2,0
8k0a21,2018-05-17 01:24:30,1,r/Unexpected,3,2018-05-17 04:42:32,1,0,2,0
8k0a21,2018-05-17 01:24:30,1,r/Unexpected,4,2018-05-17 02:10:32,0,3,95,0
8k0a21,2018-05-17 01:24:30,1,r/Unexpected,4,2018-05-17 02:46:26,1,0,34,0
8k0a21,2018-05-17 01:24:30,1,r/Unexpected,4,2018-05-17 04:20:39,1,1,17,0
8k0a21,2018-05-17 01:24:30,1,r/Unexpected,4,2018-05-17 04:43:00,2,1,3,0
8k0a21,2018-05-17 01:24:30,1,r/Unexpected,4,2018-05-17 05:09:23,3,0,2,0
8k0a21,2018-05-17 01:24:30,1,r/Unexpected,4,2018-05-17 04:48:38,1,1,3,0
8k0a21,2018-05-17 01:24:30,1,r/Unexpected,5,2018-05-17 01:53:35,0,3,555,0
8k0a21,2018-05-17 01:24:30,1,r/Unexpected,5,2018-05-17 02:12:50,1,5,72,0
8k0a21,2018-05-17 01:24:30,1,r/Unexpected,5,2018-05-17 02:51:38,2,3,31,0
8k0a21,2018-05-17 01:24:30,1,r/Unexpected,5,2018-05-17 04:00:06,3,0,7,0
8k0a21,2018-05-17 01:24:30,1,r/Unexpected,5,2018-05-17 04:01:46,3,1,3,0
8k0a21,2018-05-17 01:24:30,1,r/Unexpected,5,2018-05-17 02:22:58,2,1,10,0
8k0a21,2018-05-17 01:24:30,1,r/Unexpected,5,2018-05-17 03:52:17,3,0,1,0
8k0a21,2018-05-17 01:24:30,1,r/Unexpected,5,2018-05-17 04:07:32,2,1,2,0
8k0a21,2018-05-17 01:24:30,1,r/Unexpected,5,2018-05-17 03:48:56,2,1,1,0
8k0a21,2018-05-17 01:24:30,1,r/Unexpected,5,2018-05-17 03:23:57,1,0,4,0
8k0a21,2018-05-17 01:24:30,1,r/Unexpected,6,2018-05-17 02:02:00,0,7,236,0
8k0a21,2018-05-17 01:24:30,1,r/Unexpected,6,2018-05-17 03:06:13,1,1,106,0
8k0a21,2018-05-17 01:24:30,1,r/Unexpected,6,2018-05-17 04:27:49,2,4,21,0
8k0a21,2018-05-17 01:24:30,1,r/Unexpected,6,2018-05-17 04:50:18,3,1,11,0
8k0a21,2018-05-17 01:24:30,1,r/Unexpected,6,2018-05-17 04:55:53,3,0,6,0
8k0a21,2018-05-17 01:24:30,1,r/Unexpected,6,2018-05-17 04:50:47,3,0,2,0
8k0a21,2018-05-17 01:24:30,1,r/Unexpected,6,2018-05-17 03:24:19,1,2,29,0
8k0a21,2018-05-17 01:24:30,1,r/Unexpected,6,2018-05-17 04:15:37,2,2,18,0
8k0a21,2018-05-17 01:24:30,1,r/Unexpected,6,2018-05-17 04:59:25,3,2,6,0
8k0a21,2018-05-17 01:24:30,1,r/Unexpected,6,2018-05-17 05:04:08,4,0,3,0
8k0a21,2018-05-17 01:24:30,1,r/Unexpected,6,2018-05-17 05:07:56,4,1,2,0
8k0a21,2018-05-17 01:24:30,1,r/Unexpected,6,2018-05-17 05:02:25,3,0,2,0
8k0a21,2018-05-17 01:24:30,1,r/Unexpected,6,2018-05-17 04:58:02,2,0,2,0
8k0a21,2018-05-17 01:24:30,1,r/Unexpected,6,2018-05-17 02:05:07,1,1,36,0
8k0a21,2018-05-17 01:24:30,1,r/Unexpected,6,2018-05-17 03:08:46,2,3,61,0
8k0a21,2018-05-17 01:24:30,1,r/Unexpected,6,2018-05-17 04:10:46,3,1,11,0
8k0a21,2018-05-17 01:24:30,1,r/Unexpected,6,2018-05-17 04:55:26,4,1,2,0
8k0a21,2018-05-17 01:24:30,1,r/Unexpected,6,2018-05-17 04:25:43,3,0,4,0
8k0a21,2018-05-17 01:24:30,1,r/Unexpected,6,2018-05-17 03:57:54,1,3,16,0
8k0a21,2018-05-17 01:24:30,1,r/Unexpected,6,2018-05-17 04:10:08,2,1,15,0
8k0a21,2018-05-17 01:24:30,1,r/Unexpected,6,2018-05-17 04:16:40,3,3,7,0
8k0a21,2018-05-17 01:24:30,1,r/Unexpected,6,2018-05-17 04:27:13,4,1,4,0
8k0a21,2018-05-17 01:24:30,1,r/Unexpected,6,2018-05-17 04:20:20,4,0,3,0
8k0a21,2018-05-17 01:24:30,1,r/Unexpected,6,2018-05-17 04:13:34,2,0,2,0
8k0a21,2018-05-17 01:24:30,1,r/Unexpected,6,2018-05-17 04:08:03,1,0,2,0
8k0a21,2018-05-17 01:24:30,1,r/Unexpected,6,2018-05-17 04:03:41,1,0,1,0
8k0a21,2018-05-17 01:24:30,1,r/Unexpected,7,2018-05-17 02:39:30,0,9,381,0
8k0a21,2018-05-17 01:24:30,1,r/Unexpected,7,2018-05-17 03:10:58,1,2,64,0
8k0a21,2018-05-17 01:24:30,1,r/Unexpected,7,2018-05-17 03:27:27,2,1,36,0
8k0a21,2018-05-17 01:24:30,1,r/Unexpected,7,2018-05-17 03:31:45,3,1,23,0
8k0a21,2018-05-17 01:24:30,1,r/Unexpected,7,2018-05-17 03:44:05,4,1,15,0
8k0a21,2018-05-17 01:24:30,1,r/Unexpected,7,2018-05-17 04:39:47,5,0,3,0
8k0a21,2018-05-17 01:24:30,1,r/Unexpected,7,2018-05-17 03:26:38,1,1,29,0
8k0a21,2018-05-17 01:24:30,1,r/Unexpected,7,2018-05-17 03:32:11,2,0,11,0
8k0a21,2018-05-17 01:24:30,1,r/Unexpected,7,2018-05-17 03:26:26,1,1,17,0
8k0a21,2018-05-17 01:24:30,1,r/Unexpected,7,2018-05-17 04:28:57,2,0,3,0
8k0a21,2018-05-17 01:24:30,1,r/Unexpected,7,2018-05-17 03:39:08,1,0,7,0
8k0a21,2018-05-17 01:24:30,1,r/Unexpected,7,2018-05-17 03:48:17,1,0,3,0
8k0a21,2018-05-17 01:24:30,1,r/Unexpected,7,2018-05-17 04:00:03,1,0,3,0
8k0a21,2018-05-17 01:24:30,1,r/Unexpected,7,2018-05-17 04:33:19,1,0,3,0
8k0a21,2018-05-17 01:24:30,1,r/Unexpected,7,2018-05-17 03:31:15,1,1,4,0
8k0a21,2018-05-17 01:24:30,1,r/Unexpected,7,2018-05-17 03:45:34,2,1,10,0
8k0a21,2018-05-17 01:24:30,1,r/Unexpected,7,2018-05-17 04:19:23,3,0,3,0
8k0a21,2018-05-17 01:24:30,1,r/Unexpected,8,2018-05-17 02:00:41,0,2,328,0
8k0a21,2018-05-17 01:24:30,1,r/Unexpected,8,2018-05-17 02:54:09,1,1,32,0
8k0a21,2018-05-17 01:24:30,1,r/Unexpected,8,2018-05-17 03:22:31,2,1,3,0
8k0a21,2018-05-17 01:24:30,1,r/Unexpected,8,2018-05-17 03:38:18,3,0,3,0
8k0a21,2018-05-17 01:24:30,1,r/Unexpected,9,2018-05-17 02:30:54,0,1,48,0
8k0a21,2018-05-17 01:24:30,1,r/Unexpected,9,2018-05-17 03:19:18,1,0,15,0
8k0a21,2018-05-17 01:24:30,1,r/Unexpected,10,2018-05-17 02:19:09,0,2,83,0
8k0a21,2018-05-17 01:24:30,1,r/Unexpected,10,2018-05-17 03:40:17,1,1,26,0
8k0a21,2018-05-17 01:24:30,1,r/Unexpected,10,2018-05-17 04:13:42,2,1,12,0
8k0a21,2018-05-17 01:24:30,1,r/Unexpected,11,2018-05-17 03:19:03,0,0,27,0
8k0a21,2018-05-17 01:24:30,1,r/Unexpected,12,2018-05-17 02:00:27,0,14,199,0
8k0a21,2018-05-17 01:24:30,1,r/Unexpected,12,2018-05-17 02:17:14,1,4,323,0
8k0a21,2018-05-17 01:24:30,1,r/Unexpected,12,2018-05-17 02:39:53,2,1,51,0
8k0a21,2018-05-17 01:24:30,1,r/Unexpected,12,2018-05-17 03:14:55,3,3,90,0
8k0a21,2018-05-17 01:24:30,1,r/Unexpected,12,2018-05-17 04:08:47,4,1,15,0
8k0a21,2018-05-17 01:24:30,1,r/Unexpected,12,2018-05-17 04:09:22,5,1,6,0
8k0a21,2018-05-17 01:24:30,1,r/Unexpected,12,2018-05-17 03:18:27,4,1,9,0
8k0a21,2018-05-17 01:24:30,1,r/Unexpected,12,2018-05-17 03:22:52,5,0,24,0
8k0a21,2018-05-17 01:24:30,1,r/Unexpected,12,2018-05-17 03:24:14,2,0,3,0
8k0a21,2018-05-17 01:24:30,1,r/Unexpected,12,2018-05-17 03:41:55,2,1,1,0
8k0a21,2018-05-17 01:24:30,1,r/Unexpected,12,2018-05-17 03:56:07,3,0,2,0
8k0a21,2018-05-17 01:24:30,1,r/Unexpected,12,2018-05-17 02:56:07,1,2,23,0
8k0a21,2018-05-17 01:24:30,1,r/Unexpected,12,2018-05-17 04:02:03,2,1,1,0
8k0a21,2018-05-17 01:24:30,1,r/Unexpected,12,2018-05-17 03:15:31,1,1,17,0
8k0a21,2018-05-17 01:24:30,1,r/Unexpected,12,2018-05-17 02:47:42,1,1,48,0
8k0a21,2018-05-17 01:24:30,1,r/Unexpected,12,2018-05-17 03:12:48,1,1,4,0
8k0a21,2018-05-17 01:24:30,1,r/Unexpected,12,2018-05-17 04:03:38,2,1,1,0
8k0a21,2018-05-17 01:24:30,1,r/Unexpected,12,2018-05-17 03:56:51,1,0,3,0
8k0a21,2018-05-17 01:24:30,1,r/Unexpected,12,2018-05-17 03:16:16,1,0,5,0
8k0a21,2018-05-17 01:24:30,1,r/Unexpected,12,2018-05-17 03:18:10,1,0,2,0
8k0a21,2018-05-17 01:24:30,1,r/Unexpected,12,2018-05-17 03:52:49,1,1,2,0
8k0a21,2018-05-17 01:24:30,1,r/Unexpected,12,2018-05-17 04:04:46,2,1,1,0
8k0a21,2018-05-17 01:24:30,1,r/Unexpected,12,2018-05-17 04:11:07,1,1,2,0
8k0a21,2018-05-17 01:24:30,1,r/Unexpected,12,2018-05-17 04:11:31,1,0,2,0
8k0a21,2018-05-17 01:24:30,1,r/Unexpected,12,2018-05-17 03:55:13,1,0,3,0
8k0a21,2018-05-17 01:24:30,1,r/Unexpected,12,2018-05-17 03:07:25,1,1,1,0
8k0a21,2018-05-17 01:24:30,1,r/Unexpected,12,2018-05-17 03:13:24,2,1,7,0
8k0a21,2018-05-17 01:24:30,1,r/Unexpected,12,2018-05-17 03:16:12,3,0,3,0
8k0a21,2018-05-17 01:24:30,1,r/Unexpected,13,2018-05-17 02:32:26,0,1,20,0
8k0a21,2018-05-17 01:24:30,1,r/Unexpected,13,2018-05-17 03:59:50,1,0,2,0
8k0a21,2018-05-17 01:24:30,1,r/Unexpected,14,2018-05-17 03:11:53,0,2,32,0
8k0a21,2018-05-17 01:24:30,1,r/Unexpected,14,2018-05-17 04:18:20,1,0,8,0
8k0a21,2018-05-17 01:24:30,1,r/Unexpected,15,2018-05-17 03:11:51,0,0,14,0
8k0a21,2018-05-17 01:24:30,1,r/Unexpected,16,2018-05-17 02:27:10,0,4,52,0
8k0a21,2018-05-17 01:24:30,1,r/Unexpected,16,2018-05-17 02:47:49,1,3,81,0
8k0a21,2018-05-17 01:24:30,1,r/Unexpected,16,2018-05-17 02:49:12,2,1,22,0
8k0a21,2018-05-17 01:24:30,1,r/Unexpected,16,2018-05-17 03:50:58,3,0,2,0
8k0a21,2018-05-17 01:24:30,1,r/Unexpected,16,2018-05-17 03:55:04,2,0,3,0
8k0a21,2018-05-17 01:24:30,1,r/Unexpected,16,2018-05-17 03:21:07,1,3,45,0
8k0a21,2018-05-17 01:24:30,1,r/Unexpected,16,2018-05-17 03:38:46,2,2,3,0
8k0a21,2018-05-17 01:24:30,1,r/Unexpected,16,2018-05-17 03:45:29,3,1,4,0
8k0a21,2018-05-17 01:24:30,1,r/Unexpected,16,2018-05-17 03:48:27,4,1,5,0
8k0a21,2018-05-17 01:24:30,1,r/Unexpected,16,2018-05-17 03:53:50,3,0,1,0
8k0a21,2018-05-17 01:24:30,1,r/Unexpected,16,2018-05-17 03:41:06,2,0,2,0
8k0a21,2018-05-17 01:24:30,1,r/Unexpected,16,2018-05-17 04:14:08,1,1,2,0
8k0a21,2018-05-17 01:24:30,1,r/Unexpected,17,2018-05-17 01:58:47,0,2,20,0
8k0a21,2018-05-17 01:24:30,1,r/Unexpected,17,2018-05-17 02:24:33,1,2,22,0
8k0a21,2018-05-17 01:24:30,1,r/Unexpected,17,2018-05-17 03:55:30,2,0,2,0
8k0a21,2018-05-17 01:24:30,1,r/Unexpected,18,2018-05-17 03:36:20,0,0,8,0
8k0a21,2018-05-17 01:24:30,1,r/Unexpected,19,2018-05-17 03:10:07,0,0,7,0
8k0a21,2018-05-17 01:24:30,1,r/Unexpected,20,2018-05-17 02:02:38,0,1,12,0
8k0a21,2018-05-17 01:24:30,1,r/Unexpected,21,2018-05-17 03:49:41,0,2,6,0
8k0a21,2018-05-17 01:24:30,1,r/Unexpected,21,2018-05-17 03:50:15,1,1,2,0
8k0a21,2018-05-17 01:24:30,1,r/Unexpected,21,2018-05-17 03:51:23,2,2,3,0
8k0a21,2018-05-17 01:24:30,1,r/Unexpected,21,2018-05-17 03:58:27,3,1,1,0
8k0a21,2018-05-17 01:24:30,1,r/Unexpected,21,2018-05-17 04:26:08,4,0,3,0
8k0a21,2018-05-17 01:24:30,1,r/Unexpected,22,2018-05-17 03:59:41,0,1,6,0
8k0a21,2018-05-17 01:24:30,1,r/Unexpected,22,2018-05-17 04:04:19,1,0,0,0
8k0a21,2018-05-17 01:24:30,1,r/Unexpected,23,2018-05-17 03:17:50,0,0,4,0
8k0a21,2018-05-17 01:24:30,1,r/Unexpected,24,2018-05-17 02:27:47,0,0,4,0
8k0a21,2018-05-17 01:24:30,1,r/Unexpected,25,2018-05-17 02:43:11,0,1,4,0
8k0a21,2018-05-17 01:24:30,1,r/Unexpected,25,2018-05-17 02:57:42,1,0,2,0
8k0a21,2018-05-17 01:24:30,1,r/Unexpected,26,2018-05-17 03:14:23,0,3,3,0
8k0a21,2018-05-17 01:24:30,1,r/Unexpected,26,2018-05-17 03:57:35,1,1,5,0
8k0a21,2018-05-17 01:24:30,1,r/Unexpected,26,2018-05-17 04:03:54,2,1,1,0
8k0a21,2018-05-17 01:24:30,1,r/Unexpected,26,2018-05-17 04:49:46,1,0,2,0
8k0a21,2018-05-17 01:24:30,1,r/Unexpected,27,2018-05-17 03:15:09,0,0,5,0
8k0a21,2018-05-17 01:24:30,1,r/Unexpected,28,2018-05-17 03:18:18,0,1,2,0
8k0a21,2018-05-17 01:24:30,1,r/Unexpected,28,2018-05-17 03:50:11,1,0,2,0
8k0a21,2018-05-17 01:24:30,1,r/Unexpected,29,2018-05-17 03:19:09,0,0,3,0
8k0a21,2018-05-17 01:24:30,1,r/Unexpected,30,2018-05-17 03:30:51,0,1,3,0
8k0a21,2018-05-17 01:24:30,1,r/Unexpected,31,2018-05-17 02:58:48,0,0,3,0
8k0a21,2018-05-17 01:24:30,1,r/Unexpected,32,2018-05-17 03:01:44,0,0,3,0
8k0a21,2018-05-17 01:24:30,1,r/Unexpected,33,2018-05-17 03:12:07,0,2,3,0
8k0a21,2018-05-17 01:24:30,1,r/Unexpected,33,2018-05-17 03:32:59,1,0,1,0
8k0a21,2018-05-17 01:24:30,1,r/Unexpected,33,2018-05-17 04:03:50,1,0,1,0
8k0a21,2018-05-17 01:24:30,1,r/Unexpected,34,2018-05-17 03:15:06,0,0,3,0
8k0a21,2018-05-17 01:24:30,1,r/Unexpected,35,2018-05-17 03:20:23,0,0,3,0
8k0a21,2018-05-17 01:24:30,1,r/Unexpected,36,2018-05-17 03:20:24,0,1,3,0
8k0a21,2018-05-17 01:24:30,1,r/Unexpected,36,2018-05-17 04:01:04,1,0,3,0
8k0a21,2018-05-17 01:24:30,1,r/Unexpected,37,2018-05-17 04:44:52,0,1,3,0
8k0a21,2018-05-17 01:24:30,1,r/Unexpected,38,2018-05-17 01:48:24,0,1,4,0
8k0a21,2018-05-17 01:24:30,1,r/Unexpected,39,2018-05-17 02:13:10,0,0,4,0
8k0a21,2018-05-17 01:24:30,1,r/Unexpected,40,2018-05-17 02:14:51,0,0,5,0
8k0a21,2018-05-17 01:24:30,1,r/Unexpected,41,2018-05-17 03:04:34,0,0,2,0
8k0a21,2018-05-17 01:24:30,1,r/Unexpected,42,2018-05-17 03:05:02,0,0,2,0
8k0a21,2018-05-17 01:24:30,1,r/Unexpected,43,2018-05-17 03:06:18,0,0,2,0
8k0a21,2018-05-17 01:24:30,1,r/Unexpected,44,2018-05-17 03:10:40,0,0,2,0
8k0a21,2018-05-17 01:24:30,1,r/Unexpected,45,2018-05-17 03:10:53,0,0,2,0
8k0a21,2018-05-17 01:24:30,1,r/Unexpected,46,2018-05-17 03:12:05,0,0,2,0
8k0a21,2018-05-17 01:24:30,1,r/Unexpected,47,2018-05-17 03:16:10,0,0,2,0
8k0a21,2018-05-17 01:24:30,1,r/Unexpected,48,2018-05-17 03:16:18,0,0,2,0
8k0a21,2018-05-17 01:24:30,1,r/Unexpected,49,2018-05-17 03:17:06,0,2,2,0
8k0a21,2018-05-17 01:24:30,1,r/Unexpected,49,2018-05-17 04:01:50,1,0,1,0
8k0a21,2018-05-17 01:24:30,1,r/Unexpected,50,2018-05-17 03:17:55,0,0,2,0
8k0a21,2018-05-17 01:24:30,1,r/Unexpected,51,2018-05-17 03:20:18,0,0,2,0
8k0a21,2018-05-17 01:24:30,1,r/Unexpected,52,2018-05-17 03:21:11,0,0,2,0
8k0a21,2018-05-17 01:24:30,1,r/Unexpected,53,2018-05-17 03:28:10,0,0,2,0
8k0a21,2018-05-17 01:24:30,1,r/Unexpected,54,2018-05-17 03:33:06,0,0,2,0
8k0a21,2018-05-17 01:24:30,1,r/Unexpected,55,2018-05-17 03:35:18,0,0,2,0
8k0a21,2018-05-17 01:24:30,1,r/Unexpected,56,2018-05-17 03:40:27,0,0,2,0
8k0a21,2018-05-17 01:24:30,1,r/Unexpected,57,2018-05-17 03:46:23,0,1,2,0
8k0a21,2018-05-17 01:24:30,1,r/Unexpected,58,2018-05-17 03:49:23,0,1,2,0
8k0a21,2018-05-17 01:24:30,1,r/Unexpected,59,2018-05-17 03:54:11,0,1,2,0
8k0a21,2018-05-17 01:24:30,1,r/Unexpected,60,2018-05-17 03:59:43,0,0,2,0
8k0a21,2018-05-17 01:24:30,1,r/Unexpected,61,2018-05-17 03:59:48,0,0,2,0
8k0a21,2018-05-17 01:24:30,1,r/Unexpected,62,2018-05-17 04:03:21,0,0,2,0
8k0a21,2018-05-17 01:24:30,1,r/Unexpected,63,2018-05-17 04:03:40,0,0,2,0
8k0a21,2018-05-17 01:24:30,1,r/Unexpected,64,2018-05-17 04:43:45,0,0,2,0
8k0a21,2018-05-17 01:24:30,1,r/Unexpected,65,2018-05-17 05:01:11,0,0,2,0
8k0a21,2018-05-17 01:24:30,1,r/Unexpected,66,2018-05-17 05:02:24,0,0,2,0
8k0a21,2018-05-17 01:24:30,1,r/Unexpected,67,2018-05-17 05:05:11,0,0,2,0
8k0a21,2018-05-17 01:24:30,1,r/Unexpected,68,2018-05-17 05:11:20,0,0,2,0
8k0a21,2018-05-17 01:24:30,1,r/Unexpected,69,2018-05-17 04:05:25,0,0,4,0
8k0a21,2018-05-17 01:24:30,1,r/Unexpected,70,2018-05-17 02:02:28,0,0,3,0
8k0a21,2018-05-17 01:24:30,1,r/Unexpected,71,2018-05-17 01:46:41,0,1,4,0
8k0a21,2018-05-17 01:24:30,1,r/Unexpected,72,2018-05-17 04:00:02,0,0,2,0
8k0a21,2018-05-17 01:24:30,1,r/Unexpected,73,2018-05-17 02:20:51,0,0,3,0
8k0a21,2018-05-17 01:24:30,1,r/Unexpected,74,2018-05-17 03:43:01,0,0,2,0
8k0a21,2018-05-17 01:24:30,1,r/Unexpected,75,2018-05-17 04:00:52,0,1,2,0
8k0a21,2018-05-17 01:24:30,1,r/Unexpected,75,2018-05-17 04:02:23,1,1,4,0
8k0a21,2018-05-17 01:24:30,1,r/Unexpected,76,2018-05-17 02:16:39,0,0,1,0
8k0a21,2018-05-17 01:24:30,1,r/Unexpected,77,2018-05-17 02:46:12,0,0,1,0
8k0a21,2018-05-17 01:24:30,1,r/Unexpected,78,2018-05-17 02:47:07,0,0,1,0
8k0a21,2018-05-17 01:24:30,1,r/Unexpected,79,2018-05-17 02:49:29,0,1,1,0
8k0a21,2018-05-17 01:24:30,1,r/Unexpected,79,2018-05-17 03:16:28,1,1,1,0
8k0a21,2018-05-17 01:24:30,1,r/Unexpected,79,2018-05-17 04:03:14,2,0,1,0
8k0a21,2018-05-17 01:24:30,1,r/Unexpected,80,2018-05-17 02:51:13,0,1,1,0
8k0a21,2018-05-17 01:24:30,1,r/Unexpected,80,2018-05-17 03:04:20,1,0,1,0
8k0a21,2018-05-17 01:24:30,1,r/Unexpected,81,2018-05-17 02:51:37,0,0,1,0
8k0a21,2018-05-17 01:24:30,1,r/Unexpected,82,2018-05-17 03:03:00,0,0,1,0
8k0a21,2018-05-17 01:24:30,1,r/Unexpected,83,2018-05-17 03:05:44,0,0,1,0
8k0a21,2018-05-17 01:24:30,1,r/Unexpected,84,2018-05-17 03:19:38,0,0,1,0
8k0a21,2018-05-17 01:24:30,1,r/Unexpected,85,2018-05-17 03:21:32,0,0,1,0
8k0a21,2018-05-17 01:24:30,1,r/Unexpected,86,2018-05-17 03:21:58,0,0,1,0
8k0a21,2018-05-17 01:24:30,1,r/Unexpected,87,2018-05-17 03:22:20,0,1,1,0
8k0a21,2018-05-17 01:24:30,1,r/Unexpected,87,2018-05-17 03:37:55,1,1,2,0
8k0a21,2018-05-17 01:24:30,1,r/Unexpected,88,2018-05-17 03:24:03,0,0,1,0
8k0a21,2018-05-17 01:24:30,1,r/Unexpected,89,2018-05-17 03:24:06,0,0,1,0
8k0a21,2018-05-17 01:24:30,1,r/Unexpected,90,2018-05-17 03:24:52,0,0,1,0
8k0a21,2018-05-17 01:24:30,1,r/Unexpected,91,2018-05-17 03:25:23,0,0,1,0
8k0a21,2018-05-17 01:24:30,1,r/Unexpected,92,2018-05-17 03:25:44,0,0,1,0
8k0a21,2018-05-17 01:24:30,1,r/Unexpected,93,2018-05-17 03:26:38,0,0,1,0
8k0a21,2018-05-17 01:24:30,1,r/Unexpected,94,2018-05-17 03:29:55,0,0,1,0
8k0a21,2018-05-17 01:24:30,1,r/Unexpected,95,2018-05-17 03:30:08,0,0,1,0
8k0a21,2018-05-17 01:24:30,1,r/Unexpected,96,2018-05-17 03:32:40,0,0,1,0
8k0a21,2018-05-17 01:24:30,1,r/Unexpected,97,2018-05-17 03:34:12,0,0,1,0
8k0a21,2018-05-17 01:24:30,1,r/Unexpected,98,2018-05-17 03:34:14,0,0,1,0
8k0a21,2018-05-17 01:24:30,1,r/Unexpected,99,2018-05-17 03:34:50,0,0,1,0
8k0a21,2018-05-17 01:24:30,1,r/Unexpected,100,2018-05-17 03:35:06,0,0,1,0
8k0a21,2018-05-17 01:24:30,1,r/Unexpected,101,2018-05-17 03:35:43,0,0,1,0
8k0a21,2018-05-17 01:24:30,1,r/Unexpected,102,2018-05-17 03:35:46,0,0,1,0
8k0a21,2018-05-17 01:24:30,1,r/Unexpected,103,2018-05-17 03:35:49,0,0,1,0
8k0a21,2018-05-17 01:24:30,1,r/Unexpected,104,2018-05-17 03:36:04,0,0,1,0
8k0a21,2018-05-17 01:24:30,1,r/Unexpected,105,2018-05-17 03:36:36,0,0,1,0
8k0a21,2018-05-17 01:24:30,1,r/Unexpected,106,2018-05-17 03:37:23,0,0,1,0
8k0a21,2018-05-17 01:24:30,1,r/Unexpected,107,2018-05-17 03:38:01,0,0,1,0
8k0a21,2018-05-17 01:24:30,1,r/Unexpected,108,2018-05-17 03:38:44,0,0,1,0
8k0a21,2018-05-17 01:24:30,1,r/Unexpected,109,2018-05-17 03:38:52,0,0,1,0
8k0a21,2018-05-17 01:24:30,1,r/Unexpected,110,2018-05-17 03:39:15,0,0,1,0
8k0a21,2018-05-17 01:24:30,1,r/Unexpected,111,2018-05-17 03:41:13,0,0,1,0
8k0a21,2018-05-17 01:24:30,1,r/Unexpected,112,2018-05-17 03:41:31,0,0,1,0
8k0a21,2018-05-17 01:24:30,1,r/Unexpected,113,2018-05-17 03:42:41,0,0,1,0
8k0a21,2018-05-17 01:24:30,1,r/Unexpected,114,2018-05-17 03:42:44,0,0,1,0
8k0a21,2018-05-17 01:24:30,1,r/Unexpected,115,2018-05-17 03:42:57,0,0,1,0
8k0a21,2018-05-17 01:24:30,1,r/Unexpected,116,2018-05-17 03:43:44,0,0,1,0
8k0a21,2018-05-17 01:24:30,1,r/Unexpected,117,2018-05-17 03:44:03,0,0,1,0
8k0a21,2018-05-17 01:24:30,1,r/Unexpected,118,2018-05-17 03:44:06,0,0,1,0
8k0a21,2018-05-17 01:24:30,1,r/Unexpected,119,2018-05-17 03:44:57,0,0,1,0
8k0a21,2018-05-17 01:24:30,1,r/Unexpected,120,2018-05-17 03:44:59,0,0,1,0
8k0a21,2018-05-17 01:24:30,1,r/Unexpected,121,2018-05-17 03:46:09,0,1,1,0
8k0a21,2018-05-17 01:24:30,1,r/Unexpected,122,2018-05-17 03:47:28,0,0,1,0
8k0a21,2018-05-17 01:24:30,1,r/Unexpected,123,2018-05-17 03:47:53,0,0,1,0
8k0a21,2018-05-17 01:24:30,1,r/Unexpected,124,2018-05-17 03:49:00,0,0,1,0
8k0a21,2018-05-17 01:24:30,1,r/Unexpected,125,2018-05-17 03:49:16,0,1,1,0
8k0a21,2018-05-17 01:24:30,1,r/Unexpected,126,2018-05-17 03:49:21,0,0,1,0
8k0a21,2018-05-17 01:24:30,1,r/Unexpected,127,2018-05-17 03:49:23,0,0,1,0
8k0a21,2018-05-17 01:24:30,1,r/Unexpected,128,2018-05-17 03:49:58,0,0,1,0
8k0a21,2018-05-17 01:24:30,1,r/Unexpected,129,2018-05-17 03:50:43,0,0,1,0
8k0a21,2018-05-17 01:24:30,1,r/Unexpected,130,2018-05-17 03:51:51,0,0,1,0
8k0a21,2018-05-17 01:24:30,1,r/Unexpected,131,2018-05-17 03:52:23,0,0,1,0
8k0a21,2018-05-17 01:24:30,1,r/Unexpected,132,2018-05-17 03:52:24,0,0,1,0
8k0a21,2018-05-17 01:24:30,1,r/Unexpected,133,2018-05-17 03:52:46,0,0,1,0
8k0a21,2018-05-17 01:24:30,1,r/Unexpected,134,2018-05-17 03:53:02,0,0,1,0
8k0a21,2018-05-17 01:24:30,1,r/Unexpected,135,2018-05-17 03:53:45,0,0,1,0
8k0a21,2018-05-17 01:24:30,1,r/Unexpected,136,2018-05-17 03:53:56,0,0,1,0
8k0a21,2018-05-17 01:24:30,1,r/Unexpected,137,2018-05-17 03:54:44,0,0,1,0
8k0a21,2018-05-17 01:24:30,1,r/Unexpected,138,2018-05-17 03:54:47,0,0,1,0
8k0a21,2018-05-17 01:24:30,1,r/Unexpected,139,2018-05-17 03:54:59,0,0,1,0
8k0a21,2018-05-17 01:24:30,1,r/Unexpected,140,2018-05-17 03:55:45,0,0,1,0
8k0a21,2018-05-17 01:24:30,1,r/Unexpected,141,2018-05-17 03:56:32,0,0,1,0
8k0a21,2018-05-17 01:24:30,1,r/Unexpected,142,2018-05-17 03:56:32,0,0,1,0
8k0a21,2018-05-17 01:24:30,1,r/Unexpected,143,2018-05-17 03:56:41,0,0,1,0
8k0a21,2018-05-17 01:24:30,1,r/Unexpected,144,2018-05-17 03:56:54,0,0,1,0
8k0a21,2018-05-17 01:24:30,1,r/Unexpected,145,2018-05-17 03:56:57,0,1,1,0
8k0a21,2018-05-17 01:24:30,1,r/Unexpected,146,2018-05-17 03:57:13,0,0,1,0
8k0a21,2018-05-17 01:24:30,1,r/Unexpected,147,2018-05-17 03:57:25,0,0,1,0
8k0a21,2018-05-17 01:24:30,1,r/Unexpected,148,2018-05-17 03:57:35,0,0,1,0
8k0a21,2018-05-17 01:24:30,1,r/Unexpected,149,2018-05-17 03:57:52,0,0,1,0
8k0a21,2018-05-17 01:24:30,1,r/Unexpected,150,2018-05-17 03:58:09,0,0,1,0
8k0a21,2018-05-17 01:24:30,1,r/Unexpected,151,2018-05-17 03:58:50,0,1,1,0
8k0a21,2018-05-17 01:24:30,1,r/Unexpected,152,2018-05-17 03:59:12,0,0,1,0
8k0a21,2018-05-17 01:24:30,1,r/Unexpected,153,2018-05-17 03:59:16,0,0,1,0
8k0a21,2018-05-17 01:24:30,1,r/Unexpected,154,2018-05-17 03:59:24,0,0,1,0
8k0a21,2018-05-17 01:24:30,1,r/Unexpected,155,2018-05-17 03:59:24,0,0,1,0
8k0a21,2018-05-17 01:24:30,1,r/Unexpected,156,2018-05-17 04:02:34,0,0,1,0
8k0a21,2018-05-17 01:24:30,1,r/Unexpected,157,2018-05-17 04:04:12,0,0,1,0
8k0a21,2018-05-17 01:24:30,1,r/Unexpected,158,2018-05-17 04:04:24,0,0,1,0
8k0a21,2018-05-17 01:24:30,1,r/Unexpected,159,2018-05-17 04:04:34,0,0,1,0
8k0696,2018-05-17 01:07:19,2,r/LifeProTips,0,2018-05-17 03:39:27,0,1,1,0
8k0696,2018-05-17 01:07:19,2,r/LifeProTips,1,2018-05-17 02:31:12,0,14,1,0
8k0696,2018-05-17 01:07:19,2,r/LifeProTips,1,2018-05-17 02:55:36,1,9,1,0
8k0696,2018-05-17 01:07:19,2,r/LifeProTips,1,2018-05-17 03:06:13,2,4,1,0
8k0696,2018-05-17 01:07:19,2,r/LifeProTips,1,2018-05-17 03:48:50,3,1,1,0
8k0696,2018-05-17 01:07:19,2,r/LifeProTips,1,2018-05-17 04:48:31,4,2,1,0
8k0696,2018-05-17 01:07:19,2,r/LifeProTips,1,2018-05-17 05:02:40,5,0,1,0
8k0696,2018-05-17 01:07:19,2,r/LifeProTips,1,2018-05-17 05:07:27,5,1,1,0
8k0696,2018-05-17 01:07:19,2,r/LifeProTips,1,2018-05-17 04:03:16,3,0,1,0
8k0696,2018-05-17 01:07:19,2,r/LifeProTips,1,2018-05-17 03:07:30,3,1,1,0
8k0696,2018-05-17 01:07:19,2,r/LifeProTips,1,2018-05-17 03:08:35,4,1,1,0
8k0696,2018-05-17 01:07:19,2,r/LifeProTips,1,2018-05-17 03:09:49,5,1,1,0
8k0696,2018-05-17 01:07:19,2,r/LifeProTips,1,2018-05-17 03:17:33,6,1,1,0
8k0696,2018-05-17 01:07:19,2,r/LifeProTips,1,2018-05-17 03:18:11,7,0,1,0
8k0696,2018-05-17 01:07:19,2,r/LifeProTips,1,2018-05-17 03:30:27,2,1,1,0
8k0696,2018-05-17 01:07:19,2,r/LifeProTips,1,2018-05-17 03:33:54,3,2,1,0
8k0696,2018-05-17 01:07:19,2,r/LifeProTips,1,2018-05-17 03:57:30,4,0,1,0
8k0696,2018-05-17 01:07:19,2,r/LifeProTips,1,2018-05-17 03:47:36,4,0,1,0
8k0696,2018-05-17 01:07:19,2,r/LifeProTips,1,2018-05-17 03:19:36,2,1,1,0
8k0696,2018-05-17 01:07:19,2,r/LifeProTips,1,2018-05-17 03:22:01,3,3,1,0
8k0696,2018-05-17 01:07:19,2,r/LifeProTips,1,2018-05-17 03:26:42,4,2,1,0
8k0696,2018-05-17 01:07:19,2,r/LifeProTips,1,2018-05-17 03:55:11,5,0,1,0
8k0696,2018-05-17 01:07:19,2,r/LifeProTips,1,2018-05-17 03:56:01,4,3,1,0
8k0696,2018-05-17 01:07:19,2,r/LifeProTips,1,2018-05-17 05:01:05,5,0,1,0
8k0696,2018-05-17 01:07:19,2,r/LifeProTips,1,2018-05-17 05:10:17,5,0,1,0
8k0696,2018-05-17 01:07:19,2,r/LifeProTips,1,2018-05-17 05:13:02,5,0,1,0
8k0696,2018-05-17 01:07:19,2,r/LifeProTips,1,2018-05-17 03:57:02,2,1,1,0
8k0696,2018-05-17 01:07:19,2,r/LifeProTips,1,2018-05-17 04:13:04,2,0,1,0
8k0696,2018-05-17 01:07:19,2,r/LifeProTips,1,2018-05-17 03:40:17,2,3,1,0
8k0696,2018-05-17 01:07:19,2,r/LifeProTips,1,2018-05-17 03:42:58,3,0,1,0
8k0696,2018-05-17 01:07:19,2,r/LifeProTips,1,2018-05-17 04:36:52,3,0,1,0
8k0696,2018-05-17 01:07:19,2,r/LifeProTips,1,2018-05-17 03:52:35,2,0,1,0
8k0696,2018-05-17 01:07:19,2,r/LifeProTips,1,2018-05-17 03:23:39,2,3,1,0
8k0696,2018-05-17 01:07:19,2,r/LifeProTips,1,2018-05-17 03:29:18,3,0,1,0
8k0696,2018-05-17 01:07:19,2,r/LifeProTips,1,2018-05-17 03:42:48,3,0,1,0
8k0696,2018-05-17 01:07:19,2,r/LifeProTips,1,2018-05-17 04:34:35,3,0,1,0
8k0696,2018-05-17 01:07:19,2,r/LifeProTips,1,2018-05-17 03:14:07,1,4,1,0
8k0696,2018-05-17 01:07:19,2,r/LifeProTips,1,2018-05-17 03:45:08,2,0,1,0
8k0696,2018-05-17 01:07:19,2,r/LifeProTips,1,2018-05-17 04:50:57,2,0,1,0
8k0696,2018-05-17 01:07:19,2,r/LifeProTips,1,2018-05-17 04:51:07,2,0,1,0
8k0696,2018-05-17 01:07:19,2,r/LifeProTips,1,2018-05-17 02:54:12,1,0,1,0
8k0696,2018-05-17 01:07:19,2,r/LifeProTips,1,2018-05-17 02:33:04,1,1,1,0
8k0696,2018-05-17 01:07:19,2,r/LifeProTips,1,2018-05-17 02:59:49,1,0,1,0
8k0696,2018-05-17 01:07:19,2,r/LifeProTips,1,2018-05-17 02:57:00,1,0,1,0
8k0696,2018-05-17 01:07:19,2,r/LifeProTips,1,2018-05-17 03:36:44,1,1,1,0
8k0696,2018-05-17 01:07:19,2,r/LifeProTips,1,2018-05-17 03:09:17,1,0,1,0
8k0696,2018-05-17 01:07:19,2,r/LifeProTips,1,2018-05-17 03:23:21,1,0,1,0
8k0696,2018-05-17 01:07:19,2,r/LifeProTips,1,2018-05-17 02:51:51,1,1,1,0
8k0696,2018-05-17 01:07:19,2,r/LifeProTips,1,2018-05-17 02:55:31,2,4,1,0
8k0696,2018-05-17 01:07:19,2,r/LifeProTips,1,2018-05-17 02:56:01,3,2,1,0
8k0696,2018-05-17 01:07:19,2,r/LifeProTips,1,2018-05-17 03:03:21,4,3,1,0
8k0696,2018-05-17 01:07:19,2,r/LifeProTips,1,2018-05-17 03:06:23,5,0,1,0
8k0696,2018-05-17 01:07:19,2,r/LifeProTips,1,2018-05-17 03:24:59,5,0,1,0
8k0696,2018-05-17 01:07:19,2,r/LifeProTips,1,2018-05-17 03:02:38,4,0,1,0
8k0696,2018-05-17 01:07:19,2,r/LifeProTips,1,2018-05-17 03:07:11,3,0,1,0
8k0696,2018-05-17 01:07:19,2,r/LifeProTips,1,2018-05-17 03:23:10,3,0,1,0
8k0696,2018-05-17 01:07:19,2,r/LifeProTips,1,2018-05-17 02:58:27,1,0,1,0
8k0696,2018-05-17 01:07:19,2,r/LifeProTips,1,2018-05-17 03:05:29,1,0,1,0
8k0696,2018-05-17 01:07:19,2,r/LifeProTips,1,2018-05-17 03:15:10,1,0,1,0
8k0696,2018-05-17 01:07:19,2,r/LifeProTips,2,2018-05-17 01:44:03,0,14,1,0
8k0696,2018-05-17 01:07:19,2,r/LifeProTips,2,2018-05-17 02:17:51,1,10,1,0
8k0696,2018-05-17 01:07:19,2,r/LifeProTips,2,2018-05-17 02:20:29,2,3,1,0
8k0696,2018-05-17 01:07:19,2,r/LifeProTips,2,2018-05-17 02:22:25,3,4,1,0
8k0696,2018-05-17 01:07:19,2,r/LifeProTips,2,2018-05-17 02:29:04,4,6,1,0
8k0696,2018-05-17 01:07:19,2,r/LifeProTips,2,2018-05-17 02:47:04,5,6,1,0
8k0696,2018-05-17 01:07:19,2,r/LifeProTips,2,2018-05-17 03:01:25,6,2,1,0
8k0696,2018-05-17 01:07:19,2,r/LifeProTips,2,2018-05-17 03:18:44,7,5,1,0
8k0696,2018-05-17 01:07:19,2,r/LifeProTips,2,2018-05-17 03:42:15,8,2,1,0
8k0696,2018-05-17 01:07:19,2,r/LifeProTips,2,2018-05-17 03:57:43,9,1,1,0
8k0696,2018-05-17 01:07:19,2,r/LifeProTips,2,2018-05-17 04:02:41,9,1,1,0
8k0696,2018-05-17 01:07:19,2,r/LifeProTips,2,2018-05-17 03:44:08,8,2,1,0
8k0696,2018-05-17 01:07:19,2,r/LifeProTips,2,2018-05-17 03:49:35,9,0,1,0
8k0696,2018-05-17 01:07:19,2,r/LifeProTips,2,2018-05-17 03:37:48,8,0,1,0
8k0696,2018-05-17 01:07:19,2,r/LifeProTips,2,2018-05-17 03:41:59,8,0,1,0
8k0696,2018-05-17 01:07:19,2,r/LifeProTips,2,2018-05-17 02:53:19,6,2,1,0
8k0696,2018-05-17 01:07:19,2,r/LifeProTips,2,2018-05-17 03:04:45,7,5,1,0
8k0696,2018-05-17 01:07:19,2,r/LifeProTips,2,2018-05-17 03:09:50,8,2,1,0
8k0696,2018-05-17 01:07:19,2,r/LifeProTips,2,2018-05-17 03:22:56,9,0,1,0
8k0696,2018-05-17 01:07:19,2,r/LifeProTips,2,2018-05-17 03:20:18,9,0,1,0
8k0696,2018-05-17 01:07:19,2,r/LifeProTips,2,2018-05-17 03:06:35,8,0,1,0
8k0696,2018-05-17 01:07:19,2,r/LifeProTips,2,2018-05-17 03:28:05,8,0,1,0
8k0696,2018-05-17 01:07:19,2,r/LifeProTips,2,2018-05-17 04:03:04,8,0,1,0
8k0696,2018-05-17 01:07:19,2,r/LifeProTips,2,2018-05-17 03:04:52,6,0,1,0
8k0696,2018-05-17 01:07:19,2,r/LifeProTips,2,2018-05-17 03:26:14,6,1,1,0
8k0696,2018-05-17 01:07:19,2,r/LifeProTips,2,2018-05-17 04:06:23,7,0,1,0
8k0696,2018-05-17 01:07:19,2,r/LifeProTips,2,2018-05-17 03:53:30,6,0,1,0
8k0696,2018-05-17 01:07:19,2,r/LifeProTips,2,2018-05-17 04:48:53,6,0,1,0
8k0696,2018-05-17 01:07:19,2,r/LifeProTips,2,2018-05-17 02:32:20,5,0,1,0
8k0696,2018-05-17 01:07:19,2,r/LifeProTips,2,2018-05-17 03:20:35,5,1,1,0
8k0696,2018-05-17 01:07:19,2,r/LifeProTips,2,2018-05-17 02:58:51,5,1,1,0
8k0696,2018-05-17 01:07:19,2,r/LifeProTips,2,2018-05-17 03:12:08,5,1,1,0
8k0696,2018-05-17 01:07:19,2,r/LifeProTips,2,2018-05-17 02:46:29,4,1,1,0
8k0696,2018-05-17 01:07:19,2,r/LifeProTips,2,2018-05-17 03:05:02,4,1,1,0
8k0696,2018-05-17 01:07:19,2,r/LifeProTips,2,2018-05-17 03:17:09,5,0,1,0
8k0696,2018-05-17 01:07:19,2,r/LifeProTips,2,2018-05-17 03:14:32,3,0,1,0
8k0696,2018-05-17 01:07:19,2,r/LifeProTips,2,2018-05-17 02:36:30,2,2,1,0
8k0696,2018-05-17 01:07:19,2,r/LifeProTips,2,2018-05-17 02:38:00,3,0,1,0
8k0696,2018-05-17 01:07:19,2,r/LifeProTips,2,2018-05-17 02:20:38,2,2,1,0
8k0696,2018-05-17 01:07:19,2,r/LifeProTips,2,2018-05-17 02:30:34,3,3,1,0
8k0696,2018-05-17 01:07:19,2,r/LifeProTips,2,2018-05-17 02:31:18,4,4,1,0
8k0696,2018-05-17 01:07:19,2,r/LifeProTips,2,2018-05-17 02:33:00,5,3,1,0
8k0696,2018-05-17 01:07:19,2,r/LifeProTips,2,2018-05-17 02:34:30,6,5,1,0
8k0696,2018-05-17 01:07:19,2,r/LifeProTips,2,2018-05-17 03:02:01,7,2,1,0
8k0696,2018-05-17 01:07:19,2,r/LifeProTips,2,2018-05-17 03:57:39,8,0,1,0
8k0696,2018-05-17 01:07:19,2,r/LifeProTips,2,2018-05-17 03:52:37,7,0,1,0
8k0696,2018-05-17 01:07:19,2,r/LifeProTips,2,2018-05-17 03:55:51,7,0,1,0
8k0696,2018-05-17 01:07:19,2,r/LifeProTips,2,2018-05-17 03:08:46,7,2,1,0
8k0696,2018-05-17 01:07:19,2,r/LifeProTips,2,2018-05-17 03:20:10,8,0,1,0
8k0696,2018-05-17 01:07:19,2,r/LifeProTips,2,2018-05-17 04:16:19,8,0,1,0
8k0696,2018-05-17 01:07:19,2,r/LifeProTips,2,2018-05-17 03:08:41,7,1,1,0
8k0696,2018-05-17 01:07:19,2,r/LifeProTips,2,2018-05-17 03:34:46,6,0,1,0
8k0696,2018-05-17 01:07:19,2,r/LifeProTips,2,2018-05-17 02:34:00,5,0,1,0
8k0696,2018-05-17 01:07:19,2,r/LifeProTips,2,2018-05-17 02:56:12,5,2,1,0
8k0696,2018-05-17 01:07:19,2,r/LifeProTips,2,2018-05-17 03:02:01,6,3,1,0
8k0696,2018-05-17 01:07:19,2,r/LifeProTips,2,2018-05-17 03:04:16,7,0,1,0
8k0696,2018-05-17 01:07:19,2,r/LifeProTips,2,2018-05-17 03:05:24,7,1,1,0
8k0696,2018-05-17 01:07:19,2,r/LifeProTips,2,2018-05-17 03:05:56,8,0,1,0
8k0696,2018-05-17 01:07:19,2,r/LifeProTips,2,2018-05-17 02:57:19,4,0,1,0
8k0696,2018-05-17 01:07:19,2,r/LifeProTips,2,2018-05-17 02:44:08,3,1,1,0
8k0696,2018-05-17 01:07:19,2,r/LifeProTips,2,2018-05-17 03:05:02,4,1,1,0
8k0696,2018-05-17 01:07:19,2,r/LifeProTips,2,2018-05-17 03:07:03,5,1,1,0
8k0696,2018-05-17 01:07:19,2,r/LifeProTips,2,2018-05-17 02:56:41,2,0,1,0
8k0696,2018-05-17 01:07:19,2,r/LifeProTips,2,2018-05-17 02:38:17,2,0,1,0
8k0696,2018-05-17 01:07:19,2,r/LifeProTips,2,2018-05-17 03:05:16,2,0,1,0
8k0696,2018-05-17 01:07:19,2,r/LifeProTips,2,2018-05-17 03:51:09,2,0,1,0
8k0696,2018-05-17 01:07:19,2,r/LifeProTips,2,2018-05-17 03:08:38,2,0,1,0
8k0696,2018-05-17 01:07:19,2,r/LifeProTips,2,2018-05-17 03:11:06,2,0,1,0
8k0696,2018-05-17 01:07:19,2,r/LifeProTips,2,2018-05-17 02:46:24,1,3,1,0
8k0696,2018-05-17 01:07:19,2,r/LifeProTips,2,2018-05-17 02:46:29,2,1,1,0
8k0696,2018-05-17 01:07:19,2,r/LifeProTips,2,2018-05-17 02:52:39,3,0,1,0
8k0696,2018-05-17 01:07:19,2,r/LifeProTips,2,2018-05-17 02:47:27,2,1,1,0
8k0696,2018-05-17 01:07:19,2,r/LifeProTips,2,2018-05-17 03:15:41,2,0,1,0
8k0696,2018-05-17 01:07:19,2,r/LifeProTips,2,2018-05-17 03:22:43,1,1,1,0
8k0696,2018-05-17 01:07:19,2,r/LifeProTips,2,2018-05-17 04:09:22,2,1,1,0
8k0696,2018-05-17 01:07:19,2,r/LifeProTips,2,2018-05-17 04:46:25,3,0,1,0
8k0696,2018-05-17 01:07:19,2,r/LifeProTips,2,2018-05-17 02:40:29,1,1,1,0
8k0696,2018-05-17 01:07:19,2,r/LifeProTips,2,2018-05-17 01:48:21,1,3,1,0
8k0696,2018-05-17 01:07:19,2,r/LifeProTips,2,2018-05-17 01:49:35,2,1,1,0
8k0696,2018-05-17 01:07:19,2,r/LifeProTips,2,2018-05-17 02:36:45,3,3,1,0
8k0696,2018-05-17 01:07:19,2,r/LifeProTips,2,2018-05-17 02:39:14,4,1,1,0
8k0696,2018-05-17 01:07:19,2,r/LifeProTips,2,2018-05-17 02:49:35,5,1,1,0
8k0696,2018-05-17 01:07:19,2,r/LifeProTips,2,2018-05-17 03:36:54,6,0,1,0
8k0696,2018-05-17 01:07:19,2,r/LifeProTips,2,2018-05-17 02:53:20,4,1,1,0
8k0696,2018-05-17 01:07:19,2,r/LifeProTips,2,2018-05-17 03:18:24,5,1,1,0
8k0696,2018-05-17 01:07:19,2,r/LifeProTips,2,2018-05-17 03:11:32,4,0,1,0
8k0696,2018-05-17 01:07:19,2,r/LifeProTips,2,2018-05-17 02:57:02,2,1,1,0
8k0696,2018-05-17 01:07:19,2,r/LifeProTips,2,2018-05-17 03:10:35,3,1,1,0
8k0696,2018-05-17 01:07:19,2,r/LifeProTips,2,2018-05-17 03:16:56,1,0,1,0
8k0696,2018-05-17 01:07:19,2,r/LifeProTips,2,2018-05-17 03:21:07,1,1,1,0
8k0696,2018-05-17 01:07:19,2,r/LifeProTips,2,2018-05-17 04:33:25,1,0,1,0
8k0696,2018-05-17 01:07:19,2,r/LifeProTips,2,2018-05-17 02:56:00,1,0,1,0
8k0696,2018-05-17 01:07:19,2,r/LifeProTips,2,2018-05-17 03:04:38,1,0,1,0
8k0696,2018-05-17 01:07:19,2,r/LifeProTips,2,2018-05-17 03:07:31,1,0,1,0
8k0696,2018-05-17 01:07:19,2,r/LifeProTips,2,2018-05-17 03:14:54,1,0,1,0
8k0696,2018-05-17 01:07:19,2,r/LifeProTips,2,2018-05-17 03:17:14,1,0,1,0
8k0696,2018-05-17 01:07:19,2,r/LifeProTips,3,2018-05-17 02:49:03,0,6,1,0
8k0696,2018-05-17 01:07:19,2,r/LifeProTips,3,2018-05-17 04:30:27,1,1,1,0
8k0696,2018-05-17 01:07:19,2,r/LifeProTips,3,2018-05-17 02:55:41,1,0,1,0
8k0696,2018-05-17 01:07:19,2,r/LifeProTips,3,2018-05-17 03:23:59,1,0,1,0
8k0696,2018-05-17 01:07:19,2,r/LifeProTips,3,2018-05-17 04:28:49,1,0,1,0
8k0696,2018-05-17 01:07:19,2,r/LifeProTips,3,2018-05-17 04:36:22,1,0,1,0
8k0696,2018-05-17 01:07:19,2,r/LifeProTips,4,2018-05-17 01:37:11,0,10,1,0
8k0696,2018-05-17 01:07:19,2,r/LifeProTips,4,2018-05-17 02:49:54,1,6,1,0
8k0696,2018-05-17 01:07:19,2,r/LifeProTips,4,2018-05-17 03:34:14,2,2,1,0
8k0696,2018-05-17 01:07:19,2,r/LifeProTips,4,2018-05-17 04:38:31,3,0,1,0
8k0696,2018-05-17 01:07:19,2,r/LifeProTips,4,2018-05-17 04:13:36,2,1,1,0
8k0696,2018-05-17 01:07:19,2,r/LifeProTips,4,2018-05-17 04:30:29,3,1,1,0
8k0696,2018-05-17 01:07:19,2,r/LifeProTips,4,2018-05-17 04:47:48,4,1,1,0
8k0696,2018-05-17 01:07:19,2,r/LifeProTips,4,2018-05-17 03:12:28,2,5,1,0
8k0696,2018-05-17 01:07:19,2,r/LifeProTips,4,2018-05-17 03:14:22,3,5,1,0
8k0696,2018-05-17 01:07:19,2,r/LifeProTips,4,2018-05-17 03:23:38,4,0,1,0
8k0696,2018-05-17 01:07:19,2,r/LifeProTips,4,2018-05-17 03:37:23,4,0,1,0
8k0696,2018-05-17 01:07:19,2,r/LifeProTips,4,2018-05-17 03:37:43,4,0,1,0
8k0696,2018-05-17 01:07:19,2,r/LifeProTips,4,2018-05-17 03:48:24,4,2,1,0
8k0696,2018-05-17 01:07:19,2,r/LifeProTips,4,2018-05-17 03:50:40,5,1,1,0
8k0696,2018-05-17 01:07:19,2,r/LifeProTips,4,2018-05-17 04:12:40,4,0,1,0
8k0696,2018-05-17 01:07:19,2,r/LifeProTips,4,2018-05-17 03:15:40,3,2,1,0
8k0696,2018-05-17 01:07:19,2,r/LifeProTips,4,2018-05-17 05:12:33,4,0,1,0
8k0696,2018-05-17 01:07:19,2,r/LifeProTips,4,2018-05-17 03:24:24,3,0,1,0
8k0696,2018-05-17 01:07:19,2,r/LifeProTips,4,2018-05-17 03:41:58,3,0,1,0
8k0696,2018-05-17 01:07:19,2,r/LifeProTips,4,2018-05-17 03:25:49,2,0,1,0
8k0696,2018-05-17 01:07:19,2,r/LifeProTips,4,2018-05-17 03:19:31,2,2,1,0
8k0696,2018-05-17 01:07:19,2,r/LifeProTips,4,2018-05-17 03:44:21,3,2,1,0
8k0696,2018-05-17 01:07:19,2,r/LifeProTips,4,2018-05-17 04:01:39,4,1,1,0
8k0696,2018-05-17 01:07:19,2,r/LifeProTips,4,2018-05-17 02:31:41,1,1,1,0
8k0696,2018-05-17 01:07:19,2,r/LifeProTips,4,2018-05-17 03:20:22,2,0,1,0
8k0696,2018-05-17 01:07:19,2,r/LifeProTips,4,2018-05-17 02:41:31,1,1,1,0
8k0696,2018-05-17 01:07:19,2,r/LifeProTips,4,2018-05-17 01:47:01,1,3,1,0
8k0696,2018-05-17 01:07:19,2,r/LifeProTips,4,2018-05-17 03:01:18,2,5,1,0
8k0696,2018-05-17 01:07:19,2,r/LifeProTips,4,2018-05-17 03:02:30,3,2,1,0
8k0696,2018-05-17 01:07:19,2,r/LifeProTips,4,2018-05-17 03:07:40,4,0,1,0
8k0696,2018-05-17 01:07:19,2,r/LifeProTips,4,2018-05-17 04:00:42,3,1,1,0
8k0696,2018-05-17 01:07:19,2,r/LifeProTips,4,2018-05-17 03:07:37,3,1,1,0
8k0696,2018-05-17 01:07:19,2,r/LifeProTips,4,2018-05-17 03:45:53,4,1,1,0
8k0696,2018-05-17 01:07:19,2,r/LifeProTips,4,2018-05-17 03:17:30,3,0,1,0
8k0696,2018-05-17 01:07:19,2,r/LifeProTips,4,2018-05-17 03:12:43,3,0,1,0
8k0696,2018-05-17 01:07:19,2,r/LifeProTips,4,2018-05-17 03:07:35,2,3,1,0
8k0696,2018-05-17 01:07:19,2,r/LifeProTips,4,2018-05-17 03:14:06,3,1,1,0
8k0696,2018-05-17 01:07:19,2,r/LifeProTips,4,2018-05-17 03:39:46,3,0,1,0
8k0696,2018-05-17 01:07:19,2,r/LifeProTips,4,2018-05-17 03:14:52,3,0,1,0
8k0696,2018-05-17 01:07:19,2,r/LifeProTips,4,2018-05-17 02:46:48,1,0,1,0
8k0696,2018-05-17 01:07:19,2,r/LifeProTips,4,2018-05-17 02:59:01,1,0,1,0
8k0696,2018-05-17 01:07:19,2,r/LifeProTips,4,2018-05-17 02:42:38,1,2,1,0
8k0696,2018-05-17 01:07:19,2,r/LifeProTips,4,2018-05-17 03:03:34,2,2,1,0
8k0696,2018-05-17 01:07:19,2,r/LifeProTips,4,2018-05-17 03:04:54,3,0,1,0
8k0696,2018-05-17 01:07:19,2,r/LifeProTips,4,2018-05-17 03:03:43,2,0,1,0
8k0696,2018-05-17 01:07:19,2,r/LifeProTips,4,2018-05-17 03:46:48,1,0,1,0
8k0696,2018-05-17 01:07:19,2,r/LifeProTips,4,2018-05-17 03:11:31,1,1,1,0
8k0696,2018-05-17 01:07:19,2,r/LifeProTips,5,2018-05-17 01:16:09,0,2,1,0
8k0696,2018-05-17 01:07:19,2,r/LifeProTips,5,2018-05-17 01:28:35,1,3,1,0
8k0696,2018-05-17 01:07:19,2,r/LifeProTips,5,2018-05-17 02:33:35,2,2,1,0
8k0696,2018-05-17 01:07:19,2,r/LifeProTips,5,2018-05-17 02:40:35,3,1,1,0
8k0696,2018-05-17 01:07:19,2,r/LifeProTips,5,2018-05-17 04:10:17,4,0,1,0
8k0696,2018-05-17 01:07:19,2,r/LifeProTips,5,2018-05-17 02:45:31,3,2,1,0
8k0696,2018-05-17 01:07:19,2,r/LifeProTips,5,2018-05-17 02:50:40,4,6,1,0
8k0696,2018-05-17 01:07:19,2,r/LifeProTips,5,2018-05-17 03:00:08,5,0,1,0
8k0696,2018-05-17 01:07:19,2,r/LifeProTips,5,2018-05-17 02:56:27,5,1,1,0
8k0696,2018-05-17 01:07:19,2,r/LifeProTips,5,2018-05-17 03:17:27,6,1,1,0
8k0696,2018-05-17 01:07:19,2,r/LifeProTips,5,2018-05-17 02:59:00,5,1,1,0
8k0696,2018-05-17 01:07:19,2,r/LifeProTips,5,2018-05-17 02:59:31,5,0,1,0
8k0696,2018-05-17 01:07:19,2,r/LifeProTips,5,2018-05-17 03:16:14,5,0,1,0
8k0696,2018-05-17 01:07:19,2,r/LifeProTips,5,2018-05-17 03:11:35,4,1,1,0
8k0696,2018-05-17 01:07:19,2,r/LifeProTips,5,2018-05-17 03:40:56,5,1,1,0
8k0696,2018-05-17 01:07:19,2,r/LifeProTips,5,2018-05-17 04:06:02,6,0,1,0
8k0696,2018-05-17 01:07:19,2,r/LifeProTips,5,2018-05-17 03:55:05,2,0,1,0
8k0696,2018-05-17 01:07:19,2,r/LifeProTips,6,2018-05-17 02:01:27,0,7,1,0
8k0696,2018-05-17 01:07:19,2,r/LifeProTips,6,2018-05-17 02:06:27,1,2,1,0
8k0696,2018-05-17 01:07:19,2,r/LifeProTips,6,2018-05-17 02:38:59,2,2,1,0
8k0696,2018-05-17 01:07:19,2,r/LifeProTips,6,2018-05-17 03:04:09,3,2,1,0
8k0696,2018-05-17 01:07:19,2,r/LifeProTips,6,2018-05-17 03:18:15,4,1,1,0
8k0696,2018-05-17 01:07:19,2,r/LifeProTips,6,2018-05-17 03:21:41,4,0,1,0
8k0696,2018-05-17 01:07:19,2,r/LifeProTips,6,2018-05-17 03:04:34,3,0,1,0
8k0696,2018-05-17 01:07:19,2,r/LifeProTips,6,2018-05-17 02:20:59,1,3,1,0
8k0696,2018-05-17 01:07:19,2,r/LifeProTips,6,2018-05-17 02:23:43,2,1,1,0
8k0696,2018-05-17 01:07:19,2,r/LifeProTips,6,2018-05-17 02:25:27,3,1,1,0
8k0696,2018-05-17 01:07:19,2,r/LifeProTips,6,2018-05-17 02:26:21,4,1,1,0
8k0696,2018-05-17 01:07:19,2,r/LifeProTips,6,2018-05-17 02:38:21,5,2,1,0
8k0696,2018-05-17 01:07:19,2,r/LifeProTips,6,2018-05-17 03:26:09,6,1,1,0
8k0696,2018-05-17 01:07:19,2,r/LifeProTips,6,2018-05-17 03:42:18,6,0,1,0
8k0696,2018-05-17 01:07:19,2,r/LifeProTips,6,2018-05-17 03:13:20,2,1,1,0
8k0696,2018-05-17 01:07:19,2,r/LifeProTips,6,2018-05-17 02:58:02,2,1,1,0
8k0696,2018-05-17 01:07:19,2,r/LifeProTips,6,2018-05-17 03:04:31,3,1,1,0
8k0696,2018-05-17 01:07:19,2,r/LifeProTips,6,2018-05-17 03:14:42,4,1,1,0
8k0696,2018-05-17 01:07:19,2,r/LifeProTips,6,2018-05-17 03:15:49,5,0,1,0
8k0696,2018-05-17 01:07:19,2,r/LifeProTips,6,2018-05-17 02:05:29,1,1,1,0
8k0696,2018-05-17 01:07:19,2,r/LifeProTips,6,2018-05-17 03:46:25,2,0,1,0
8k0696,2018-05-17 01:07:19,2,r/LifeProTips,6,2018-05-17 02:34:18,1,0,1,0
8k0696,2018-05-17 01:07:19,2,r/LifeProTips,6,2018-05-17 02:33:06,1,1,1,0
8k0696,2018-05-17 01:07:19,2,r/LifeProTips,6,2018-05-17 04:02:58,2,0,1,0
8k0696,2018-05-17 01:07:19,2,r/LifeProTips,6,2018-05-17 03:12:51,1,0,1,0
8k0696,2018-05-17 01:07:19,2,r/LifeProTips,7,2018-05-17 02:10:24,0,5,1,0
8k0696,2018-05-17 01:07:19,2,r/LifeProTips,7,2018-05-17 03:01:10,1,1,1,0
8k0696,2018-05-17 01:07:19,2,r/LifeProTips,7,2018-05-17 03:02:43,1,1,1,0
8k0696,2018-05-17 01:07:19,2,r/LifeProTips,7,2018-05-17 04:05:20,2,0,1,0
8k0696,2018-05-17 01:07:19,2,r/LifeProTips,7,2018-05-17 03:14:38,1,1,1,0
8k0696,2018-05-17 01:07:19,2,r/LifeProTips,7,2018-05-17 03:36:08,1,0,1,0
8k0696,2018-05-17 01:07:19,2,r/LifeProTips,8,2018-05-17 02:35:27,0,4,1,0
8k0696,2018-05-17 01:07:19,2,r/LifeProTips,8,2018-05-17 03:22:06,1,1,1,0
8k0696,2018-05-17 01:07:19,2,r/LifeProTips,8,2018-05-17 03:22:55,2,1,1,0
8k0696,2018-05-17 01:07:19,2,r/LifeProTips,8,2018-05-17 03:36:44,3,0,1,0
8k0696,2018-05-17 01:07:19,2,r/LifeProTips,8,2018-05-17 02:39:44,1,0,1,0
8k0696,2018-05-17 01:07:19,2,r/LifeProTips,8,2018-05-17 04:04:50,1,1,1,0
8k0696,2018-05-17 01:07:19,2,r/LifeProTips,8,2018-05-17 04:31:10,2,0,1,0
8k0696,2018-05-17 01:07:19,2,r/LifeProTips,9,2018-05-17 02:39:24,0,2,1,0
8k0696,2018-05-17 01:07:19,2,r/LifeProTips,9,2018-05-17 04:14:05,1,0,1,0
8k0696,2018-05-17 01:07:19,2,r/LifeProTips,9,2018-05-17 04:20:54,1,1,1,0
8k0696,2018-05-17 01:07:19,2,r/LifeProTips,9,2018-05-17 04:30:37,2,0,1,0
8k0696,2018-05-17 01:07:19,2,r/LifeProTips,10,2018-05-17 03:06:46,0,2,1,0
8k0696,2018-05-17 01:07:19,2,r/LifeProTips,10,2018-05-17 03:31:37,1,0,1,0
8k0696,2018-05-17 01:07:19,2,r/LifeProTips,10,2018-05-17 04:00:26,1,1,1,0
8k0696,2018-05-17 01:07:19,2,r/LifeProTips,10,2018-05-17 04:07:09,2,1,1,0
8k0696,2018-05-17 01:07:19,2,r/LifeProTips,11,2018-05-17 02:30:31,0,6,1,0
8k0696,2018-05-17 01:07:19,2,r/LifeProTips,11,2018-05-17 03:11:05,1,0,1,0
8k0696,2018-05-17 01:07:19,2,r/LifeProTips,11,2018-05-17 03:17:53,1,1,1,0
8k0696,2018-05-17 01:07:19,2,r/LifeProTips,11,2018-05-17 04:04:51,2,0,1,0
8k0696,2018-05-17 01:07:19,2,r/LifeProTips,11,2018-05-17 03:15:39,1,0,1,0
8k0696,2018-05-17 01:07:19,2,r/LifeProTips,11,2018-05-17 03:11:40,1,0,1,0
8k0696,2018-05-17 01:07:19,2,r/LifeProTips,11,2018-05-17 04:56:11,1,1,1,0
8k0696,2018-05-17 01:07:19,2,r/LifeProTips,11,2018-05-17 05:06:30,2,0,1,0
8k0696,2018-05-17 01:07:19,2,r/LifeProTips,12,2018-05-17 02:29:40,0,5,1,0
8k0696,2018-05-17 01:07:19,2,r/LifeProTips,12,2018-05-17 03:08:22,1,0,1,0
8k0696,2018-05-17 01:07:19,2,r/LifeProTips,12,2018-05-17 02:40:11,1,1,1,0
8k0696,2018-05-17 01:07:19,2,r/LifeProTips,12,2018-05-17 03:15:19,1,1,1,0
8k0696,2018-05-17 01:07:19,2,r/LifeProTips,12,2018-05-17 03:27:32,1,1,1,0
8k0696,2018-05-17 01:07:19,2,r/LifeProTips,12,2018-05-17 03:29:19,2,0,1,0
8k0696,2018-05-17 01:07:19,2,r/LifeProTips,13,2018-05-17 02:57:55,0,1,1,0
8k0696,2018-05-17 01:07:19,2,r/LifeProTips,14,2018-05-17 02:29:56,0,2,1,0
8k0696,2018-05-17 01:07:19,2,r/LifeProTips,14,2018-05-17 03:17:11,1,1,1,0
8k0696,2018-05-17 01:07:19,2,r/LifeProTips,14,2018-05-17 03:36:14,2,0,1,0
8k0696,2018-05-17 01:07:19,2,r/LifeProTips,15,2018-05-17 01:59:06,0,4,1,0
8k0696,2018-05-17 01:07:19,2,r/LifeProTips,15,2018-05-17 02:24:37,1,1,1,0
8k0696,2018-05-17 01:07:19,2,r/LifeProTips,15,2018-05-17 02:39:54,2,1,1,0
8k0696,2018-05-17 01:07:19,2,r/LifeProTips,15,2018-05-17 04:05:57,3,0,1,0
8k0696,2018-05-17 01:07:19,2,r/LifeProTips,15,2018-05-17 02:00:43,1,1,1,0
8k0696,2018-05-17 01:07:19,2,r/LifeProTips,15,2018-05-17 02:01:47,2,1,1,0
8k0696,2018-05-17 01:07:19,2,r/LifeProTips,15,2018-05-17 02:04:58,3,1,1,0
8k0696,2018-05-17 01:07:19,2,r/LifeProTips,15,2018-05-17 02:39:12,4,2,1,0
8k0696,2018-05-17 01:07:19,2,r/LifeProTips,15,2018-05-17 03:03:53,5,0,1,0
8k0696,2018-05-17 01:07:19,2,r/LifeProTips,15,2018-05-17 03:08:06,1,0,1,0
8k0696,2018-05-17 01:07:19,2,r/LifeProTips,15,2018-05-17 02:40:51,1,1,1,0
8k0696,2018-05-17 01:07:19,2,r/LifeProTips,15,2018-05-17 02:47:51,2,1,1,0
8k0696,2018-05-17 01:07:19,2,r/LifeProTips,16,2018-05-17 01:56:14,0,0,1,0
8k0696,2018-05-17 01:07:19,2,r/LifeProTips,17,2018-05-17 03:04:49,0,0,1,0
8k0696,2018-05-17 01:07:19,2,r/LifeProTips,18,2018-05-17 02:59:57,0,0,1,0
8k0696,2018-05-17 01:07:19,2,r/LifeProTips,19,2018-05-17 02:31:14,0,2,1,0
8k0696,2018-05-17 01:07:19,2,r/LifeProTips,19,2018-05-17 04:06:53,1,0,1,0
8k0696,2018-05-17 01:07:19,2,r/LifeProTips,19,2018-05-17 04:08:20,1,0,1,0
8k0696,2018-05-17 01:07:19,2,r/LifeProTips,20,2018-05-17 02:36:16,0,2,1,0
8k0696,2018-05-17 01:07:19,2,r/LifeProTips,20,2018-05-17 02:49:10,1,1,1,0
8k0696,2018-05-17 01:07:19,2,r/LifeProTips,20,2018-05-17 02:57:18,2,0,1,0
8k0696,2018-05-17 01:07:19,2,r/LifeProTips,20,2018-05-17 02:39:20,1,0,1,0
8k0696,2018-05-17 01:07:19,2,r/LifeProTips,21,2018-05-17 02:39:50,0,2,1,0
8k0696,2018-05-17 01:07:19,2,r/LifeProTips,21,2018-05-17 03:00:25,1,0,1,0
8k0696,2018-05-17 01:07:19,2,r/LifeProTips,22,2018-05-17 01:51:00,0,2,1,0
8k0696,2018-05-17 01:07:19,2,r/LifeProTips,22,2018-05-17 01:54:02,1,2,1,0
8k0696,2018-05-17 01:07:19,2,r/LifeProTips,22,2018-05-17 02:05:15,2,1,1,0
8k0696,2018-05-17 01:07:19,2,r/LifeProTips,22,2018-05-17 02:17:45,3,0,1,0
8k0696,2018-05-17 01:07:19,2,r/LifeProTips,22,2018-05-17 03:14:55,2,0,1,0
8k0696,2018-05-17 01:07:19,2,r/LifeProTips,23,2018-05-17 03:22:27,0,1,1,0
8k0696,2018-05-17 01:07:19,2,r/LifeProTips,23,2018-05-17 03:32:28,1,0,1,0
8k0696,2018-05-17 01:07:19,2,r/LifeProTips,24,2018-05-17 03:35:41,0,1,1,0
8k0696,2018-05-17 01:07:19,2,r/LifeProTips,25,2018-05-17 02:12:44,0,1,1,0
8k0696,2018-05-17 01:07:19,2,r/LifeProTips,26,2018-05-17 02:58:34,0,0,1,0
8k0696,2018-05-17 01:07:19,2,r/LifeProTips,27,2018-05-17 03:19:04,0,0,1,0
8k0696,2018-05-17 01:07:19,2,r/LifeProTips,28,2018-05-17 03:30:17,0,1,1,0
8k0696,2018-05-17 01:07:19,2,r/LifeProTips,29,2018-05-17 02:07:17,0,3,1,0
8k0696,2018-05-17 01:07:19,2,r/LifeProTips,29,2018-05-17 02:37:51,1,1,1,0
8k0696,2018-05-17 01:07:19,2,r/LifeProTips,29,2018-05-17 02:43:13,2,1,1,0
8k0696,2018-05-17 01:07:19,2,r/LifeProTips,29,2018-05-17 03:07:16,3,1,1,0
8k0696,2018-05-17 01:07:19,2,r/LifeProTips,29,2018-05-17 03:26:02,4,0,1,0
8k0696,2018-05-17 01:07:19,2,r/LifeProTips,29,2018-05-17 02:38:17,1,0,1,0
8k0696,2018-05-17 01:07:19,2,r/LifeProTips,29,2018-05-17 02:39:04,1,1,1,0
8k0696,2018-05-17 01:07:19,2,r/LifeProTips,30,2018-05-17 02:28:34,0,1,1,0
8k0696,2018-05-17 01:07:19,2,r/LifeProTips,30,2018-05-17 02:33:55,1,0,1,0
8k0696,2018-05-17 01:07:19,2,r/LifeProTips,31,2018-05-17 02:32:23,0,0,1,0
8k0696,2018-05-17 01:07:19,2,r/LifeProTips,32,2018-05-17 02:39:28,0,1,1,0
8k0696,2018-05-17 01:07:19,2,r/LifeProTips,32,2018-05-17 03:02:10,1,2,1,0
8k0696,2018-05-17 01:07:19,2,r/LifeProTips,32,2018-05-17 03:03:23,2,1,1,0
8k0696,2018-05-17 01:07:19,2,r/LifeProTips,32,2018-05-17 03:09:02,2,1,1,0
8k0696,2018-05-17 01:07:19,2,r/LifeProTips,32,2018-05-17 03:11:58,3,1,1,0
8k0696,2018-05-17 01:07:19,2,r/LifeProTips,32,2018-05-17 03:40:28,4,0,1,0
8k0696,2018-05-17 01:07:19,2,r/LifeProTips,33,2018-05-17 03:23:13,0,1,1,0
8k0696,2018-05-17 01:07:19,2,r/LifeProTips,34,2018-05-17 02:26:31,0,4,1,0
8k0696,2018-05-17 01:07:19,2,r/LifeProTips,34,2018-05-17 02:40:02,1,1,1,0
8k0696,2018-05-17 01:07:19,2,r/LifeProTips,34,2018-05-17 02:35:49,1,1,1,0
8k0696,2018-05-17 01:07:19,2,r/LifeProTips,34,2018-05-17 02:37:56,2,1,1,0
8k0696,2018-05-17 01:07:19,2,r/LifeProTips,34,2018-05-17 03:06:52,3,1,1,0
8k0696,2018-05-17 01:07:19,2,r/LifeProTips,34,2018-05-17 02:41:30,1,0,1,0
8k0696,2018-05-17 01:07:19,2,r/LifeProTips,34,2018-05-17 02:33:00,1,0,1,0
8k0696,2018-05-17 01:07:19,2,r/LifeProTips,35,2018-05-17 02:33:33,0,0,1,0
8k0696,2018-05-17 01:07:19,2,r/LifeProTips,36,2018-05-17 03:20:30,0,1,1,0
8k0696,2018-05-17 01:07:19,2,r/LifeProTips,36,2018-05-17 03:33:28,1,1,1,0
8k0696,2018-05-17 01:07:19,2,r/LifeProTips,36,2018-05-17 04:13:10,2,0,1,0
8k0696,2018-05-17 01:07:19,2,r/LifeProTips,37,2018-05-17 02:04:46,0,3,1,0
8k0696,2018-05-17 01:07:19,2,r/LifeProTips,37,2018-05-17 02:07:10,1,0,1,0
8k0696,2018-05-17 01:07:19,2,r/LifeProTips,37,2018-05-17 02:22:13,1,0,1,0
8k0696,2018-05-17 01:07:19,2,r/LifeProTips,37,2018-05-17 02:35:56,1,0,1,0
8k0696,2018-05-17 01:07:19,2,r/LifeProTips,38,2018-05-17 02:34:36,0,1,1,0
8k0696,2018-05-17 01:07:19,2,r/LifeProTips,38,2018-05-17 02:40:34,1,0,1,0
8k0696,2018-05-17 01:07:19,2,r/LifeProTips,39,2018-05-17 02:39:10,0,1,1,0
8k0696,2018-05-17 01:07:19,2,r/LifeProTips,39,2018-05-17 03:02:42,1,0,1,0
8k0696,2018-05-17 01:07:19,2,r/LifeProTips,40,2018-05-17 02:39:42,0,1,1,0
8k0696,2018-05-17 01:07:19,2,r/LifeProTips,40,2018-05-17 03:01:29,1,1,1,0
8k0696,2018-05-17 01:07:19,2,r/LifeProTips,40,2018-05-17 03:15:45,2,0,1,0
8k0696,2018-05-17 01:07:19,2,r/LifeProTips,41,2018-05-17 02:44:25,0,0,1,0
8k0696,2018-05-17 01:07:19,2,r/LifeProTips,42,2018-05-17 02:46:18,0,0,1,0
8k0696,2018-05-17 01:07:19,2,r/LifeProTips,43,2018-05-17 02:46:36,0,1,1,0
8k0696,2018-05-17 01:07:19,2,r/LifeProTips,43,2018-05-17 02:57:14,1,1,1,0
8k0696,2018-05-17 01:07:19,2,r/LifeProTips,43,2018-05-17 03:01:12,2,0,1,0
8k0696,2018-05-17 01:07:19,2,r/LifeProTips,44,2018-05-17 02:48:54,0,1,1,0
8k0696,2018-05-17 01:07:19,2,r/LifeProTips,44,2018-05-17 02:56:26,1,0,1,0
8k0696,2018-05-17 01:07:19,2,r/LifeProTips,45,2018-05-17 02:52:33,0,0,1,0
8k0696,2018-05-17 01:07:19,2,r/LifeProTips,46,2018-05-17 02:54:32,0,0,1,0
8k0696,2018-05-17 01:07:19,2,r/LifeProTips,47,2018-05-17 03:01:20,0,0,1,0
8k0696,2018-05-17 01:07:19,2,r/LifeProTips,48,2018-05-17 03:05:46,0,0,1,0
8k0696,2018-05-17 01:07:19,2,r/LifeProTips,49,2018-05-17 03:14:04,0,0,1,0
8k0696,2018-05-17 01:07:19,2,r/LifeProTips,50,2018-05-17 03:14:09,0,1,1,0
8k0696,2018-05-17 01:07:19,2,r/LifeProTips,51,2018-05-17 03:16:48,0,0,1,0
8k0696,2018-05-17 01:07:19,2,r/LifeProTips,52,2018-05-17 03:17:57,0,1,1,0
8k0696,2018-05-17 01:07:19,2,r/LifeProTips,53,2018-05-17 03:19:19,0,1,1,0
8k0696,2018-05-17 01:07:19,2,r/LifeProTips,54,2018-05-17 03:19:35,0,1,1,0
8k0696,2018-05-17 01:07:19,2,r/LifeProTips,55,2018-05-17 03:19:53,0,0,1,0
8k0696,2018-05-17 01:07:19,2,r/LifeProTips,56,2018-05-17 03:23:23,0,0,1,0
8k0696,2018-05-17 01:07:19,2,r/LifeProTips,57,2018-05-17 03:23:51,0,0,1,0
8k0696,2018-05-17 01:07:19,2,r/LifeProTips,58,2018-05-17 03:25:13,0,2,1,0
8k0696,2018-05-17 01:07:19,2,r/LifeProTips,58,2018-05-17 03:29:25,1,0,1,0
8k0696,2018-05-17 01:07:19,2,r/LifeProTips,58,2018-05-17 03:34:01,1,0,1,0
8k0696,2018-05-17 01:07:19,2,r/LifeProTips,59,2018-05-17 03:26:43,0,1,1,0
8k0696,2018-05-17 01:07:19,2,r/LifeProTips,60,2018-05-17 03:27:21,0,0,1,0
8k0696,2018-05-17 01:07:19,2,r/LifeProTips,61,2018-05-17 03:27:51,0,0,1,0
8k0696,2018-05-17 01:07:19,2,r/LifeProTips,62,2018-05-17 03:28:40,0,0,1,0
8k0696,2018-05-17 01:07:19,2,r/LifeProTips,63,2018-05-17 03:29:40,0,0,1,0
8k0696,2018-05-17 01:07:19,2,r/LifeProTips,64,2018-05-17 03:29:47,0,1,1,0
8k0696,2018-05-17 01:07:19,2,r/LifeProTips,65,2018-05-17 03:29:57,0,1,1,0
8k0696,2018-05-17 01:07:19,2,r/LifeProTips,65,2018-05-17 03:32:34,1,1,1,0
8k0696,2018-05-17 01:07:19,2,r/LifeProTips,66,2018-05-17 03:35:28,0,0,1,0
8k0696,2018-05-17 01:07:19,2,r/LifeProTips,67,2018-05-17 03:35:34,0,0,1,0
8k0696,2018-05-17 01:07:19,2,r/LifeProTips,68,2018-05-17 03:37:06,0,0,1,0
8k0696,2018-05-17 01:07:19,2,r/LifeProTips,69,2018-05-17 03:37:47,0,0,1,0
8k0696,2018-05-17 01:07:19,2,r/LifeProTips,70,2018-05-17 03:40:43,0,1,1,0
8k0696,2018-05-17 01:07:19,2,r/LifeProTips,71,2018-05-17 03:42:42,0,0,1,0
8k0696,2018-05-17 01:07:19,2,r/LifeProTips,72,2018-05-17 03:47:26,0,1,1,0
8k0696,2018-05-17 01:07:19,2,r/LifeProTips,73,2018-05-17 03:48:55,0,0,1,0
8k0696,2018-05-17 01:07:19,2,r/LifeProTips,74,2018-05-17 03:50:48,0,1,1,0
8k0696,2018-05-17 01:07:19,2,r/LifeProTips,75,2018-05-17 03:53:38,0,1,1,0
8k0696,2018-05-17 01:07:19,2,r/LifeProTips,76,2018-05-17 03:57:50,0,0,1,0
8k0696,2018-05-17 01:07:19,2,r/LifeProTips,77,2018-05-17 03:59:22,0,0,1,0
8k0696,2018-05-17 01:07:19,2,r/LifeProTips,78,2018-05-17 04:10:40,0,0,1,0
8k0696,2018-05-17 01:07:19,2,r/LifeProTips,79,2018-05-17 04:12:19,0,0,1,0
8k0696,2018-05-17 01:07:19,2,r/LifeProTips,80,2018-05-17 04:25:02,0,0,1,0
8k0696,2018-05-17 01:07:19,2,r/LifeProTips,81,2018-05-17 04:25:40,0,0,1,0
8k0696,2018-05-17 01:07:19,2,r/LifeProTips,82,2018-05-17 04:35:07,0,0,1,0
8k0696,2018-05-17 01:07:19,2,r/LifeProTips,83,2018-05-17 04:38:22,0,1,1,0
8k0696,2018-05-17 01:07:19,2,r/LifeProTips,84,2018-05-17 04:39:11,0,0,1,0
8k0696,2018-05-17 01:07:19,2,r/LifeProTips,85,2018-05-17 04:46:02,0,1,1,0
8k0696,2018-05-17 01:07:19,2,r/LifeProTips,86,2018-05-17 04:47:52,0,0,1,0
8k0696,2018-05-17 01:07:19,2,r/LifeProTips,87,2018-05-17 04:48:41,0,0,1,0
8k0696,2018-05-17 01:07:19,2,r/LifeProTips,88,2018-05-17 04:49:32,0,0,1,0
8k0696,2018-05-17 01:07:19,2,r/LifeProTips,89,2018-05-17 04:55:40,0,0,1,0
8k0696,2018-05-17 01:07:19,2,r/LifeProTips,90,2018-05-17 04:56:19,0,0,1,0
8k0696,2018-05-17 01:07:19,2,r/LifeProTips,91,2018-05-17 05:00:08,0,1,1,0
8k0696,2018-05-17 01:07:19,2,r/LifeProTips,92,2018-05-17 05:01:37,0,0,1,0
8k0696,2018-05-17 01:07:19,2,r/LifeProTips,93,2018-05-17 05:02:14,0,0,1,0
8k0696,2018-05-17 01:07:19,2,r/LifeProTips,94,2018-05-17 05:11:03,0,0,1,0
8k0696,2018-05-17 01:07:19,2,r/LifeProTips,95,2018-05-17 05:11:04,0,0,1,0
8k0696,2018-05-17 01:07:19,2,r/LifeProTips,96,2018-05-17 02:38:15,0,0,1,0
8k0696,2018-05-17 01:07:19,2,r/LifeProTips,97,2018-05-17 02:44:50,0,1,1,0
8k0696,2018-05-17 01:07:19,2,r/LifeProTips,97,2018-05-17 02:59:16,1,0,1,0
8k0696,2018-05-17 01:07:19,2,r/LifeProTips,98,2018-05-17 03:00:11,0,1,1,0
8k0696,2018-05-17 01:07:19,2,r/LifeProTips,98,2018-05-17 03:28:02,1,0,1,0
8k0696,2018-05-17 01:07:19,2,r/LifeProTips,99,2018-05-17 03:22:26,0,1,1,0
8k0696,2018-05-17 01:07:19,2,r/LifeProTips,100,2018-05-17 02:36:47,0,0,1,0
8k0696,2018-05-17 01:07:19,2,r/LifeProTips,101,2018-05-17 02:39:10,0,0,1,0
8k0696,2018-05-17 01:07:19,2,r/LifeProTips,102,2018-05-17 02:43:31,0,0,1,0
8k0696,2018-05-17 01:07:19,2,r/LifeProTips,103,2018-05-17 02:44:17,0,1,1,0
8k0696,2018-05-17 01:07:19,2,r/LifeProTips,104,2018-05-17 02:44:23,0,0,1,0
8k0696,2018-05-17 01:07:19,2,r/LifeProTips,105,2018-05-17 02:45:14,0,1,1,0
8k0696,2018-05-17 01:07:19,2,r/LifeProTips,105,2018-05-17 02:58:44,1,0,1,0
8k0696,2018-05-17 01:07:19,2,r/LifeProTips,106,2018-05-17 02:47:23,0,1,1,0
8k0696,2018-05-17 01:07:19,2,r/LifeProTips,107,2018-05-17 02:54:15,0,0,1,0
8k0696,2018-05-17 01:07:19,2,r/LifeProTips,108,2018-05-17 02:55:06,0,0,1,0
8k0696,2018-05-17 01:07:19,2,r/LifeProTips,109,2018-05-17 02:55:38,0,0,1,0
8k0696,2018-05-17 01:07:19,2,r/LifeProTips,110,2018-05-17 02:55:45,0,0,1,0
8k0696,2018-05-17 01:07:19,2,r/LifeProTips,111,2018-05-17 02:55:47,0,0,1,0
8k0696,2018-05-17 01:07:19,2,r/LifeProTips,112,2018-05-17 02:56:10,0,0,1,0
8k0696,2018-05-17 01:07:19,2,r/LifeProTips,113,2018-05-17 02:56:19,0,0,1,0
8k0696,2018-05-17 01:07:19,2,r/LifeProTips,114,2018-05-17 02:56:51,0,0,1,0
8k0696,2018-05-17 01:07:19,2,r/LifeProTips,115,2018-05-17 02:58:14,0,0,1,0
8k0696,2018-05-17 01:07:19,2,r/LifeProTips,116,2018-05-17 02:59:13,0,0,1,0
8k0696,2018-05-17 01:07:19,2,r/LifeProTips,117,2018-05-17 02:59:16,0,0,1,0
8k0696,2018-05-17 01:07:19,2,r/LifeProTips,118,2018-05-17 02:59:43,0,0,1,0
8k0696,2018-05-17 01:07:19,2,r/LifeProTips,119,2018-05-17 03:00:12,0,0,1,0
8k0696,2018-05-17 01:07:19,2,r/LifeProTips,120,2018-05-17 03:00:52,0,0,1,0
8k0696,2018-05-17 01:07:19,2,r/LifeProTips,121,2018-05-17 03:01:51,0,0,1,0
8k0696,2018-05-17 01:07:19,2,r/LifeProTips,122,2018-05-17 03:02:55,0,0,1,0
8k0696,2018-05-17 01:07:19,2,r/LifeProTips,123,2018-05-17 03:02:56,0,0,1,0
8k0696,2018-05-17 01:07:19,2,r/LifeProTips,124,2018-05-17 03:03:00,0,0,1,0
8k0696,2018-05-17 01:07:19,2,r/LifeProTips,125,2018-05-17 03:03:01,0,0,1,0
8k0696,2018-05-17 01:07:19,2,r/LifeProTips,126,2018-05-17 03:03:30,0,0,1,0
8k0696,2018-05-17 01:07:19,2,r/LifeProTips,127,2018-05-17 03:03:59,0,0,1,0
8k0696,2018-05-17 01:07:19,2,r/LifeProTips,128,2018-05-17 03:05:01,0,0,1,0
8k0696,2018-05-17 01:07:19,2,r/LifeProTips,129,2018-05-17 03:06:03,0,0,1,0
8k0696,2018-05-17 01:07:19,2,r/LifeProTips,130,2018-05-17 03:06:05,0,0,1,0
8k0696,2018-05-17 01:07:19,2,r/LifeProTips,131,2018-05-17 03:06:27,0,0,1,0
8k0696,2018-05-17 01:07:19,2,r/LifeProTips,132,2018-05-17 03:06:47,0,1,1,0
8k0696,2018-05-17 01:07:19,2,r/LifeProTips,132,2018-05-17 03:07:39,1,1,1,0
8k0696,2018-05-17 01:07:19,2,r/LifeProTips,132,2018-05-17 03:09:13,2,0,1,0
8k0696,2018-05-17 01:07:19,2,r/LifeProTips,133,2018-05-17 03:07:10,0,0,1,0
8k0696,2018-05-17 01:07:19,2,r/LifeProTips,134,2018-05-17 03:07:58,0,1,1,0
8k0696,2018-05-17 01:07:19,2,r/LifeProTips,134,2018-05-17 03:13:26,1,0,1,0
8k0696,2018-05-17 01:07:19,2,r/LifeProTips,135,2018-05-17 03:08:16,0,0,1,0
8k0696,2018-05-17 01:07:19,2,r/LifeProTips,136,2018-05-17 03:08:44,0,0,1,0
8k0696,2018-05-17 01:07:19,2,r/LifeProTips,137,2018-05-17 03:09:51,0,0,1,0
8k0696,2018-05-17 01:07:19,2,r/LifeProTips,138,2018-05-17 03:10:06,0,1,1,0
8k0696,2018-05-17 01:07:19,2,r/LifeProTips,138,2018-05-17 04:21:32,1,0,1,0
8k0696,2018-05-17 01:07:19,2,r/LifeProTips,139,2018-05-17 03:10:14,0,0,1,0
8k0696,2018-05-17 01:07:19,2,r/LifeProTips,140,2018-05-17 03:10:43,0,0,1,0
8k0696,2018-05-17 01:07:19,2,r/LifeProTips,141,2018-05-17 03:10:54,0,1,1,0
8k0696,2018-05-17 01:07:19,2,r/LifeProTips,142,2018-05-17 03:11:29,0,0,1,0
8k0696,2018-05-17 01:07:19,2,r/LifeProTips,143,2018-05-17 03:12:07,0,0,1,0
8k0696,2018-05-17 01:07:19,2,r/LifeProTips,144,2018-05-17 03:13:24,0,0,1,0
8k0696,2018-05-17 01:07:19,2,r/LifeProTips,145,2018-05-17 03:13:27,0,0,1,0
8k0696,2018-05-17 01:07:19,2,r/LifeProTips,146,2018-05-17 03:13:42,0,0,1,0
8k0696,2018-05-17 01:07:19,2,r/LifeProTips,147,2018-05-17 03:13:46,0,0,1,0
8k0696,2018-05-17 01:07:19,2,r/LifeProTips,148,2018-05-17 03:15:06,0,0,1,0
8k0696,2018-05-17 01:07:19,2,r/LifeProTips,149,2018-05-17 03:15:44,0,0,1,0
8k0696,2018-05-17 01:07:19,2,r/LifeProTips,150,2018-05-17 03:15:48,0,0,1,0
8k0696,2018-05-17 01:07:19,2,r/LifeProTips,151,2018-05-17 03:16:09,0,0,1,0
8k0696,2018-05-17 01:07:19,2,r/LifeProTips,152,2018-05-17 03:16:41,0,0,1,0
8k0696,2018-05-17 01:07:19,2,r/LifeProTips,153,2018-05-17 03:18:39,0,0,1,0
8k0696,2018-05-17 01:07:19,2,r/LifeProTips,154,2018-05-17 03:20:03,0,0,1,0
8jzyb6,2018-05-17 00:32:51,3,r/announcements,0,2018-05-17 00:34:29,0,6,9385,0
8jzyb6,2018-05-17 00:32:51,3,r/announcements,0,2018-05-17 00:39:25,1,13,6139,0
8jzyb6,2018-05-17 00:32:51,3,r/announcements,0,2018-05-17 01:30:51,2,6,3126,1
8jzyb6,2018-05-17 00:32:51,3,r/announcements,0,2018-05-17 01:40:31,3,1,148,0
8jzyb6,2018-05-17 00:32:51,3,r/announcements,0,2018-05-17 01:45:19,4,2,41,0
8jzyb6,2018-05-17 00:32:51,3,r/announcements,0,2018-05-17 03:40:46,5,0,3,0
8jzyb6,2018-05-17 00:32:51,3,r/announcements,0,2018-05-17 03:10:14,3,2,29,0
8jzyb6,2018-05-17 00:32:51,3,r/announcements,0,2018-05-17 04:29:16,4,0,13,0
8jzyb6,2018-05-17 00:32:51,3,r/announcements,0,2018-05-17 02:41:54,3,0,10,0
8jzyb6,2018-05-17 00:32:51,3,r/announcements,0,2018-05-17 02:23:42,3,0,9,0
8jzyb6,2018-05-17 00:32:51,3,r/announcements,0,2018-05-17 01:59:06,3,0,3,0
8jzyb6,2018-05-17 00:32:51,3,r/announcements,0,2018-05-17 00:55:21,2,4,380,0
8jzyb6,2018-05-17 00:32:51,3,r/announcements,0,2018-05-17 00:58:52,3,2,173,0
8jzyb6,2018-05-17 00:32:51,3,r/announcements,0,2018-05-17 01:19:57,4,2,98,0
8jzyb6,2018-05-17 00:32:51,3,r/announcements,0,2018-05-17 01:24:18,5,2,5,0
8jzyb6,2018-05-17 00:32:51,3,r/announcements,0,2018-05-17 01:29:58,6,2,15,0
8jzyb6,2018-05-17 00:32:51,3,r/announcements,0,2018-05-17 02:05:38,7,0,4,0
8jzyb6,2018-05-17 00:32:51,3,r/announcements,0,2018-05-17 01:36:59,6,2,3,0
8jzyb6,2018-05-17 00:32:51,3,r/announcements,0,2018-05-17 01:38:44,7,0,4,0
8jzyb6,2018-05-17 00:32:51,3,r/announcements,0,2018-05-17 00:59:29,3,0,66,0
8jzyb6,2018-05-17 00:32:51,3,r/announcements,0,2018-05-17 01:03:32,3,1,7,0
8jzyb6,2018-05-17 00:32:51,3,r/announcements,0,2018-05-17 00:59:04,2,4,642,0
8jzyb6,2018-05-17 00:32:51,3,r/announcements,0,2018-05-17 01:13:07,3,6,153,0
8jzyb6,2018-05-17 00:32:51,3,r/announcements,0,2018-05-17 01:37:40,4,0,129,0
8jzyb6,2018-05-17 00:32:51,3,r/announcements,0,2018-05-17 01:26:22,4,3,60,0
8jzyb6,2018-05-17 00:32:51,3,r/announcements,0,2018-05-17 01:34:49,5,2,68,0
8jzyb6,2018-05-17 00:32:51,3,r/announcements,0,2018-05-17 01:40:44,6,1,10,0
8jzyb6,2018-05-17 00:32:51,3,r/announcements,0,2018-05-17 02:02:20,5,1,16,0
8jzyb6,2018-05-17 00:32:51,3,r/announcements,0,2018-05-17 01:42:23,5,1,3,0
8jzyb6,2018-05-17 00:32:51,3,r/announcements,0,2018-05-17 01:35:03,4,0,7,0
8jzyb6,2018-05-17 00:32:51,3,r/announcements,0,2018-05-17 01:55:48,4,0,3,0
8jzyb6,2018-05-17 00:32:51,3,r/announcements,0,2018-05-17 03:03:43,4,1,3,0
8jzyb6,2018-05-17 00:32:51,3,r/announcements,0,2018-05-17 01:24:13,3,4,27,0
8jzyb6,2018-05-17 00:32:51,3,r/announcements,0,2018-05-17 01:25:50,4,0,20,0
8jzyb6,2018-05-17 00:32:51,3,r/announcements,0,2018-05-17 01:30:56,4,2,13,0
8jzyb6,2018-05-17 00:32:51,3,r/announcements,0,2018-05-17 01:31:48,5,0,6,0
8jzyb6,2018-05-17 00:32:51,3,r/announcements,0,2018-05-17 01:33:13,4,2,40,0
8jzyb6,2018-05-17 00:32:51,3,r/announcements,0,2018-05-17 01:53:10,5,2,6,0
8jzyb6,2018-05-17 00:32:51,3,r/announcements,0,2018-05-17 02:06:28,6,1,9,0
8jzyb6,2018-05-17 00:32:51,3,r/announcements,0,2018-05-17 02:46:34,7,1,5,0
8jzyb6,2018-05-17 00:32:51,3,r/announcements,0,2018-05-17 02:06:11,6,1,4,0
8jzyb6,2018-05-17 00:32:51,3,r/announcements,0,2018-05-17 01:21:52,3,1,27,0
8jzyb6,2018-05-17 00:32:51,3,r/announcements,0,2018-05-17 01:46:54,2,2,91,0
8jzyb6,2018-05-17 00:32:51,3,r/announcements,0,2018-05-17 04:26:57,3,0,10,0
8jzyb6,2018-05-17 00:32:51,3,r/announcements,0,2018-05-17 01:02:00,2,11,175,0
8jzyb6,2018-05-17 00:32:51,3,r/announcements,0,2018-05-17 01:12:00,3,2,169,0
8jzyb6,2018-05-17 00:32:51,3,r/announcements,0,2018-05-17 02:51:49,4,1,52,0
8jzyb6,2018-05-17 00:32:51,3,r/announcements,0,2018-05-17 04:29:21,4,0,14,0
8jzyb6,2018-05-17 00:32:51,3,r/announcements,0,2018-05-17 01:07:48,3,3,66,0
8jzyb6,2018-05-17 00:32:51,3,r/announcements,0,2018-05-17 01:10:27,4,1,32,0
8jzyb6,2018-05-17 00:32:51,3,r/announcements,0,2018-05-17 01:34:31,5,0,22,0
8jzyb6,2018-05-17 00:32:51,3,r/announcements,0,2018-05-17 03:28:06,4,1,7,0
8jzyb6,2018-05-17 00:32:51,3,r/announcements,0,2018-05-17 02:01:18,3,1,12,0
8jzyb6,2018-05-17 00:32:51,3,r/announcements,0,2018-05-17 01:57:40,3,2,41,0
8jzyb6,2018-05-17 00:32:51,3,r/announcements,0,2018-05-17 02:37:28,4,2,7,0
8jzyb6,2018-05-17 00:32:51,3,r/announcements,0,2018-05-17 02:57:29,5,1,11,0
8jzyb6,2018-05-17 00:32:51,3,r/announcements,0,2018-05-17 02:56:18,5,0,5,0
8jzyb6,2018-05-17 00:32:51,3,r/announcements,0,2018-05-17 01:10:56,3,1,26,0
8jzyb6,2018-05-17 00:32:51,3,r/announcements,0,2018-05-17 01:15:55,3,1,32,0
8jzyb6,2018-05-17 00:32:51,3,r/announcements,0,2018-05-17 01:55:49,4,0,9,0
8jzyb6,2018-05-17 00:32:51,3,r/announcements,0,2018-05-17 01:10:30,3,1,18,0
8jzyb6,2018-05-17 00:32:51,3,r/announcements,0,2018-05-17 01:14:21,4,1,14,0
8jzyb6,2018-05-17 00:32:51,3,r/announcements,0,2018-05-17 01:37:55,5,1,7,0
8jzyb6,2018-05-17 00:32:51,3,r/announcements,0,2018-05-17 01:08:31,3,0,11,0
8jzyb6,2018-05-17 00:32:51,3,r/announcements,0,2018-05-17 01:52:47,3,0,6,0
8jzyb6,2018-05-17 00:32:51,3,r/announcements,0,2018-05-17 02:01:12,3,0,9,0
8jzyb6,2018-05-17 00:32:51,3,r/announcements,0,2018-05-17 04:26:01,2,0,31,0
8jzyb6,2018-05-17 00:32:51,3,r/announcements,0,2018-05-17 00:56:41,2,2,70,0
8jzyb6,2018-05-17 00:32:51,3,r/announcements,0,2018-05-17 01:02:54,3,3,10,0
8jzyb6,2018-05-17 00:32:51,3,r/announcements,0,2018-05-17 01:08:33,4,2,4,0
8jzyb6,2018-05-17 00:32:51,3,r/announcements,0,2018-05-17 01:15:33,5,0,5,0
8jzyb6,2018-05-17 00:32:51,3,r/announcements,0,2018-05-17 01:08:06,4,0,6,0
8jzyb6,2018-05-17 00:32:51,3,r/announcements,0,2018-05-17 01:01:05,2,0,14,0
8jzyb6,2018-05-17 00:32:51,3,r/announcements,0,2018-05-17 01:55:52,2,0,5,0
8jzyb6,2018-05-17 00:32:51,3,r/announcements,0,2018-05-17 03:35:23,2,0,3,0
8jzyb6,2018-05-17 00:32:51,3,r/announcements,0,2018-05-17 02:06:34,2,1,9,0
8jzyb6,2018-05-17 00:32:51,3,r/announcements,0,2018-05-17 00:55:54,2,1,48,0
8jzyb6,2018-05-17 00:32:51,3,r/announcements,0,2018-05-17 00:49:53,1,1,40,0
8jzyb6,2018-05-17 00:32:51,3,r/announcements,0,2018-05-17 00:55:24,2,2,17,0
8jzyb6,2018-05-17 00:32:51,3,r/announcements,0,2018-05-17 01:06:11,3,1,19,0
8jzyb6,2018-05-17 00:32:51,3,r/announcements,0,2018-05-17 01:08:08,1,3,58,0
8jzyb6,2018-05-17 00:32:51,3,r/announcements,0,2018-05-17 01:40:16,2,0,19,0
8jzyb6,2018-05-17 00:32:51,3,r/announcements,0,2018-05-17 01:49:57,2,0,8,0
8jzyb6,2018-05-17 00:32:51,3,r/announcements,0,2018-05-17 01:21:52,1,0,11,0
8jzyb6,2018-05-17 00:32:51,3,r/announcements,0,2018-05-17 00:43:37,1,1,3,0
8jzyb6,2018-05-17 00:32:51,3,r/announcements,1,2018-05-17 01:32:17,0,30,1807,0
8jzyb6,2018-05-17 00:32:51,3,r/announcements,1,2018-05-17 01:42:14,1,5,787,0
8jzyb6,2018-05-17 00:32:51,3,r/announcements,1,2018-05-17 01:45:02,2,2,448,0
8jzyb6,2018-05-17 00:32:51,3,r/announcements,1,2018-05-17 01:55:23,3,3,236,0
8jzyb6,2018-05-17 00:32:51,3,r/announcements,1,2018-05-17 03:23:52,4,3,127,0
8jzyb6,2018-05-17 00:32:51,3,r/announcements,1,2018-05-17 03:26:15,5,0,15,0
8jzyb6,2018-05-17 00:32:51,3,r/announcements,1,2018-05-17 03:29:23,5,0,5,0
8jzyb6,2018-05-17 00:32:51,3,r/announcements,1,2018-05-17 02:22:33,4,0,16,0
8jzyb6,2018-05-17 00:32:51,3,r/announcements,1,2018-05-17 01:54:35,2,4,215,0
8jzyb6,2018-05-17 00:32:51,3,r/announcements,1,2018-05-17 02:08:17,3,2,69,0
8jzyb6,2018-05-17 00:32:51,3,r/announcements,1,2018-05-17 02:23:41,4,2,16,0
8jzyb6,2018-05-17 00:32:51,3,r/announcements,1,2018-05-17 02:35:52,5,2,21,0
8jzyb6,2018-05-17 00:32:51,3,r/announcements,1,2018-05-17 02:52:29,6,2,13,0
8jzyb6,2018-05-17 00:32:51,3,r/announcements,1,2018-05-17 03:10:58,7,1,3,0
8jzyb6,2018-05-17 00:32:51,3,r/announcements,1,2018-05-17 03:56:43,8,0,5,0
8jzyb6,2018-05-17 00:32:51,3,r/announcements,1,2018-05-17 01:58:49,3,3,66,0
8jzyb6,2018-05-17 00:32:51,3,r/announcements,1,2018-05-17 02:10:05,4,2,42,0
8jzyb6,2018-05-17 00:32:51,3,r/announcements,1,2018-05-17 02:27:07,5,0,13,0
8jzyb6,2018-05-17 00:32:51,3,r/announcements,1,2018-05-17 02:00:56,4,2,33,0
8jzyb6,2018-05-17 00:32:51,3,r/announcements,1,2018-05-17 02:25:04,5,1,5,0
8jzyb6,2018-05-17 00:32:51,3,r/announcements,1,2018-05-17 02:08:13,3,0,9,0
8jzyb6,2018-05-17 00:32:51,3,r/announcements,1,2018-05-17 01:58:23,2,0,28,0
8jzyb6,2018-05-17 00:32:51,3,r/announcements,1,2018-05-17 01:48:07,2,2,41,0
8jzyb6,2018-05-17 00:32:51,3,r/announcements,1,2018-05-17 01:55:40,3,1,22,0
8jzyb6,2018-05-17 00:32:51,3,r/announcements,1,2018-05-17 01:49:59,1,2,454,0
8jzyb6,2018-05-17 00:32:51,3,r/announcements,1,2018-05-17 02:04:25,2,3,132,0
8jzyb6,2018-05-17 00:32:51,3,r/announcements,1,2018-05-17 02:08:45,3,1,76,0
8jzyb6,2018-05-17 00:32:51,3,r/announcements,1,2018-05-17 02:17:24,4,2,26,0
8jzyb6,2018-05-17 00:32:51,3,r/announcements,1,2018-05-17 02:24:59,5,1,15,0
8jzyb6,2018-05-17 00:32:51,3,r/announcements,1,2018-05-17 02:20:42,3,0,9,0
8jzyb6,2018-05-17 00:32:51,3,r/announcements,1,2018-05-17 02:09:42,1,3,214,0
8jzyb6,2018-05-17 00:32:51,3,r/announcements,1,2018-05-17 03:13:34,2,1,88,0
8jzyb6,2018-05-17 00:32:51,3,r/announcements,1,2018-05-17 03:17:31,3,5,23,0
8jzyb6,2018-05-17 00:32:51,3,r/announcements,1,2018-05-17 03:37:17,4,1,57,0
8jzyb6,2018-05-17 00:32:51,3,r/announcements,1,2018-05-17 03:41:27,4,1,17,0
8jzyb6,2018-05-17 00:32:51,3,r/announcements,1,2018-05-17 04:10:00,5,0,4,0
8jzyb6,2018-05-17 00:32:51,3,r/announcements,1,2018-05-17 03:24:13,4,1,6,0
8jzyb6,2018-05-17 00:32:51,3,r/announcements,1,2018-05-17 04:21:14,5,1,3,0
8jzyb6,2018-05-17 00:32:51,3,r/announcements,1,2018-05-17 03:38:44,4,0,3,0
8jzyb6,2018-05-17 00:32:51,3,r/announcements,1,2018-05-17 03:25:30,2,0,5,0
8jzyb6,2018-05-17 00:32:51,3,r/announcements,1,2018-05-17 02:05:16,1,4,111,0
8jzyb6,2018-05-17 00:32:51,3,r/announcements,1,2018-05-17 02:13:06,2,4,132,0
8jzyb6,2018-05-17 00:32:51,3,r/announcements,1,2018-05-17 03:00:03,3,3,65,0
8jzyb6,2018-05-17 00:32:51,3,r/announcements,1,2018-05-17 03:06:21,4,0,11,0
8jzyb6,2018-05-17 00:32:51,3,r/announcements,1,2018-05-17 04:31:43,4,0,3,0
8jzyb6,2018-05-17 00:32:51,3,r/announcements,1,2018-05-17 04:00:03,3,0,8,0
8jzyb6,2018-05-17 00:32:51,3,r/announcements,1,2018-05-17 04:36:48,3,1,7,0
8jzyb6,2018-05-17 00:32:51,3,r/announcements,1,2018-05-17 03:02:36,2,1,26,0
8jzyb6,2018-05-17 00:32:51,3,r/announcements,1,2018-05-17 04:53:01,3,1,8,0
8jzyb6,2018-05-17 00:32:51,3,r/announcements,1,2018-05-17 03:03:38,2,0,6,0
8jzyb6,2018-05-17 00:32:51,3,r/announcements,1,2018-05-17 01:42:54,1,2,140,0
8jzyb6,2018-05-17 00:32:51,3,r/announcements,1,2018-05-17 01:49:24,2,2,41,0
8jzyb6,2018-05-17 00:32:51,3,r/announcements,1,2018-05-17 02:09:16,3,1,21,0
8jzyb6,2018-05-17 00:32:51,3,r/announcements,1,2018-05-17 01:50:30,1,2,42,0
8jzyb6,2018-05-17 00:32:51,3,r/announcements,1,2018-05-17 02:52:22,2,0,12,0
8jzyb6,2018-05-17 00:32:51,3,r/announcements,1,2018-05-17 01:43:00,1,4,199,0
8jzyb6,2018-05-17 00:32:51,3,r/announcements,1,2018-05-17 01:52:13,2,2,125,0
8jzyb6,2018-05-17 00:32:51,3,r/announcements,1,2018-05-17 02:08:23,3,2,57,0
8jzyb6,2018-05-17 00:32:51,3,r/announcements,1,2018-05-17 02:22:45,4,0,35,0
8jzyb6,2018-05-17 00:32:51,3,r/announcements,1,2018-05-17 01:48:47,2,0,17,0
8jzyb6,2018-05-17 00:32:51,3,r/announcements,1,2018-05-17 02:00:38,2,0,3,0
8jzyb6,2018-05-17 00:32:51,3,r/announcements,1,2018-05-17 01:43:51,1,1,48,0
8jzyb6,2018-05-17 00:32:51,3,r/announcements,1,2018-05-17 02:26:13,2,0,7,0
8jzyb6,2018-05-17 00:32:51,3,r/announcements,1,2018-05-17 02:48:19,1,1,10,0
8jzyb6,2018-05-17 00:32:51,3,r/announcements,1,2018-05-17 01:45:18,1,3,222,0
8jzyb6,2018-05-17 00:32:51,3,r/announcements,1,2018-05-17 02:19:31,2,4,108,0
8jzyb6,2018-05-17 00:32:51,3,r/announcements,1,2018-05-17 02:51:55,3,1,79,0
8jzyb6,2018-05-17 00:32:51,3,r/announcements,1,2018-05-17 03:32:21,3,2,10,0
8jzyb6,2018-05-17 00:32:51,3,r/announcements,1,2018-05-17 03:33:08,4,3,7,0
8jzyb6,2018-05-17 00:32:51,3,r/announcements,1,2018-05-17 04:27:02,5,2,11,0
8jzyb6,2018-05-17 00:32:51,3,r/announcements,1,2018-05-17 04:27:48,6,0,5,0
8jzyb6,2018-05-17 00:32:51,3,r/announcements,1,2018-05-17 03:33:32,5,0,5,0
8jzyb6,2018-05-17 00:32:51,3,r/announcements,1,2018-05-17 04:57:22,5,0,4,0
8jzyb6,2018-05-17 00:32:51,3,r/announcements,1,2018-05-17 03:29:27,3,1,7,0
8jzyb6,2018-05-17 00:32:51,3,r/announcements,1,2018-05-17 02:49:05,2,1,8,0
8jzyb6,2018-05-17 00:32:51,3,r/announcements,1,2018-05-17 03:32:35,3,0,8,0
8jzyb6,2018-05-17 00:32:51,3,r/announcements,1,2018-05-17 04:31:18,1,2,36,0
8jzyb6,2018-05-17 00:32:51,3,r/announcements,1,2018-05-17 04:40:28,2,0,3,0
8jzyb6,2018-05-17 00:32:51,3,r/announcements,1,2018-05-17 02:34:57,1,1,7,0
8jzyb6,2018-05-17 00:32:51,3,r/announcements,1,2018-05-17 04:13:21,2,0,5,0
8jzyb6,2018-05-17 00:32:51,3,r/announcements,1,2018-05-17 01:46:19,1,1,92,0
8jzyb6,2018-05-17 00:32:51,3,r/announcements,1,2018-05-17 01:53:14,1,2,70,0
8jzyb6,2018-05-17 00:32:51,3,r/announcements,1,2018-05-17 03:02:39,2,0,11,0
8jzyb6,2018-05-17 00:32:51,3,r/announcements,1,2018-05-17 02:34:37,1,0,7,0
8jzyb6,2018-05-17 00:32:51,3,r/announcements,1,2018-05-17 02:48:40,1,0,6,0
8jzyb6,2018-05-17 00:32:51,3,r/announcements,1,2018-05-17 02:52:19,1,1,7,0
8jzyb6,2018-05-17 00:32:51,3,r/announcements,1,2018-05-17 02:58:37,1,1,6,0
8jzyb6,2018-05-17 00:32:51,3,r/announcements,1,2018-05-17 01:56:31,1,0,11,0
8jzyb6,2018-05-17 00:32:51,3,r/announcements,1,2018-05-17 01:56:44,1,0,11,0
8jzyb6,2018-05-17 00:32:51,3,r/announcements,1,2018-05-17 02:10:47,1,1,11,0
8jzyb6,2018-05-17 00:32:51,3,r/announcements,1,2018-05-17 02:37:01,2,1,7,0
8jzyb6,2018-05-17 00:32:51,3,r/announcements,1,2018-05-17 02:25:55,1,0,9,0
8jzyb6,2018-05-17 00:32:51,3,r/announcements,1,2018-05-17 01:57:50,1,0,8,0
8jzyb6,2018-05-17 00:32:51,3,r/announcements,1,2018-05-17 01:40:14,1,8,23,0
8jzyb6,2018-05-17 00:32:51,3,r/announcements,1,2018-05-17 01:41:41,2,2,182,0
8jzyb6,2018-05-17 00:32:51,3,r/announcements,1,2018-05-17 01:42:50,3,0,45,0
8jzyb6,2018-05-17 00:32:51,3,r/announcements,1,2018-05-17 01:41:55,2,1,68,0
8jzyb6,2018-05-17 00:32:51,3,r/announcements,1,2018-05-17 01:47:10,2,0,24,0
8jzyb6,2018-05-17 00:32:51,3,r/announcements,1,2018-05-17 01:42:30,2,1,50,0
8jzyb6,2018-05-17 00:32:51,3,r/announcements,1,2018-05-17 01:47:13,3,1,39,0
8jzyb6,2018-05-17 00:32:51,3,r/announcements,1,2018-05-17 01:50:56,4,2,9,0
8jzyb6,2018-05-17 00:32:51,3,r/announcements,1,2018-05-17 01:53:56,5,0,5,0
8jzyb6,2018-05-17 00:32:51,3,r/announcements,1,2018-05-17 01:41:37,2,0,16,0
8jzyb6,2018-05-17 00:32:51,3,r/announcements,1,2018-05-17 01:48:33,2,0,17,0
8jzyb6,2018-05-17 00:32:51,3,r/announcements,1,2018-05-17 01:47:32,2,0,24,0
8jzyb6,2018-05-17 00:32:51,3,r/announcements,1,2018-05-17 02:18:49,1,0,3,0
8jzyb6,2018-05-17 00:32:51,3,r/announcements,1,2018-05-17 03:05:38,1,0,3,0
8jzyb6,2018-05-17 00:32:51,3,r/announcements,1,2018-05-17 02:01:45,1,1,3,0
8jzyb6,2018-05-17 00:32:51,3,r/announcements,1,2018-05-17 02:48:09,1,2,6,0
8jzyb6,2018-05-17 00:32:51,3,r/announcements,1,2018-05-17 02:52:01,2,1,5,0
8jzyb6,2018-05-17 00:32:51,3,r/announcements,1,2018-05-17 01:52:32,1,1,4,0
8jzyb6,2018-05-17 00:32:51,3,r/announcements,2,2018-05-17 00:44:48,0,9,3926,0
8jzyb6,2018-05-17 00:32:51,3,r/announcements,2,2018-05-17 01:23:27,1,4,289,0
8jzyb6,2018-05-17 00:32:51,3,r/announcements,2,2018-05-17 01:32:42,2,3,222,0
8jzyb6,2018-05-17 00:32:51,3,r/announcements,2,2018-05-17 01:59:28,3,3,157,0
8jzyb6,2018-05-17 00:32:51,3,r/announcements,2,2018-05-17 02:29:01,4,1,30,0
8jzyb6,2018-05-17 00:32:51,3,r/announcements,2,2018-05-17 02:31:30,5,1,62,0
8jzyb6,2018-05-17 00:32:51,3,r/announcements,2,2018-05-17 02:58:32,6,1,6,0
8jzyb6,2018-05-17 00:32:51,3,r/announcements,2,2018-05-17 03:11:35,4,0,5,0
8jzyb6,2018-05-17 00:32:51,3,r/announcements,2,2018-05-17 03:08:05,3,0,6,0
8jzyb6,2018-05-17 00:32:51,3,r/announcements,2,2018-05-17 03:28:45,3,0,3,0
8jzyb6,2018-05-17 00:32:51,3,r/announcements,2,2018-05-17 02:50:00,2,2,27,0
8jzyb6,2018-05-17 00:32:51,3,r/announcements,2,2018-05-17 05:07:02,3,0,3,0
8jzyb6,2018-05-17 00:32:51,3,r/announcements,2,2018-05-17 05:12:07,3,0,3,0
8jzyb6,2018-05-17 00:32:51,3,r/announcements,2,2018-05-17 02:07:23,2,0,7,0
8jzyb6,2018-05-17 00:32:51,3,r/announcements,2,2018-05-17 01:02:18,1,3,467,0
8jzyb6,2018-05-17 00:32:51,3,r/announcements,2,2018-05-17 02:06:51,2,3,30,0
8jzyb6,2018-05-17 00:32:51,3,r/announcements,2,2018-05-17 03:04:26,3,1,13,0
8jzyb6,2018-05-17 00:32:51,3,r/announcements,2,2018-05-17 03:05:34,4,1,18,0
8jzyb6,2018-05-17 00:32:51,3,r/announcements,2,2018-05-17 03:43:26,3,0,6,0
8jzyb6,2018-05-17 00:32:51,3,r/announcements,2,2018-05-17 01:25:11,2,1,38,0
8jzyb6,2018-05-17 00:32:51,3,r/announcements,2,2018-05-17 01:45:05,1,2,19,0
8jzyb6,2018-05-17 00:32:51,3,r/announcements,2,2018-05-17 02:02:28,2,2,12,0
8jzyb6,2018-05-17 00:32:51,3,r/announcements,2,2018-05-17 04:11:05,3,0,7,0
8jzyb6,2018-05-17 00:32:51,3,r/announcements,2,2018-05-17 01:01:20,1,3,257,0
8jzyb6,2018-05-17 00:32:51,3,r/announcements,2,2018-05-17 02:32:23,2,2,17,0
8jzyb6,2018-05-17 00:32:51,3,r/announcements,2,2018-05-17 02:36:54,3,2,8,0
8jzyb6,2018-05-17 00:32:51,3,r/announcements,2,2018-05-17 02:40:33,4,1,5,0
8jzyb6,2018-05-17 00:32:51,3,r/announcements,2,2018-05-17 02:42:57,5,1,3,0
8jzyb6,2018-05-17 00:32:51,3,r/announcements,2,2018-05-17 01:08:26,2,4,110,0
8jzyb6,2018-05-17 00:32:51,3,r/announcements,2,2018-05-17 01:15:03,3,1,46,0
8jzyb6,2018-05-17 00:32:51,3,r/announcements,2,2018-05-17 01:09:46,3,2,149,0
8jzyb6,2018-05-17 00:32:51,3,r/announcements,2,2018-05-17 01:12:43,4,1,15,0
8jzyb6,2018-05-17 00:32:51,3,r/announcements,2,2018-05-17 01:48:39,3,0,4,0
8jzyb6,2018-05-17 00:32:51,3,r/announcements,2,2018-05-17 01:22:16,1,0,4,0
8jzyb6,2018-05-17 00:32:51,3,r/announcements,2,2018-05-17 02:11:03,1,0,3,0
8jzyb6,2018-05-17 00:32:51,3,r/announcements,2,2018-05-17 01:22:53,1,0,8,0
8jzyb6,2018-05-17 00:32:51,3,r/announcements,2,2018-05-17 01:35:21,1,0,7,0
8jzyb6,2018-05-17 00:32:51,3,r/announcements,3,2018-05-17 00:38:10,0,4,1246,0
8jzyb6,2018-05-17 00:32:51,3,r/announcements,3,2018-05-17 00:53:13,1,2,197,0
8jzyb6,2018-05-17 00:32:51,3,r/announcements,3,2018-05-17 00:59:43,2,1,30,0
8jzyb6,2018-05-17 00:32:51,3,r/announcements,3,2018-05-17 01:06:12,3,3,85,0
8jzyb6,2018-05-17 00:32:51,3,r/announcements,3,2018-05-17 01:27:49,4,1,31,0
8jzyb6,2018-05-17 00:32:51,3,r/announcements,3,2018-05-17 02:16:56,5,0,5,0
8jzyb6,2018-05-17 00:32:51,3,r/announcements,3,2018-05-17 01:55:30,4,1,11,0
8jzyb6,2018-05-17 00:32:51,3,r/announcements,3,2018-05-17 01:00:24,1,1,41,0
8jzyb6,2018-05-17 00:32:51,3,r/announcements,3,2018-05-17 01:11:51,1,2,6,0
8jzyb6,2018-05-17 00:32:51,3,r/announcements,3,2018-05-17 01:14:38,2,1,26,0
8jzyb6,2018-05-17 00:32:51,3,r/announcements,3,2018-05-17 01:48:57,3,1,6,0
8jzyb6,2018-05-17 00:32:51,3,r/announcements,4,2018-05-17 01:02:38,0,7,1015,0
8jzyb6,2018-05-17 00:32:51,3,r/announcements,4,2018-05-17 01:23:17,1,2,171,0
8jzyb6,2018-05-17 00:32:51,3,r/announcements,4,2018-05-17 01:37:02,2,0,21,0
8jzyb6,2018-05-17 00:32:51,3,r/announcements,4,2018-05-17 01:31:36,1,1,43,0
8jzyb6,2018-05-17 00:32:51,3,r/announcements,4,2018-05-17 01:38:37,1,1,50,0
8jzyb6,2018-05-17 00:32:51,3,r/announcements,4,2018-05-17 02:04:36,2,1,19,0
8jzyb6,2018-05-17 00:32:51,3,r/announcements,4,2018-05-17 02:15:24,3,1,14,0
8jzyb6,2018-05-17 00:32:51,3,r/announcements,4,2018-05-17 01:30:34,1,1,14,0
8jzyb6,2018-05-17 00:32:51,3,r/announcements,4,2018-05-17 01:32:24,2,0,15,0
8jzyb6,2018-05-17 00:32:51,3,r/announcements,4,2018-05-17 02:04:22,1,0,4,0
8jzyb6,2018-05-17 00:32:51,3,r/announcements,4,2018-05-17 01:38:33,1,0,4,0
8jzyb6,2018-05-17 00:32:51,3,r/announcements,5,2018-05-17 00:34:35,0,6,769,0
8jzyb6,2018-05-17 00:32:51,3,r/announcements,5,2018-05-17 00:37:20,1,3,389,0
8jzyb6,2018-05-17 00:32:51,3,r/announcements,5,2018-05-17 00:48:16,2,2,154,0
8jzyb6,2018-05-17 00:32:51,3,r/announcements,5,2018-05-17 00:57:57,3,1,91,0
8jzyb6,2018-05-17 00:32:51,3,r/announcements,5,2018-05-17 00:59:16,4,2,78,0
8jzyb6,2018-05-17 00:32:51,3,r/announcements,5,2018-05-17 02:25:13,5,0,15,0
8jzyb6,2018-05-17 00:32:51,3,r/announcements,5,2018-05-17 00:40:54,2,4,15,0
8jzyb6,2018-05-17 00:32:51,3,r/announcements,5,2018-05-17 00:43:15,3,1,29,0
8jzyb6,2018-05-17 00:32:51,3,r/announcements,5,2018-05-17 00:42:16,3,2,41,0
8jzyb6,2018-05-17 00:32:51,3,r/announcements,5,2018-05-17 00:55:44,4,1,12,0
8jzyb6,2018-05-17 00:32:51,3,r/announcements,5,2018-05-17 00:48:10,3,2,10,0
8jzyb6,2018-05-17 00:32:51,3,r/announcements,5,2018-05-17 00:52:04,4,1,6,0
8jzyb6,2018-05-17 00:32:51,3,r/announcements,5,2018-05-17 01:06:21,5,1,14,0
8jzyb6,2018-05-17 00:32:51,3,r/announcements,5,2018-05-17 01:10:33,6,1,10,0
8jzyb6,2018-05-17 00:32:51,3,r/announcements,5,2018-05-17 01:12:05,7,1,13,0
8jzyb6,2018-05-17 00:32:51,3,r/announcements,5,2018-05-17 00:37:33,1,1,13,0
8jzyb6,2018-05-17 00:32:51,3,r/announcements,5,2018-05-17 02:21:24,2,0,3,0
8jzyb6,2018-05-17 00:32:51,3,r/announcements,5,2018-05-17 00:48:02,1,1,25,0
8jzyb6,2018-05-17 00:32:51,3,r/announcements,5,2018-05-17 00:53:11,2,0,9,0
8jzyb6,2018-05-17 00:32:51,3,r/announcements,5,2018-05-17 00:42:35,1,0,8,0
8jzyb6,2018-05-17 00:32:51,3,r/announcements,5,2018-05-17 01:23:02,1,0,4,0
8jzyb6,2018-05-17 00:32:51,3,r/announcements,6,2018-05-17 00:42:03,0,3,233,0
8jzyb6,2018-05-17 00:32:51,3,r/announcements,6,2018-05-17 01:25:22,1,1,56,0
8jzyb6,2018-05-17 00:32:51,3,r/announcements,6,2018-05-17 01:38:56,2,1,41,0
8jzyb6,2018-05-17 00:32:51,3,r/announcements,6,2018-05-17 02:23:57,1,1,6,0
8jzyb6,2018-05-17 00:32:51,3,r/announcements,7,2018-05-17 00:40:03,0,5,223,0
8jzyb6,2018-05-17 00:32:51,3,r/announcements,7,2018-05-17 00:45:04,1,3,130,0
8jzyb6,2018-05-17 00:32:51,3,r/announcements,7,2018-05-17 00:48:54,2,3,55,0
8jzyb6,2018-05-17 00:32:51,3,r/announcements,7,2018-05-17 00:51:45,3,2,101,0
8jzyb6,2018-05-17 00:32:51,3,r/announcements,7,2018-05-17 00:57:03,4,2,34,0
8jzyb6,2018-05-17 00:32:51,3,r/announcements,7,2018-05-17 01:03:20,5,1,56,0
8jzyb6,2018-05-17 00:32:51,3,r/announcements,7,2018-05-17 03:35:04,6,0,4,0
8jzyb6,2018-05-17 00:32:51,3,r/announcements,7,2018-05-17 01:11:56,3,0,7,0
8jzyb6,2018-05-17 00:32:51,3,r/announcements,7,2018-05-17 02:36:20,2,0,10,0
8jzyb6,2018-05-17 00:32:51,3,r/announcements,7,2018-05-17 01:55:16,1,1,23,0
8jzyb6,2018-05-17 00:32:51,3,r/announcements,7,2018-05-17 02:42:50,1,1,8,0
8jzyb6,2018-05-17 00:32:51,3,r/announcements,7,2018-05-17 02:35:08,1,0,5,0
8jzyb6,2018-05-17 00:32:51,3,r/announcements,8,2018-05-17 00:34:10,0,7,689,0
8jzyb6,2018-05-17 00:32:51,3,r/announcements,8,2018-05-17 00:36:36,1,2,283,0
8jzyb6,2018-05-17 00:32:51,3,r/announcements,8,2018-05-17 00:38:28,2,2,97,0
8jzyb6,2018-05-17 00:32:51,3,r/announcements,8,2018-05-17 00:42:38,3,3,112,0
8jzyb6,2018-05-17 00:32:51,3,r/announcements,8,2018-05-17 00:43:31,4,3,112,0
8jzyb6,2018-05-17 00:32:51,3,r/announcements,8,2018-05-17 00:58:55,5,2,68,0
8jzyb6,2018-05-17 00:32:51,3,r/announcements,8,2018-05-17 02:37:04,6,1,3,0
8jzyb6,2018-05-17 00:32:51,3,r/announcements,8,2018-05-17 01:26:30,5,0,7,0
8jzyb6,2018-05-17 00:32:51,3,r/announcements,8,2018-05-17 01:25:32,4,2,3,0
8jzyb6,2018-05-17 00:32:51,3,r/announcements,8,2018-05-17 01:33:38,5,0,3,0
8jzyb6,2018-05-17 00:32:51,3,r/announcements,8,2018-05-17 01:09:37,1,1,17,0
8jzyb6,2018-05-17 00:32:51,3,r/announcements,8,2018-05-17 00:43:55,1,0,47,0
8jzyb6,2018-05-17 00:32:51,3,r/announcements,8,2018-05-17 00:47:38,1,3,23,0
8jzyb6,2018-05-17 00:32:51,3,r/announcements,8,2018-05-17 00:51:10,2,1,10,0
8jzyb6,2018-05-17 00:32:51,3,r/announcements,8,2018-05-17 00:58:27,3,3,38,0
8jzyb6,2018-05-17 00:32:51,3,r/announcements,8,2018-05-17 02:09:45,4,0,5,0
8jzyb6,2018-05-17 00:32:51,3,r/announcements,8,2018-05-17 01:28:09,4,0,7,0
8jzyb6,2018-05-17 00:32:51,3,r/announcements,8,2018-05-17 00:58:43,2,0,6,0
8jzyb6,2018-05-17 00:32:51,3,r/announcements,8,2018-05-17 00:49:55,1,0,5,0
8jzyb6,2018-05-17 00:32:51,3,r/announcements,8,2018-05-17 00:42:49,1,1,3,0
8jzyb6,2018-05-17 00:32:51,3,r/announcements,8,2018-05-17 00:45:51,2,2,6,0
8jzyb6,2018-05-17 00:32:51,3,r/announcements,8,2018-05-17 00:47:22,3,2,8,0
8jzyb6,2018-05-17 00:32:51,3,r/announcements,8,2018-05-17 00:57:26,4,0,20,0
8jzyb6,2018-05-17 00:32:51,3,r/announcements,8,2018-05-17 01:00:08,4,0,11,0
8jzyb6,2018-05-17 00:32:51,3,r/announcements,9,2018-05-17 00:33:40,0,5,1035,0
8jzyb6,2018-05-17 00:32:51,3,r/announcements,9,2018-05-17 00:35:36,1,4,107,0
8jzyb6,2018-05-17 00:32:51,3,r/announcements,9,2018-05-17 00:36:27,2,2,65,0
8jzyb6,2018-05-17 00:32:51,3,r/announcements,9,2018-05-17 00:45:06,3,1,17,0
8jzyb6,2018-05-17 00:32:51,3,r/announcements,9,2018-05-17 00:50:56,3,0,7,0
8jzyb6,2018-05-17 00:32:51,3,r/announcements,9,2018-05-17 00:59:47,2,0,3,0
8jzyb6,2018-05-17 00:32:51,3,r/announcements,9,2018-05-17 00:41:48,2,1,6,0
8jzyb6,2018-05-17 00:32:51,3,r/announcements,9,2018-05-17 01:09:01,3,0,5,0
8jzyb6,2018-05-17 00:32:51,3,r/announcements,9,2018-05-17 00:35:50,1,0,20,0
8jzyb6,2018-05-17 00:32:51,3,r/announcements,9,2018-05-17 00:39:30,1,2,31,0
8jzyb6,2018-05-17 00:32:51,3,r/announcements,9,2018-05-17 00:42:12,2,2,74,0
8jzyb6,2018-05-17 00:32:51,3,r/announcements,9,2018-05-17 01:15:54,3,0,8,0
8jzyb6,2018-05-17 00:32:51,3,r/announcements,9,2018-05-17 01:44:23,3,0,5,0
8jzyb6,2018-05-17 00:32:51,3,r/announcements,9,2018-05-17 00:49:17,1,0,3,0
8jzyb6,2018-05-17 00:32:51,3,r/announcements,10,2018-05-17 00:33:45,0,4,264,0
8jzyb6,2018-05-17 00:32:51,3,r/announcements,10,2018-05-17 00:35:00,1,0,55,0
8jzyb6,2018-05-17 00:32:51,3,r/announcements,10,2018-05-17 00:40:04,1,1,17,0
8jzyb6,2018-05-17 00:32:51,3,r/announcements,10,2018-05-17 00:41:49,2,3,72,0
8jzyb6,2018-05-17 00:32:51,3,r/announcements,10,2018-05-17 00:46:09,3,2,25,0
8jzyb6,2018-05-17 00:32:51,3,r/announcements,10,2018-05-17 00:47:31,4,1,31,0
8jzyb6,2018-05-17 00:32:51,3,r/announcements,10,2018-05-17 01:14:09,5,0,12,0
8jzyb6,2018-05-17 00:32:51,3,r/announcements,10,2018-05-17 00:49:49,4,1,12,0
8jzyb6,2018-05-17 00:32:51,3,r/announcements,10,2018-05-17 00:42:32,3,0,5,0
8jzyb6,2018-05-17 00:32:51,3,r/announcements,10,2018-05-17 01:20:40,1,0,3,0
8jzyb6,2018-05-17 00:32:51,3,r/announcements,11,2018-05-17 00:34:19,0,7,185,0
8jzyb6,2018-05-17 00:32:51,3,r/announcements,11,2018-05-17 00:38:03,1,3,171,0
8jzyb6,2018-05-17 00:32:51,3,r/announcements,11,2018-05-17 00:50:59,2,3,111,0
8jzyb6,2018-05-17 00:32:51,3,r/announcements,11,2018-05-17 01:13:03,3,3,70,0
8jzyb6,2018-05-17 00:32:51,3,r/announcements,11,2018-05-17 01:20:37,4,2,13,0
8jzyb6,2018-05-17 00:32:51,3,r/announcements,11,2018-05-17 01:29:53,5,0,9,0
8jzyb6,2018-05-17 00:32:51,3,r/announcements,11,2018-05-17 01:20:46,4,0,9,0
8jzyb6,2018-05-17 00:32:51,3,r/announcements,11,2018-05-17 01:13:13,3,0,4,0
8jzyb6,2018-05-17 00:32:51,3,r/announcements,11,2018-05-17 01:52:28,2,0,7,0
8jzyb6,2018-05-17 00:32:51,3,r/announcements,11,2018-05-17 00:37:14,1,1,98,0
8jzyb6,2018-05-17 00:32:51,3,r/announcements,11,2018-05-17 00:44:04,1,2,62,0
8jzyb6,2018-05-17 00:32:51,3,r/announcements,11,2018-05-17 00:47:02,2,3,50,0
8jzyb6,2018-05-17 00:32:51,3,r/announcements,11,2018-05-17 00:54:37,3,2,30,0
8jzyb6,2018-05-17 00:32:51,3,r/announcements,11,2018-05-17 01:10:57,4,1,36,0
8jzyb6,2018-05-17 00:32:51,3,r/announcements,11,2018-05-17 01:14:29,4,0,9,0
8jzyb6,2018-05-17 00:32:51,3,r/announcements,11,2018-05-17 01:47:49,3,0,4,0
8jzyb6,2018-05-17 00:32:51,3,r/announcements,11,2018-05-17 00:37:13,1,1,41,0
8jzyb6,2018-05-17 00:32:51,3,r/announcements,11,2018-05-17 00:44:52,1,0,20,0
8jzyb6,2018-05-17 00:32:51,3,r/announcements,11,2018-05-17 00:46:55,1,0,17,0
8jzyb6,2018-05-17 00:32:51,3,r/announcements,12,2018-05-17 00:50:49,0,3,115,0
8jzyb6,2018-05-17 00:32:51,3,r/announcements,12,2018-05-17 01:13:28,1,1,42,0
8jzyb6,2018-05-17 00:32:51,3,r/announcements,12,2018-05-17 01:40:41,1,0,7,0
8jzyb6,2018-05-17 00:32:51,3,r/announcements,13,2018-05-17 00:34:20,0,1,122,0
8jzyb6,2018-05-17 00:32:51,3,r/announcements,13,2018-05-17 00:46:02,1,1,44,0
8jzyb6,2018-05-17 00:32:51,3,r/announcements,14,2018-05-17 02:18:09,0,3,259,0
8jzyb6,2018-05-17 00:32:51,3,r/announcements,14,2018-05-17 03:41:01,1,0,14,0
8jzyb6,2018-05-17 00:32:51,3,r/announcements,14,2018-05-17 03:33:07,1,1,6,0
8jzyb6,2018-05-17 00:32:51,3,r/announcements,15,2018-05-17 00:34:43,0,5,312,0
8jzyb6,2018-05-17 00:32:51,3,r/announcements,15,2018-05-17 01:30:49,1,2,61,0
8jzyb6,2018-05-17 00:32:51,3,r/announcements,15,2018-05-17 02:37:45,2,1,15,0
8jzyb6,2018-05-17 00:32:51,3,r/announcements,15,2018-05-17 02:46:26,3,0,4,0
8jzyb6,2018-05-17 00:32:51,3,r/announcements,15,2018-05-17 01:53:45,2,0,8,0
8jzyb6,2018-05-17 00:32:51,3,r/announcements,15,2018-05-17 00:47:31,1,0,33,0
8jzyb6,2018-05-17 00:32:51,3,r/announcements,15,2018-05-17 01:10:25,1,0,21,0
8jzyb6,2018-05-17 00:32:51,3,r/announcements,15,2018-05-17 01:08:04,1,0,3,0
8jzyb6,2018-05-17 00:32:51,3,r/announcements,16,2018-05-17 01:35:55,0,1,32,0
8jzyb6,2018-05-17 00:32:51,3,r/announcements,17,2018-05-17 00:57:42,0,3,283,0
8jzyb6,2018-05-17 00:32:51,3,r/announcements,17,2018-05-17 03:25:56,1,0,9,0
8jzyb6,2018-05-17 00:32:51,3,r/announcements,17,2018-05-17 01:02:32,1,1,31,0
8jzyb6,2018-05-17 00:32:51,3,r/announcements,17,2018-05-17 01:35:56,2,2,14,0
8jzyb6,2018-05-17 00:32:51,3,r/announcements,17,2018-05-17 01:37:25,3,3,32,0
8jzyb6,2018-05-17 00:32:51,3,r/announcements,17,2018-05-17 01:40:52,4,2,76,0
8jzyb6,2018-05-17 00:32:51,3,r/announcements,17,2018-05-17 02:06:00,5,0,47,0
8jzyb6,2018-05-17 00:32:51,3,r/announcements,17,2018-05-17 01:51:35,4,0,11,0
8jzyb6,2018-05-17 00:32:51,3,r/announcements,18,2018-05-17 01:01:56,0,1,13,0
8jzyb6,2018-05-17 00:32:51,3,r/announcements,19,2018-05-17 02:46:10,0,3,40,0
8jzyb6,2018-05-17 00:32:51,3,r/announcements,19,2018-05-17 02:48:17,1,0,3,0
8jzyb6,2018-05-17 00:32:51,3,r/announcements,19,2018-05-17 03:42:51,1,1,4,0
8jzyb6,2018-05-17 00:32:51,3,r/announcements,20,2018-05-17 01:00:48,0,0,21,0
8jzyb6,2018-05-17 00:32:51,3,r/announcements,21,2018-05-17 00:35:23,0,1,56,0
8jzyb6,2018-05-17 00:32:51,3,r/announcements,22,2018-05-17 00:57:44,0,0,8,0
8jzyb6,2018-05-17 00:32:51,3,r/announcements,23,2018-05-17 01:35:27,0,1,54,0
8jzyb6,2018-05-17 00:32:51,3,r/announcements,24,2018-05-17 01:03:56,0,3,63,0
8jzyb6,2018-05-17 00:32:51,3,r/announcements,24,2018-05-17 01:04:59,1,0,26,0
8jzyb6,2018-05-17 00:32:51,3,r/announcements,24,2018-05-17 01:38:53,1,0,5,0
8jzyb6,2018-05-17 00:32:51,3,r/announcements,25,2018-05-17 01:19:57,0,1,16,0
8jzyb6,2018-05-17 00:32:51,3,r/announcements,26,2018-05-17 01:32:34,0,1,7,0
8jzyb6,2018-05-17 00:32:51,3,r/announcements,27,2018-05-17 01:05:59,0,2,41,0
8jzyb6,2018-05-17 00:32:51,3,r/announcements,27,2018-05-17 04:14:02,1,0,3,0
8jzyb6,2018-05-17 00:32:51,3,r/announcements,28,2018-05-17 01:37:48,0,0,8,0
8jzyb6,2018-05-17 00:32:51,3,r/announcements,29,2018-05-17 00:43:18,0,0,40,0
8jzyb6,2018-05-17 00:32:51,3,r/announcements,30,2018-05-17 00:44:21,0,0,13,0
8jzyb6,2018-05-17 00:32:51,3,r/announcements,31,2018-05-17 01:34:42,0,0,11,0
8jzyb6,2018-05-17 00:32:51,3,r/announcements,32,2018-05-17 00:49:13,0,5,30,0
8jzyb6,2018-05-17 00:32:51,3,r/announcements,32,2018-05-17 01:10:23,1,0,40,0
8jzyb6,2018-05-17 00:32:51,3,r/announcements,32,2018-05-17 02:13:41,1,0,4,0
8jzyb6,2018-05-17 00:32:51,3,r/announcements,32,2018-05-17 01:31:18,1,0,8,0
8jzyb6,2018-05-17 00:32:51,3,r/announcements,32,2018-05-17 01:31:53,1,0,6,0
8jzyb6,2018-05-17 00:32:51,3,r/announcements,33,2018-05-17 00:47:12,0,1,11,0
8jzyb6,2018-05-17 00:32:51,3,r/announcements,34,2018-05-17 00:47:12,0,4,154,0
8jzyb6,2018-05-17 00:32:51,3,r/announcements,34,2018-05-17 01:05:05,1,2,57,0
8jzyb6,2018-05-17 00:32:51,3,r/announcements,34,2018-05-17 01:11:04,2,0,23,0
8jzyb6,2018-05-17 00:32:51,3,r/announcements,34,2018-05-17 00:57:35,1,2,14,0
8jzyb6,2018-05-17 00:32:51,3,r/announcements,34,2018-05-17 01:05:53,2,0,30,0
8jzyb6,2018-05-17 00:32:51,3,r/announcements,34,2018-05-17 01:00:50,2,0,9,0
8jzyb6,2018-05-17 00:32:51,3,r/announcements,34,2018-05-17 01:05:56,1,3,29,0
8jzyb6,2018-05-17 00:32:51,3,r/announcements,34,2018-05-17 01:15:44,2,1,35,0
8jzyb6,2018-05-17 00:32:51,3,r/announcements,34,2018-05-17 02:31:41,2,0,8,0
8jzyb6,2018-05-17 00:32:51,3,r/announcements,35,2018-05-17 01:47:20,0,0,6,0
8jzyb6,2018-05-17 00:32:51,3,r/announcements,36,2018-05-17 02:37:29,0,0,6,0
8jzyb6,2018-05-17 00:32:51,3,r/announcements,37,2018-05-17 02:42:46,0,2,7,0
8jzyb6,2018-05-17 00:32:51,3,r/announcements,37,2018-05-17 03:50:06,1,1,3,0
8jzyb6,2018-05-17 00:32:51,3,r/announcements,38,2018-05-17 01:36:09,0,1,23,0
8jzyb6,2018-05-17 00:32:51,3,r/announcements,39,2018-05-17 01:01:07,0,0,17,0
8jzyb6,2018-05-17 00:32:51,3,r/announcements,40,2018-05-17 00:56:56,0,2,34,0
8jzyb6,2018-05-17 00:32:51,3,r/announcements,40,2018-05-17 01:43:09,1,0,7,0
8jzyb6,2018-05-17 00:32:51,3,r/announcements,40,2018-05-17 02:53:51,1,0,3,0
8jzyb6,2018-05-17 00:32:51,3,r/announcements,41,2018-05-17 00:34:40,0,0,13,0
8jzyb6,2018-05-17 00:32:51,3,r/announcements,42,2018-05-17 00:34:45,0,1,14,0
8jzyb6,2018-05-17 00:32:51,3,r/announcements,42,2018-05-17 00:37:17,1,2,12,0
8jzyb6,2018-05-17 00:32:51,3,r/announcements,42,2018-05-17 01:12:54,2,0,5,0
8jzyb6,2018-05-17 00:32:51,3,r/announcements,43,2018-05-17 00:54:29,0,4,15,0
8jzyb6,2018-05-17 00:32:51,3,r/announcements,43,2018-05-17 02:05:27,1,2,12,0
8jzyb6,2018-05-17 00:32:51,3,r/announcements,43,2018-05-17 02:14:42,2,0,5,0
8jzyb6,2018-05-17 00:32:51,3,r/announcements,43,2018-05-17 01:31:05,1,0,8,0
8jzyb6,2018-05-17 00:32:51,3,r/announcements,43,2018-05-17 01:28:48,1,0,8,0
8jzyb6,2018-05-17 00:32:51,3,r/announcements,44,2018-05-17 00:43:28,0,1,4,0
8jzyb6,2018-05-17 00:32:51,3,r/announcements,45,2018-05-17 01:21:14,0,1,6,0
8jzyb6,2018-05-17 00:32:51,3,r/announcements,46,2018-05-17 01:46:31,0,1,7,0
8jzyb6,2018-05-17 00:32:51,3,r/announcements,47,2018-05-17 01:50:50,0,0,5,0
8jzyb6,2018-05-17 00:32:51,3,r/announcements,48,2018-05-17 01:52:27,0,0,5,0
8jzyb6,2018-05-17 00:32:51,3,r/announcements,49,2018-05-17 01:53:51,0,0,5,0
8jzyb6,2018-05-17 00:32:51,3,r/announcements,50,2018-05-17 00:37:41,0,2,29,0
8jzyb6,2018-05-17 00:32:51,3,r/announcements,50,2018-05-17 01:01:46,1,0,5,0
8jzyb6,2018-05-17 00:32:51,3,r/announcements,51,2018-05-17 00:41:39,0,3,10,0
8jzyb6,2018-05-17 00:32:51,3,r/announcements,51,2018-05-17 00:59:36,1,1,6,0
8jzyb6,2018-05-17 00:32:51,3,r/announcements,51,2018-05-17 01:11:33,2,0,5,0
8jzyb6,2018-05-17 00:32:51,3,r/announcements,51,2018-05-17 01:11:46,1,0,4,0
8jzyb6,2018-05-17 00:32:51,3,r/announcements,52,2018-05-17 00:42:13,0,0,4,0
8jzyb6,2018-05-17 00:32:51,3,r/announcements,53,2018-05-17 01:08:48,0,1,2,0
8jzyb6,2018-05-17 00:32:51,3,r/announcements,54,2018-05-17 01:15:02,0,0,4,0
8jzyb6,2018-05-17 00:32:51,3,r/announcements,55,2018-05-17 02:09:29,0,0,4,0
8jzyb6,2018-05-17 00:32:51,3,r/announcements,56,2018-05-17 02:11:03,0,0,5,0
8jzyb6,2018-05-17 00:32:51,3,r/announcements,57,2018-05-17 02:26:40,0,0,4,0
8jzyb6,2018-05-17 00:32:51,3,r/announcements,58,2018-05-17 02:32:29,0,0,4,0
8jzyb6,2018-05-17 00:32:51,3,r/announcements,59,2018-05-17 00:34:56,0,1,27,0
8jzyb6,2018-05-17 00:32:51,3,r/announcements,60,2018-05-17 00:37:05,0,4,11,0
8jzyb6,2018-05-17 00:32:51,3,r/announcements,60,2018-05-17 00:39:38,1,2,32,0
8jzyb6,2018-05-17 00:32:51,3,r/announcements,60,2018-05-17 01:27:55,2,1,4,0
8jzyb6,2018-05-17 00:32:51,3,r/announcements,60,2018-05-17 00:44:15,1,0,14,0
8jzyb6,2018-05-17 00:32:51,3,r/announcements,60,2018-05-17 01:00:18,1,0,5,0
8jzyb6,2018-05-17 00:32:51,3,r/announcements,61,2018-05-17 01:17:25,0,0,16,0
8jzyb6,2018-05-17 00:32:51,3,r/announcements,62,2018-05-17 00:59:09,0,2,7,0
8jzyb6,2018-05-17 00:32:51,3,r/announcements,62,2018-05-17 02:34:32,1,0,3,0
8jzyb6,2018-05-17 00:32:51,3,r/announcements,63,2018-05-17 01:13:25,0,0,5,0
8jzyb6,2018-05-17 00:32:51,3,r/announcements,64,2018-05-17 00:47:05,0,0,3,0
8jzyb6,2018-05-17 00:32:51,3,r/announcements,65,2018-05-17 01:22:51,0,0,3,0
8jzyb6,2018-05-17 00:32:51,3,r/announcements,66,2018-05-17 01:33:04,0,0,3,0
8jzyb6,2018-05-17 00:32:51,3,r/announcements,67,2018-05-17 01:33:27,0,0,3,0
8jzyb6,2018-05-17 00:32:51,3,r/announcements,68,2018-05-17 01:33:56,0,0,3,0
8jzyb6,2018-05-17 00:32:51,3,r/announcements,69,2018-05-17 02:09:56,0,0,3,0
8jzyb6,2018-05-17 00:32:51,3,r/announcements,70,2018-05-17 02:12:07,0,0,3,0
8jzyb6,2018-05-17 00:32:51,3,r/announcements,71,2018-05-17 02:24:08,0,0,3,0
8jzyb6,2018-05-17 00:32:51,3,r/announcements,72,2018-05-17 02:32:55,0,0,3,0
8jzyb6,2018-05-17 00:32:51,3,r/announcements,73,2018-05-17 02:54:34,0,1,3,0
8jzyb6,2018-05-17 00:32:51,3,r/announcements,74,2018-05-17 03:09:55,0,0,3,0
8jzyb6,2018-05-17 00:32:51,3,r/announcements,75,2018-05-17 03:39:29,0,0,3,0
8jzyb6,2018-05-17 00:32:51,3,r/announcements,76,2018-05-17 03:52:18,0,0,3,0
8jzyb6,2018-05-17 00:32:51,3,r/announcements,77,2018-05-17 03:59:14,0,1,3,0
8jzyb6,2018-05-17 00:32:51,3,r/announcements,78,2018-05-17 01:01:31,0,2,10,0
8jzyb6,2018-05-17 00:32:51,3,r/announcements,78,2018-05-17 01:02:28,1,0,5,0
8jzyb6,2018-05-17 00:32:51,3,r/announcements,78,2018-05-17 01:17:56,1,0,5,0
8jzyb6,2018-05-17 00:32:51,3,r/announcements,79,2018-05-17 00:42:11,0,1,7,0
8jzyb6,2018-05-17 00:32:51,3,r/announcements,79,2018-05-17 01:11:08,1,1,7,0
8jzyb6,2018-05-17 00:32:51,3,r/announcements,80,2018-05-17 00:45:44,0,1,27,0
8jzyb6,2018-05-17 00:32:51,3,r/announcements,81,2018-05-17 00:40:29,0,0,6,0
8jzyb6,2018-05-17 00:32:51,3,r/announcements,82,2018-05-17 00:35:51,0,0,5,0
8jzyb6,2018-05-17 00:32:51,3,r/announcements,83,2018-05-17 00:48:27,0,2,7,0
8jzyb6,2018-05-17 00:32:51,3,r/announcements,83,2018-05-17 00:59:35,1,1,5,0
8jzyb6,2018-05-17 00:32:51,3,r/announcements,83,2018-05-17 01:14:18,2,0,4,0
8jzyb6,2018-05-17 00:32:51,3,r/announcements,84,2018-05-17 00:41:42,0,1,4,0
8jzyb6,2018-05-17 00:32:51,3,r/announcements,85,2018-05-17 00:59:45,0,1,4,0
8jzyb6,2018-05-17 00:32:51,3,r/announcements,86,2018-05-17 01:43:36,0,0,6,0
8jzyb6,2018-05-17 00:32:51,3,r/announcements,87,2018-05-17 02:50:29,0,1,4,0
8jzyb6,2018-05-17 00:32:51,3,r/announcements,88,2018-05-17 02:59:30,0,1,5,0
8jzyb6,2018-05-17 00:32:51,3,r/announcements,89,2018-05-17 00:42:56,0,1,8,0
8jzyb6,2018-05-17 00:32:51,3,r/announcements,90,2018-05-17 00:56:12,0,1,8,0
8jzwp6,2018-05-17 00:26:00,4,r/MadeMeSmile,0,2018-05-17 00:46:53,0,12,4550,0
8jzwp6,2018-05-17 00:26:00,4,r/MadeMeSmile,0,2018-05-17 01:44:16,1,6,2463,0
8jzwp6,2018-05-17 00:26:00,4,r/MadeMeSmile,0,2018-05-17 01:48:39,2,6,613,0
8jzwp6,2018-05-17 00:26:00,4,r/MadeMeSmile,0,2018-05-17 02:39:38,3,1,259,0
8jzwp6,2018-05-17 00:26:00,4,r/MadeMeSmile,0,2018-05-17 03:32:33,4,8,-120,0
8jzwp6,2018-05-17 00:26:00,4,r/MadeMeSmile,0,2018-05-17 03:37:01,5,0,56,0
8jzwp6,2018-05-17 00:26:00,4,r/MadeMeSmile,0,2018-05-17 03:40:27,5,0,28,0
8jzwp6,2018-05-17 00:26:00,4,r/MadeMeSmile,0,2018-05-17 03:35:05,5,0,36,0
8jzwp6,2018-05-17 00:26:00,4,r/MadeMeSmile,0,2018-05-17 03:33:42,5,0,19,0
8jzwp6,2018-05-17 00:26:00,4,r/MadeMeSmile,0,2018-05-17 03:40:52,5,1,9,0
8jzwp6,2018-05-17 00:26:00,4,r/MadeMeSmile,0,2018-05-17 03:44:02,6,3,-57,0
8jzwp6,2018-05-17 00:26:00,4,r/MadeMeSmile,0,2018-05-17 03:53:28,7,0,16,0
8jzwp6,2018-05-17 00:26:00,4,r/MadeMeSmile,0,2018-05-17 03:49:13,7,0,7,0
8jzwp6,2018-05-17 00:26:00,4,r/MadeMeSmile,0,2018-05-17 04:39:09,7,0,5,0
8jzwp6,2018-05-17 00:26:00,4,r/MadeMeSmile,0,2018-05-17 03:33:51,5,0,18,0
8jzwp6,2018-05-17 00:26:00,4,r/MadeMeSmile,0,2018-05-17 03:47:35,5,0,5,0
8jzwp6,2018-05-17 00:26:00,4,r/MadeMeSmile,0,2018-05-17 04:06:09,5,0,1,0
8jzwp6,2018-05-17 00:26:00,4,r/MadeMeSmile,0,2018-05-17 03:04:58,3,0,33,0
8jzwp6,2018-05-17 00:26:00,4,r/MadeMeSmile,0,2018-05-17 03:06:22,3,0,8,0
8jzwp6,2018-05-17 00:26:00,4,r/MadeMeSmile,0,2018-05-17 03:20:25,3,1,4,0
8jzwp6,2018-05-17 00:26:00,4,r/MadeMeSmile,0,2018-05-17 05:17:18,4,0,1,0
8jzwp6,2018-05-17 00:26:00,4,r/MadeMeSmile,0,2018-05-17 03:29:42,3,1,3,0
8jzwp6,2018-05-17 00:26:00,4,r/MadeMeSmile,0,2018-05-17 04:00:41,4,1,7,0
8jzwp6,2018-05-17 00:26:00,4,r/MadeMeSmile,0,2018-05-17 04:03:01,5,1,9,0
8jzwp6,2018-05-17 00:26:00,4,r/MadeMeSmile,0,2018-05-17 04:08:31,6,1,8,0
8jzwp6,2018-05-17 00:26:00,4,r/MadeMeSmile,0,2018-05-17 04:09:52,7,0,3,0
8jzwp6,2018-05-17 00:26:00,4,r/MadeMeSmile,0,2018-05-17 04:32:50,3,0,1,0
8jzwp6,2018-05-17 00:26:00,4,r/MadeMeSmile,0,2018-05-17 03:40:44,2,3,10,0
8jzwp6,2018-05-17 00:26:00,4,r/MadeMeSmile,0,2018-05-17 04:11:38,3,0,12,0
8jzwp6,2018-05-17 00:26:00,4,r/MadeMeSmile,0,2018-05-17 04:19:40,3,1,3,0
8jzwp6,2018-05-17 00:26:00,4,r/MadeMeSmile,0,2018-05-17 05:05:19,4,0,2,0
8jzwp6,2018-05-17 00:26:00,4,r/MadeMeSmile,0,2018-05-17 05:06:40,3,0,1,0
8jzwp6,2018-05-17 00:26:00,4,r/MadeMeSmile,0,2018-05-17 04:19:22,2,0,5,0
8jzwp6,2018-05-17 00:26:00,4,r/MadeMeSmile,0,2018-05-17 02:41:39,2,0,11,0
8jzwp6,2018-05-17 00:26:00,4,r/MadeMeSmile,0,2018-05-17 02:18:57,2,0,4,0
8jzwp6,2018-05-17 00:26:00,4,r/MadeMeSmile,0,2018-05-17 03:53:46,2,1,2,0
8jzwp6,2018-05-17 00:26:00,4,r/MadeMeSmile,0,2018-05-17 05:04:03,3,0,1,0
8jzwp6,2018-05-17 00:26:00,4,r/MadeMeSmile,0,2018-05-17 03:05:58,1,3,338,0
8jzwp6,2018-05-17 00:26:00,4,r/MadeMeSmile,0,2018-05-17 04:01:06,2,0,28,0
8jzwp6,2018-05-17 00:26:00,4,r/MadeMeSmile,0,2018-05-17 04:28:24,2,0,6,0
8jzwp6,2018-05-17 00:26:00,4,r/MadeMeSmile,0,2018-05-17 04:40:18,2,0,2,0
8jzwp6,2018-05-17 00:26:00,4,r/MadeMeSmile,0,2018-05-17 03:00:15,1,1,83,0
8jzwp6,2018-05-17 00:26:00,4,r/MadeMeSmile,0,2018-05-17 03:31:46,2,1,26,0
8jzwp6,2018-05-17 00:26:00,4,r/MadeMeSmile,0,2018-05-17 04:59:10,3,0,1,0
8jzwp6,2018-05-17 00:26:00,4,r/MadeMeSmile,0,2018-05-17 03:29:54,1,1,14,0
8jzwp6,2018-05-17 00:26:00,4,r/MadeMeSmile,0,2018-05-17 05:19:54,2,0,1,0
8jzwp6,2018-05-17 00:26:00,4,r/MadeMeSmile,0,2018-05-17 04:00:11,1,0,10,0
8jzwp6,2018-05-17 00:26:00,4,r/MadeMeSmile,0,2018-05-17 03:40:16,1,0,6,0
8jzwp6,2018-05-17 00:26:00,4,r/MadeMeSmile,0,2018-05-17 04:22:28,1,0,5,0
8jzwp6,2018-05-17 00:26:00,4,r/MadeMeSmile,0,2018-05-17 04:32:05,1,0,1,0
8jzwp6,2018-05-17 00:26:00,4,r/MadeMeSmile,0,2018-05-17 04:33:18,1,0,1,0
8jzwp6,2018-05-17 00:26:00,4,r/MadeMeSmile,0,2018-05-17 04:36:19,1,0,1,0
8jzwp6,2018-05-17 00:26:00,4,r/MadeMeSmile,0,2018-05-17 04:39:29,1,0,1,0
8jzwp6,2018-05-17 00:26:00,4,r/MadeMeSmile,0,2018-05-17 03:17:30,1,1,-15,0
8jzwp6,2018-05-17 00:26:00,4,r/MadeMeSmile,0,2018-05-17 04:01:18,2,0,3,0
8jzwp6,2018-05-17 00:26:00,4,r/MadeMeSmile,1,2018-05-17 00:38:29,0,2,2003,0
8jzwp6,2018-05-17 00:26:00,4,r/MadeMeSmile,1,2018-05-17 03:32:42,1,1,229,0
8jzwp6,2018-05-17 00:26:00,4,r/MadeMeSmile,1,2018-05-17 04:15:39,2,11,-94,0
8jzwp6,2018-05-17 00:26:00,4,r/MadeMeSmile,1,2018-05-17 04:16:35,3,2,50,0
8jzwp6,2018-05-17 00:26:00,4,r/MadeMeSmile,1,2018-05-17 04:56:23,4,0,10,0
8jzwp6,2018-05-17 00:26:00,4,r/MadeMeSmile,1,2018-05-17 05:09:07,4,0,3,0
8jzwp6,2018-05-17 00:26:00,4,r/MadeMeSmile,1,2018-05-17 04:20:02,3,1,36,0
8jzwp6,2018-05-17 00:26:00,4,r/MadeMeSmile,1,2018-05-17 05:10:10,4,1,5,0
8jzwp6,2018-05-17 00:26:00,4,r/MadeMeSmile,1,2018-05-17 05:14:32,5,0,1,0
8jzwp6,2018-05-17 00:26:00,4,r/MadeMeSmile,1,2018-05-17 04:21:58,3,0,21,0
8jzwp6,2018-05-17 00:26:00,4,r/MadeMeSmile,1,2018-05-17 04:23:37,3,0,16,0
8jzwp6,2018-05-17 00:26:00,4,r/MadeMeSmile,1,2018-05-17 04:23:15,3,0,15,0
8jzwp6,2018-05-17 00:26:00,4,r/MadeMeSmile,1,2018-05-17 04:31:26,3,0,14,0
8jzwp6,2018-05-17 00:26:00,4,r/MadeMeSmile,1,2018-05-17 05:01:37,3,0,6,0
8jzwp6,2018-05-17 00:26:00,4,r/MadeMeSmile,1,2018-05-17 04:36:16,3,1,6,0
8jzwp6,2018-05-17 00:26:00,4,r/MadeMeSmile,1,2018-05-17 04:40:24,4,0,6,0
8jzwp6,2018-05-17 00:26:00,4,r/MadeMeSmile,1,2018-05-17 04:59:50,3,0,3,0
8jzwp6,2018-05-17 00:26:00,4,r/MadeMeSmile,1,2018-05-17 05:12:36,3,0,2,0
8jzwp6,2018-05-17 00:26:00,4,r/MadeMeSmile,1,2018-05-17 05:10:42,3,0,0,0
8jzwp6,2018-05-17 00:26:00,4,r/MadeMeSmile,1,2018-05-17 03:34:46,1,4,104,0
8jzwp6,2018-05-17 00:26:00,4,r/MadeMeSmile,1,2018-05-17 03:47:44,2,1,68,0
8jzwp6,2018-05-17 00:26:00,4,r/MadeMeSmile,1,2018-05-17 04:03:04,3,0,20,0
8jzwp6,2018-05-17 00:26:00,4,r/MadeMeSmile,1,2018-05-17 03:44:40,2,2,36,0
8jzwp6,2018-05-17 00:26:00,4,r/MadeMeSmile,1,2018-05-17 04:03:25,3,0,18,0
8jzwp6,2018-05-17 00:26:00,4,r/MadeMeSmile,1,2018-05-17 04:22:29,3,1,2,0
8jzwp6,2018-05-17 00:26:00,4,r/MadeMeSmile,1,2018-05-17 04:59:56,4,0,1,0
8jzwp6,2018-05-17 00:26:00,4,r/MadeMeSmile,1,2018-05-17 04:44:10,2,0,1,0
8jzwp6,2018-05-17 00:26:00,4,r/MadeMeSmile,1,2018-05-17 04:19:26,2,0,1,0
8jzwp6,2018-05-17 00:26:00,4,r/MadeMeSmile,2,2018-05-17 02:43:30,0,4,1397,0
8jzwp6,2018-05-17 00:26:00,4,r/MadeMeSmile,2,2018-05-17 03:48:39,1,2,102,0
8jzwp6,2018-05-17 00:26:00,4,r/MadeMeSmile,2,2018-05-17 04:51:53,2,0,6,0
8jzwp6,2018-05-17 00:26:00,4,r/MadeMeSmile,2,2018-05-17 05:00:23,2,0,1,0
8jzwp6,2018-05-17 00:26:00,4,r/MadeMeSmile,2,2018-05-17 03:29:17,1,0,141,0
8jzwp6,2018-05-17 00:26:00,4,r/MadeMeSmile,2,2018-05-17 05:01:01,1,0,1,0
8jzwp6,2018-05-17 00:26:00,4,r/MadeMeSmile,2,2018-05-17 05:10:55,1,0,1,0
8jzwp6,2018-05-17 00:26:00,4,r/MadeMeSmile,3,2018-05-17 00:46:34,0,3,1117,0
8jzwp6,2018-05-17 00:26:00,4,r/MadeMeSmile,3,2018-05-17 03:05:26,1,3,120,0
8jzwp6,2018-05-17 00:26:00,4,r/MadeMeSmile,3,2018-05-17 03:14:44,2,1,97,0
8jzwp6,2018-05-17 00:26:00,4,r/MadeMeSmile,3,2018-05-17 03:17:46,3,0,21,0
8jzwp6,2018-05-17 00:26:00,4,r/MadeMeSmile,3,2018-05-17 03:15:45,2,1,37,0
8jzwp6,2018-05-17 00:26:00,4,r/MadeMeSmile,3,2018-05-17 04:10:42,3,1,8,0
8jzwp6,2018-05-17 00:26:00,4,r/MadeMeSmile,3,2018-05-17 05:01:55,4,0,1,0
8jzwp6,2018-05-17 00:26:00,4,r/MadeMeSmile,3,2018-05-17 04:56:17,2,0,2,0
8jzwp6,2018-05-17 00:26:00,4,r/MadeMeSmile,3,2018-05-17 03:43:04,1,2,47,0
8jzwp6,2018-05-17 00:26:00,4,r/MadeMeSmile,3,2018-05-17 03:54:26,2,1,36,0
8jzwp6,2018-05-17 00:26:00,4,r/MadeMeSmile,3,2018-05-17 04:43:17,3,0,3,0
8jzwp6,2018-05-17 00:26:00,4,r/MadeMeSmile,3,2018-05-17 04:00:24,2,3,-17,0
8jzwp6,2018-05-17 00:26:00,4,r/MadeMeSmile,3,2018-05-17 04:26:20,3,0,5,0
8jzwp6,2018-05-17 00:26:00,4,r/MadeMeSmile,3,2018-05-17 04:08:44,3,0,9,0
8jzwp6,2018-05-17 00:26:00,4,r/MadeMeSmile,3,2018-05-17 04:57:33,3,0,3,0
8jzwp6,2018-05-17 00:26:00,4,r/MadeMeSmile,3,2018-05-17 04:30:18,1,0,1,0
8jzwp6,2018-05-17 00:26:00,4,r/MadeMeSmile,4,2018-05-17 01:08:55,0,2,291,0
8jzwp6,2018-05-17 00:26:00,4,r/MadeMeSmile,4,2018-05-17 04:13:20,1,0,10,0
8jzwp6,2018-05-17 00:26:00,4,r/MadeMeSmile,4,2018-05-17 04:13:19,1,5,-15,0
8jzwp6,2018-05-17 00:26:00,4,r/MadeMeSmile,4,2018-05-17 04:15:27,2,0,7,0
8jzwp6,2018-05-17 00:26:00,4,r/MadeMeSmile,4,2018-05-17 04:18:43,2,0,6,0
8jzwp6,2018-05-17 00:26:00,4,r/MadeMeSmile,4,2018-05-17 04:15:20,2,0,5,0
8jzwp6,2018-05-17 00:26:00,4,r/MadeMeSmile,4,2018-05-17 04:17:17,2,0,3,0
8jzwp6,2018-05-17 00:26:00,4,r/MadeMeSmile,4,2018-05-17 04:23:44,2,0,3,0
8jzwp6,2018-05-17 00:26:00,4,r/MadeMeSmile,5,2018-05-17 01:27:22,0,1,226,0
8jzwp6,2018-05-17 00:26:00,4,r/MadeMeSmile,5,2018-05-17 04:31:19,1,1,22,0
8jzwp6,2018-05-17 00:26:00,4,r/MadeMeSmile,5,2018-05-17 04:50:29,2,1,6,0
8jzwp6,2018-05-17 00:26:00,4,r/MadeMeSmile,5,2018-05-17 04:53:58,3,0,1,0
8jzwp6,2018-05-17 00:26:00,4,r/MadeMeSmile,6,2018-05-17 00:42:45,0,1,480,0
8jzwp6,2018-05-17 00:26:00,4,r/MadeMeSmile,6,2018-05-17 03:10:30,1,9,77,0
8jzwp6,2018-05-17 00:26:00,4,r/MadeMeSmile,6,2018-05-17 03:13:50,2,0,24,0
8jzwp6,2018-05-17 00:26:00,4,r/MadeMeSmile,6,2018-05-17 03:27:13,2,1,16,0
8jzwp6,2018-05-17 00:26:00,4,r/MadeMeSmile,6,2018-05-17 04:14:51,3,0,3,0
8jzwp6,2018-05-17 00:26:00,4,r/MadeMeSmile,6,2018-05-17 04:06:39,2,0,4,0
8jzwp6,2018-05-17 00:26:00,4,r/MadeMeSmile,6,2018-05-17 04:41:12,2,0,4,0
8jzwp6,2018-05-17 00:26:00,4,r/MadeMeSmile,6,2018-05-17 04:10:49,2,0,3,0
8jzwp6,2018-05-17 00:26:00,4,r/MadeMeSmile,6,2018-05-17 05:05:10,2,0,2,0
8jzwp6,2018-05-17 00:26:00,4,r/MadeMeSmile,6,2018-05-17 04:49:34,2,0,1,0
8jzwp6,2018-05-17 00:26:00,4,r/MadeMeSmile,6,2018-05-17 05:11:41,2,0,1,0
8jzwp6,2018-05-17 00:26:00,4,r/MadeMeSmile,6,2018-05-17 03:45:47,2,0,0,0
8jzwp6,2018-05-17 00:26:00,4,r/MadeMeSmile,7,2018-05-17 00:51:34,0,1,102,0
8jzwp6,2018-05-17 00:26:00,4,r/MadeMeSmile,7,2018-05-17 03:19:58,1,1,25,0
8jzwp6,2018-05-17 00:26:00,4,r/MadeMeSmile,7,2018-05-17 04:39:30,2,0,1,0
8jzwp6,2018-05-17 00:26:00,4,r/MadeMeSmile,8,2018-05-17 02:33:06,0,3,133,0
8jzwp6,2018-05-17 00:26:00,4,r/MadeMeSmile,8,2018-05-17 03:03:35,1,5,72,0
8jzwp6,2018-05-17 00:26:00,4,r/MadeMeSmile,8,2018-05-17 03:06:16,2,1,63,0
8jzwp6,2018-05-17 00:26:00,4,r/MadeMeSmile,8,2018-05-17 03:10:03,3,1,56,0
8jzwp6,2018-05-17 00:26:00,4,r/MadeMeSmile,8,2018-05-17 03:15:08,4,2,11,0
8jzwp6,2018-05-17 00:26:00,4,r/MadeMeSmile,8,2018-05-17 04:53:16,5,0,1,0
8jzwp6,2018-05-17 00:26:00,4,r/MadeMeSmile,8,2018-05-17 05:06:46,5,0,1,0
8jzwp6,2018-05-17 00:26:00,4,r/MadeMeSmile,8,2018-05-17 03:10:16,2,4,35,0
8jzwp6,2018-05-17 00:26:00,4,r/MadeMeSmile,8,2018-05-17 03:27:40,3,3,25,0
8jzwp6,2018-05-17 00:26:00,4,r/MadeMeSmile,8,2018-05-17 03:33:21,4,2,24,0
8jzwp6,2018-05-17 00:26:00,4,r/MadeMeSmile,8,2018-05-17 04:46:42,5,0,2,0
8jzwp6,2018-05-17 00:26:00,4,r/MadeMeSmile,8,2018-05-17 05:01:57,5,0,1,0
8jzwp6,2018-05-17 00:26:00,4,r/MadeMeSmile,8,2018-05-17 03:59:26,4,0,4,0
8jzwp6,2018-05-17 00:26:00,4,r/MadeMeSmile,8,2018-05-17 03:56:49,4,1,1,0
8jzwp6,2018-05-17 00:26:00,4,r/MadeMeSmile,8,2018-05-17 04:14:18,5,0,1,0
8jzwp6,2018-05-17 00:26:00,4,r/MadeMeSmile,8,2018-05-17 03:11:10,3,0,9,0
8jzwp6,2018-05-17 00:26:00,4,r/MadeMeSmile,8,2018-05-17 03:55:26,3,0,4,0
8jzwp6,2018-05-17 00:26:00,4,r/MadeMeSmile,8,2018-05-17 03:12:55,3,0,3,0
8jzwp6,2018-05-17 00:26:00,4,r/MadeMeSmile,8,2018-05-17 03:13:27,2,0,3,0
8jzwp6,2018-05-17 00:26:00,4,r/MadeMeSmile,8,2018-05-17 03:09:58,2,0,2,0
8jzwp6,2018-05-17 00:26:00,4,r/MadeMeSmile,8,2018-05-17 03:41:19,2,0,1,0
8jzwp6,2018-05-17 00:26:00,4,r/MadeMeSmile,8,2018-05-17 03:45:20,1,0,4,0
8jzwp6,2018-05-17 00:26:00,4,r/MadeMeSmile,8,2018-05-17 05:17:51,1,0,1,0
8jzwp6,2018-05-17 00:26:00,4,r/MadeMeSmile,9,2018-05-17 01:30:25,0,3,107,0
8jzwp6,2018-05-17 00:26:00,4,r/MadeMeSmile,9,2018-05-17 01:52:31,1,0,30,0
8jzwp6,2018-05-17 00:26:00,4,r/MadeMeSmile,9,2018-05-17 04:24:00,1,0,1,0
8jzwp6,2018-05-17 00:26:00,4,r/MadeMeSmile,9,2018-05-17 02:45:19,1,0,-16,0
8jzwp6,2018-05-17 00:26:00,4,r/MadeMeSmile,10,2018-05-17 03:16:42,0,0,28,0
8jzwp6,2018-05-17 00:26:00,4,r/MadeMeSmile,11,2018-05-17 02:42:03,0,1,25,0
8jzwp6,2018-05-17 00:26:00,4,r/MadeMeSmile,11,2018-05-17 04:42:47,1,0,4,0
8jzwp6,2018-05-17 00:26:00,4,r/MadeMeSmile,12,2018-05-17 03:33:44,0,2,56,0
8jzwp6,2018-05-17 00:26:00,4,r/MadeMeSmile,12,2018-05-17 03:50:07,1,0,8,0
8jzwp6,2018-05-17 00:26:00,4,r/MadeMeSmile,12,2018-05-17 05:02:29,1,0,0,0
8jzwp6,2018-05-17 00:26:00,4,r/MadeMeSmile,13,2018-05-17 03:19:55,0,0,9,0
8jzwp6,2018-05-17 00:26:00,4,r/MadeMeSmile,14,2018-05-17 02:51:59,0,27,429,0
8jzwp6,2018-05-17 00:26:00,4,r/MadeMeSmile,14,2018-05-17 03:22:41,1,1,40,0
8jzwp6,2018-05-17 00:26:00,4,r/MadeMeSmile,14,2018-05-17 04:11:04,2,1,2,0
8jzwp6,2018-05-17 00:26:00,4,r/MadeMeSmile,14,2018-05-17 04:28:01,3,0,1,0
8jzwp6,2018-05-17 00:26:00,4,r/MadeMeSmile,14,2018-05-17 02:57:48,1,1,143,0
8jzwp6,2018-05-17 00:26:00,4,r/MadeMeSmile,14,2018-05-17 03:03:05,2,2,64,0
8jzwp6,2018-05-17 00:26:00,4,r/MadeMeSmile,14,2018-05-17 03:18:09,3,3,128,0
8jzwp6,2018-05-17 00:26:00,4,r/MadeMeSmile,14,2018-05-17 03:28:43,4,0,27,0
8jzwp6,2018-05-17 00:26:00,4,r/MadeMeSmile,14,2018-05-17 04:15:14,4,0,8,0
8jzwp6,2018-05-17 00:26:00,4,r/MadeMeSmile,14,2018-05-17 04:33:22,4,1,10,0
8jzwp6,2018-05-17 00:26:00,4,r/MadeMeSmile,14,2018-05-17 04:37:25,5,1,3,0
8jzwp6,2018-05-17 00:26:00,4,r/MadeMeSmile,14,2018-05-17 04:58:54,6,0,1,0
8jzwp6,2018-05-17 00:26:00,4,r/MadeMeSmile,14,2018-05-17 04:10:38,3,1,-10,0
8jzwp6,2018-05-17 00:26:00,4,r/MadeMeSmile,14,2018-05-17 04:16:25,4,1,4,0
8jzwp6,2018-05-17 00:26:00,4,r/MadeMeSmile,14,2018-05-17 04:20:34,5,0,-4,0
8jzwp6,2018-05-17 00:26:00,4,r/MadeMeSmile,14,2018-05-17 03:29:15,1,2,23,0
8jzwp6,2018-05-17 00:26:00,4,r/MadeMeSmile,14,2018-05-17 03:35:47,2,0,7,0
8jzwp6,2018-05-17 00:26:00,4,r/MadeMeSmile,14,2018-05-17 04:27:01,2,0,0,0
8jzwp6,2018-05-17 00:26:00,4,r/MadeMeSmile,14,2018-05-17 03:40:49,1,1,81,0
8jzwp6,2018-05-17 00:26:00,4,r/MadeMeSmile,14,2018-05-17 04:34:59,2,1,-8,0
8jzwp6,2018-05-17 00:26:00,4,r/MadeMeSmile,14,2018-05-17 04:50:43,3,1,6,0
8jzwp6,2018-05-17 00:26:00,4,r/MadeMeSmile,14,2018-05-17 05:13:33,4,0,0,0
8jzwp6,2018-05-17 00:26:00,4,r/MadeMeSmile,14,2018-05-17 03:03:00,1,0,23,0
8jzwp6,2018-05-17 00:26:00,4,r/MadeMeSmile,14,2018-05-17 04:37:05,1,0,2,0
8jzwp6,2018-05-17 00:26:00,4,r/MadeMeSmile,14,2018-05-17 03:19:14,1,0,20,0
8jzwp6,2018-05-17 00:26:00,4,r/MadeMeSmile,14,2018-05-17 03:18:37,1,0,8,0
8jzwp6,2018-05-17 00:26:00,4,r/MadeMeSmile,14,2018-05-17 04:25:20,1,1,2,0
8jzwp6,2018-05-17 00:26:00,4,r/MadeMeSmile,14,2018-05-17 05:00:20,2,0,0,0
8jzwp6,2018-05-17 00:26:00,4,r/MadeMeSmile,14,2018-05-17 03:01:08,1,4,-1,0
8jzwp6,2018-05-17 00:26:00,4,r/MadeMeSmile,14,2018-05-17 03:37:13,2,1,13,0
8jzwp6,2018-05-17 00:26:00,4,r/MadeMeSmile,14,2018-05-17 04:18:52,3,0,1,0
8jzwp6,2018-05-17 00:26:00,4,r/MadeMeSmile,14,2018-05-17 03:28:54,2,2,24,0
8jzwp6,2018-05-17 00:26:00,4,r/MadeMeSmile,14,2018-05-17 04:24:29,3,1,4,0
8jzwp6,2018-05-17 00:26:00,4,r/MadeMeSmile,14,2018-05-17 04:28:46,4,0,1,0
8jzwp6,2018-05-17 00:26:00,4,r/MadeMeSmile,14,2018-05-17 03:51:22,3,1,0,0
8jzwp6,2018-05-17 00:26:00,4,r/MadeMeSmile,14,2018-05-17 04:02:57,4,0,4,0
8jzwp6,2018-05-17 00:26:00,4,r/MadeMeSmile,14,2018-05-17 04:26:35,2,0,4,0
8jzwp6,2018-05-17 00:26:00,4,r/MadeMeSmile,14,2018-05-17 03:14:09,2,2,28,0
8jzwp6,2018-05-17 00:26:00,4,r/MadeMeSmile,14,2018-05-17 03:18:45,3,2,-26,0
8jzwp6,2018-05-17 00:26:00,4,r/MadeMeSmile,14,2018-05-17 03:22:06,4,0,23,0
8jzwp6,2018-05-17 00:26:00,4,r/MadeMeSmile,14,2018-05-17 03:25:08,4,0,18,0
8jzwp6,2018-05-17 00:26:00,4,r/MadeMeSmile,14,2018-05-17 03:43:43,3,0,-15,0
8jzwp6,2018-05-17 00:26:00,4,r/MadeMeSmile,14,2018-05-17 04:02:02,1,1,3,0
8jzwp6,2018-05-17 00:26:00,4,r/MadeMeSmile,14,2018-05-17 04:52:23,2,0,2,0
8jzwp6,2018-05-17 00:26:00,4,r/MadeMeSmile,14,2018-05-17 03:50:17,1,1,1,0
8jzwp6,2018-05-17 00:26:00,4,r/MadeMeSmile,14,2018-05-17 05:08:33,2,0,2,0
8jzwp6,2018-05-17 00:26:00,4,r/MadeMeSmile,14,2018-05-17 04:19:23,1,0,2,0
8jzwp6,2018-05-17 00:26:00,4,r/MadeMeSmile,14,2018-05-17 03:24:23,1,0,2,0
8jzwp6,2018-05-17 00:26:00,4,r/MadeMeSmile,14,2018-05-17 03:41:08,1,1,2,0
8jzwp6,2018-05-17 00:26:00,4,r/MadeMeSmile,14,2018-05-17 04:02:57,2,0,3,0
8jzwp6,2018-05-17 00:26:00,4,r/MadeMeSmile,14,2018-05-17 03:41:20,1,0,-3,0
8jzwp6,2018-05-17 00:26:00,4,r/MadeMeSmile,14,2018-05-17 04:03:57,1,0,-1,0
8jzwp6,2018-05-17 00:26:00,4,r/MadeMeSmile,14,2018-05-17 04:48:33,1,0,1,0
8jzwp6,2018-05-17 00:26:00,4,r/MadeMeSmile,14,2018-05-17 04:55:33,1,0,1,0
8jzwp6,2018-05-17 00:26:00,4,r/MadeMeSmile,14,2018-05-17 04:56:27,1,0,1,0
8jzwp6,2018-05-17 00:26:00,4,r/MadeMeSmile,14,2018-05-17 05:07:48,1,0,1,0
8jzwp6,2018-05-17 00:26:00,4,r/MadeMeSmile,14,2018-05-17 05:11:18,1,0,1,0
8jzwp6,2018-05-17 00:26:00,4,r/MadeMeSmile,14,2018-05-17 05:15:37,1,0,1,0
8jzwp6,2018-05-17 00:26:00,4,r/MadeMeSmile,14,2018-05-17 03:09:27,1,1,-13,0
8jzwp6,2018-05-17 00:26:00,4,r/MadeMeSmile,14,2018-05-17 03:16:09,2,2,10,0
8jzwp6,2018-05-17 00:26:00,4,r/MadeMeSmile,14,2018-05-17 03:52:00,3,0,4,0
8jzwp6,2018-05-17 00:26:00,4,r/MadeMeSmile,14,2018-05-17 04:54:28,3,0,-2,0
8jzwp6,2018-05-17 00:26:00,4,r/MadeMeSmile,14,2018-05-17 03:08:45,1,2,-11,0
8jzwp6,2018-05-17 00:26:00,4,r/MadeMeSmile,14,2018-05-17 03:18:28,2,0,7,0
8jzwp6,2018-05-17 00:26:00,4,r/MadeMeSmile,14,2018-05-17 03:38:19,2,1,-6,0
8jzwp6,2018-05-17 00:26:00,4,r/MadeMeSmile,14,2018-05-17 04:58:40,3,0,0,0
8jzwp6,2018-05-17 00:26:00,4,r/MadeMeSmile,14,2018-05-17 03:49:01,1,0,0,0
8jzwp6,2018-05-17 00:26:00,4,r/MadeMeSmile,14,2018-05-17 05:00:33,1,0,0,0
8jzwp6,2018-05-17 00:26:00,4,r/MadeMeSmile,15,2018-05-17 02:11:54,0,0,16,0
8jzwp6,2018-05-17 00:26:00,4,r/MadeMeSmile,16,2018-05-17 03:54:45,0,3,30,0
8jzwp6,2018-05-17 00:26:00,4,r/MadeMeSmile,16,2018-05-17 04:19:25,1,0,6,0
8jzwp6,2018-05-17 00:26:00,4,r/MadeMeSmile,16,2018-05-17 04:50:29,1,0,1,0
8jzwp6,2018-05-17 00:26:00,4,r/MadeMeSmile,16,2018-05-17 04:54:01,1,0,1,0
8jzwp6,2018-05-17 00:26:00,4,r/MadeMeSmile,17,2018-05-17 04:23:04,0,0,6,0
8jzwp6,2018-05-17 00:26:00,4,r/MadeMeSmile,18,2018-05-17 01:57:10,0,1,21,0
8jzwp6,2018-05-17 00:26:00,4,r/MadeMeSmile,18,2018-05-17 02:56:30,1,0,8,0
8jzwp6,2018-05-17 00:26:00,4,r/MadeMeSmile,19,2018-05-17 03:28:53,0,0,4,0
8jzwp6,2018-05-17 00:26:00,4,r/MadeMeSmile,20,2018-05-17 03:39:11,0,0,3,0
8jzwp6,2018-05-17 00:26:00,4,r/MadeMeSmile,21,2018-05-17 03:44:53,0,0,3,0
8jzwp6,2018-05-17 00:26:00,4,r/MadeMeSmile,22,2018-05-17 03:50:06,0,0,5,0
8jzwp6,2018-05-17 00:26:00,4,r/MadeMeSmile,23,2018-05-17 04:02:34,0,0,4,0
8jzwp6,2018-05-17 00:26:00,4,r/MadeMeSmile,24,2018-05-17 04:06:39,0,0,3,0
8jzwp6,2018-05-17 00:26:00,4,r/MadeMeSmile,25,2018-05-17 04:08:05,0,1,4,0
8jzwp6,2018-05-17 00:26:00,4,r/MadeMeSmile,25,2018-05-17 04:45:11,1,1,2,0
8jzwp6,2018-05-17 00:26:00,4,r/MadeMeSmile,25,2018-05-17 04:45:45,2,0,1,0
8jzwp6,2018-05-17 00:26:00,4,r/MadeMeSmile,26,2018-05-17 02:53:34,0,4,50,0
8jzwp6,2018-05-17 00:26:00,4,r/MadeMeSmile,26,2018-05-17 03:31:31,1,2,23,0
8jzwp6,2018-05-17 00:26:00,4,r/MadeMeSmile,26,2018-05-17 04:19:15,2,0,9,0
8jzwp6,2018-05-17 00:26:00,4,r/MadeMeSmile,26,2018-05-17 04:12:32,2,0,6,0
8jzwp6,2018-05-17 00:26:00,4,r/MadeMeSmile,26,2018-05-17 03:22:44,1,2,6,0
8jzwp6,2018-05-17 00:26:00,4,r/MadeMeSmile,26,2018-05-17 03:53:58,2,0,1,0
8jzwp6,2018-05-17 00:26:00,4,r/MadeMeSmile,26,2018-05-17 03:31:17,2,1,-9,0
8jzwp6,2018-05-17 00:26:00,4,r/MadeMeSmile,26,2018-05-17 04:22:19,3,0,1,0
8jzwp6,2018-05-17 00:26:00,4,r/MadeMeSmile,26,2018-05-17 03:08:23,1,0,5,0
8jzwp6,2018-05-17 00:26:00,4,r/MadeMeSmile,26,2018-05-17 03:20:19,1,0,6,0
8jzwp6,2018-05-17 00:26:00,4,r/MadeMeSmile,27,2018-05-17 03:35:17,0,1,8,0
8jzwp6,2018-05-17 00:26:00,4,r/MadeMeSmile,27,2018-05-17 03:53:23,1,1,11,0
8jzwp6,2018-05-17 00:26:00,4,r/MadeMeSmile,27,2018-05-17 04:49:51,2,0,3,0
8jzwp6,2018-05-17 00:26:00,4,r/MadeMeSmile,28,2018-05-17 03:39:22,0,0,3,0
8jzwp6,2018-05-17 00:26:00,4,r/MadeMeSmile,29,2018-05-17 03:39:53,0,0,3,0
8jzwp6,2018-05-17 00:26:00,4,r/MadeMeSmile,30,2018-05-17 04:11:16,0,0,2,0
8jzwp6,2018-05-17 00:26:00,4,r/MadeMeSmile,31,2018-05-17 04:11:52,0,0,4,0
8jzwp6,2018-05-17 00:26:00,4,r/MadeMeSmile,32,2018-05-17 04:45:38,0,0,3,0
8jzwp6,2018-05-17 00:26:00,4,r/MadeMeSmile,33,2018-05-17 01:55:14,0,0,20,0
8jzwp6,2018-05-17 00:26:00,4,r/MadeMeSmile,34,2018-05-17 03:32:55,0,0,8,0
8jzwp6,2018-05-17 00:26:00,4,r/MadeMeSmile,35,2018-05-17 03:46:06,0,0,3,0
8jzwp6,2018-05-17 00:26:00,4,r/MadeMeSmile,36,2018-05-17 02:33:32,0,0,2,0
8jzwp6,2018-05-17 00:26:00,4,r/MadeMeSmile,37,2018-05-17 02:47:13,0,0,2,0
8jzwp6,2018-05-17 00:26:00,4,r/MadeMeSmile,38,2018-05-17 02:48:49,0,0,2,0
8jzwp6,2018-05-17 00:26:00,4,r/MadeMeSmile,39,2018-05-17 03:13:40,0,0,2,0
8jzwp6,2018-05-17 00:26:00,4,r/MadeMeSmile,40,2018-05-17 03:16:13,0,0,2,0
8jzwp6,2018-05-17 00:26:00,4,r/MadeMeSmile,41,2018-05-17 03:20:17,0,0,2,0
8jzwp6,2018-05-17 00:26:00,4,r/MadeMeSmile,42,2018-05-17 03:23:16,0,0,2,0
8jzwp6,2018-05-17 00:26:00,4,r/MadeMeSmile,43,2018-05-17 03:29:13,0,0,2,0
8jzwp6,2018-05-17 00:26:00,4,r/MadeMeSmile,44,2018-05-17 03:41:55,0,0,2,0
8jzwp6,2018-05-17 00:26:00,4,r/MadeMeSmile,45,2018-05-17 03:46:01,0,0,2,0
8jzwp6,2018-05-17 00:26:00,4,r/MadeMeSmile,46,2018-05-17 03:48:56,0,0,2,0
8jzwp6,2018-05-17 00:26:00,4,r/MadeMeSmile,47,2018-05-17 03:49:53,0,0,2,0
8jzwp6,2018-05-17 00:26:00,4,r/MadeMeSmile,48,2018-05-17 03:50:59,0,0,2,0
8jzwp6,2018-05-17 00:26:00,4,r/MadeMeSmile,49,2018-05-17 03:51:32,0,0,2,0
8jzwp6,2018-05-17 00:26:00,4,r/MadeMeSmile,50,2018-05-17 04:13:01,0,0,1,0
8jzwp6,2018-05-17 00:26:00,4,r/MadeMeSmile,51,2018-05-17 04:13:03,0,0,2,0
8jzwp6,2018-05-17 00:26:00,4,r/MadeMeSmile,52,2018-05-17 04:20:30,0,0,1,0
8jzwp6,2018-05-17 00:26:00,4,r/MadeMeSmile,53,2018-05-17 04:39:30,0,1,2,0
8jzwp6,2018-05-17 00:26:00,4,r/MadeMeSmile,53,2018-05-17 04:55:50,1,0,2,0
8jzwp6,2018-05-17 00:26:00,4,r/MadeMeSmile,54,2018-05-17 04:56:33,0,0,2,0
8jzwp6,2018-05-17 00:26:00,4,r/MadeMeSmile,55,2018-05-17 04:57:09,0,0,2,0
8jzwp6,2018-05-17 00:26:00,4,r/MadeMeSmile,56,2018-05-17 05:00:33,0,0,2,0
8jzwp6,2018-05-17 00:26:00,4,r/MadeMeSmile,57,2018-05-17 05:11:08,0,0,2,0
8jzwp6,2018-05-17 00:26:00,4,r/MadeMeSmile,58,2018-05-17 05:13:29,0,0,2,0
8jzwp6,2018-05-17 00:26:00,4,r/MadeMeSmile,59,2018-05-17 03:35:40,0,0,6,0
8jzwp6,2018-05-17 00:26:00,4,r/MadeMeSmile,60,2018-05-17 03:35:09,0,0,2,0
8jzwp6,2018-05-17 00:26:00,4,r/MadeMeSmile,61,2018-05-17 03:02:00,0,0,4,0
8jzwp6,2018-05-17 00:26:00,4,r/MadeMeSmile,62,2018-05-17 02:47:30,0,0,4,0
8jzwp6,2018-05-17 00:26:00,4,r/MadeMeSmile,63,2018-05-17 03:30:39,0,1,2,0
8jzwp6,2018-05-17 00:26:00,4,r/MadeMeSmile,63,2018-05-17 04:28:35,1,0,4,0
8jzwp6,2018-05-17 00:26:00,4,r/MadeMeSmile,64,2018-05-17 03:56:12,0,1,3,0
8jzwp6,2018-05-17 00:26:00,4,r/MadeMeSmile,64,2018-05-17 04:18:05,1,0,2,0
8jzwp6,2018-05-17 00:26:00,4,r/MadeMeSmile,65,2018-05-17 02:45:24,0,0,2,0
8jzwp6,2018-05-17 00:26:00,4,r/MadeMeSmile,66,2018-05-17 03:29:58,0,0,1,0
8jzwp6,2018-05-17 00:26:00,4,r/MadeMeSmile,67,2018-05-17 03:42:04,0,0,2,0
8jzwp6,2018-05-17 00:26:00,4,r/MadeMeSmile,68,2018-05-17 03:42:09,0,0,2,0
8jzwp6,2018-05-17 00:26:00,4,r/MadeMeSmile,69,2018-05-17 03:46:01,0,0,2,0
8jzwp6,2018-05-17 00:26:00,4,r/MadeMeSmile,70,2018-05-17 03:13:14,0,0,2,0
8jzwp6,2018-05-17 00:26:00,4,r/MadeMeSmile,71,2018-05-17 03:43:27,0,0,1,0
8jzwp6,2018-05-17 00:26:00,4,r/MadeMeSmile,72,2018-05-17 02:52:11,0,0,1,0
8jzwp6,2018-05-17 00:26:00,4,r/MadeMeSmile,73,2018-05-17 03:03:24,0,0,1,0
8jzwp6,2018-05-17 00:26:00,4,r/MadeMeSmile,74,2018-05-17 03:27:34,0,0,1,0
8jzwp6,2018-05-17 00:26:00,4,r/MadeMeSmile,75,2018-05-17 03:28:04,0,0,1,0
8jzwp6,2018-05-17 00:26:00,4,r/MadeMeSmile,76,2018-05-17 03:32:11,0,0,1,0
8jzwp6,2018-05-17 00:26:00,4,r/MadeMeSmile,77,2018-05-17 03:33:24,0,0,1,0
8jzwp6,2018-05-17 00:26:00,4,r/MadeMeSmile,78,2018-05-17 03:34:58,0,0,1,0
8jzwp6,2018-05-17 00:26:00,4,r/MadeMeSmile,79,2018-05-17 03:41:14,0,0,1,0
8jzwp6,2018-05-17 00:26:00,4,r/MadeMeSmile,80,2018-05-17 03:46:30,0,0,1,0
8jzwp6,2018-05-17 00:26:00,4,r/MadeMeSmile,81,2018-05-17 03:50:22,0,0,1,0
8jzwp6,2018-05-17 00:26:00,4,r/MadeMeSmile,82,2018-05-17 03:50:51,0,0,1,0
8jzwp6,2018-05-17 00:26:00,4,r/MadeMeSmile,83,2018-05-17 03:52:03,0,0,1,0
8jzwp6,2018-05-17 00:26:00,4,r/MadeMeSmile,84,2018-05-17 03:54:07,0,0,1,0
8jzwp6,2018-05-17 00:26:00,4,r/MadeMeSmile,85,2018-05-17 03:54:34,0,0,1,0
8jzwp6,2018-05-17 00:26:00,4,r/MadeMeSmile,86,2018-05-17 03:54:36,0,0,1,0
8jzwp6,2018-05-17 00:26:00,4,r/MadeMeSmile,87,2018-05-17 03:54:40,0,0,1,0
8jzwp6,2018-05-17 00:26:00,4,r/MadeMeSmile,88,2018-05-17 03:54:57,0,0,1,0
8jzwp6,2018-05-17 00:26:00,4,r/MadeMeSmile,89,2018-05-17 03:55:08,0,0,1,0
8jzwp6,2018-05-17 00:26:00,4,r/MadeMeSmile,90,2018-05-17 03:58:56,0,0,1,0
8jzwp6,2018-05-17 00:26:00,4,r/MadeMeSmile,91,2018-05-17 03:59:57,0,0,1,0
8jzwp6,2018-05-17 00:26:00,4,r/MadeMeSmile,92,2018-05-17 04:00:10,0,0,1,0
8jzwp6,2018-05-17 00:26:00,4,r/MadeMeSmile,93,2018-05-17 04:01:19,0,0,1,0
8jzwp6,2018-05-17 00:26:00,4,r/MadeMeSmile,94,2018-05-17 04:02:47,0,0,1,0
8jzwp6,2018-05-17 00:26:00,4,r/MadeMeSmile,95,2018-05-17 04:05:10,0,0,1,0
8jzwp6,2018-05-17 00:26:00,4,r/MadeMeSmile,96,2018-05-17 04:05:31,0,0,1,0
8jzwp6,2018-05-17 00:26:00,4,r/MadeMeSmile,97,2018-05-17 04:07:13,0,0,1,0
8jzwp6,2018-05-17 00:26:00,4,r/MadeMeSmile,98,2018-05-17 04:08:31,0,0,1,0
8jzwp6,2018-05-17 00:26:00,4,r/MadeMeSmile,99,2018-05-17 04:11:24,0,0,1,0
8jzwp6,2018-05-17 00:26:00,4,r/MadeMeSmile,100,2018-05-17 04:12:11,0,0,1,0
8jzwp6,2018-05-17 00:26:00,4,r/MadeMeSmile,101,2018-05-17 04:12:36,0,0,1,0
8jzwp6,2018-05-17 00:26:00,4,r/MadeMeSmile,102,2018-05-17 04:21:08,0,0,0,0
8jzwp6,2018-05-17 00:26:00,4,r/MadeMeSmile,103,2018-05-17 04:21:09,0,0,1,0
8jzwp6,2018-05-17 00:26:00,4,r/MadeMeSmile,104,2018-05-17 04:21:25,0,0,1,0
8jzwp6,2018-05-17 00:26:00,4,r/MadeMeSmile,105,2018-05-17 04:21:53,0,0,1,0
8jzwp6,2018-05-17 00:26:00,4,r/MadeMeSmile,106,2018-05-17 04:22:12,0,0,1,0
8jzwp6,2018-05-17 00:26:00,4,r/MadeMeSmile,107,2018-05-17 04:24:15,0,0,1,0
8jzwp6,2018-05-17 00:26:00,4,r/MadeMeSmile,108,2018-05-17 04:25:21,0,0,1,0
8jzwp6,2018-05-17 00:26:00,4,r/MadeMeSmile,109,2018-05-17 04:28:56,0,0,1,0
8jzwp6,2018-05-17 00:26:00,4,r/MadeMeSmile,110,2018-05-17 04:29:06,0,0,1,0
8jzwp6,2018-05-17 00:26:00,4,r/MadeMeSmile,111,2018-05-17 04:29:59,0,0,1,0
8jzwp6,2018-05-17 00:26:00,4,r/MadeMeSmile,112,2018-05-17 04:30:59,0,0,1,0
8jzwp6,2018-05-17 00:26:00,4,r/MadeMeSmile,113,2018-05-17 04:31:07,0,0,1,0
8jzwp6,2018-05-17 00:26:00,4,r/MadeMeSmile,114,2018-05-17 04:31:35,0,0,1,0
8jzwp6,2018-05-17 00:26:00,4,r/MadeMeSmile,115,2018-05-17 04:32:16,0,0,1,0
8jzwp6,2018-05-17 00:26:00,4,r/MadeMeSmile,116,2018-05-17 04:32:16,0,0,1,0
8jzwp6,2018-05-17 00:26:00,4,r/MadeMeSmile,117,2018-05-17 04:33:00,0,0,1,0
8jzwp6,2018-05-17 00:26:00,4,r/MadeMeSmile,118,2018-05-17 04:35:27,0,0,1,0
8jzwp6,2018-05-17 00:26:00,4,r/MadeMeSmile,119,2018-05-17 04:39:08,0,0,1,0
8jzwp6,2018-05-17 00:26:00,4,r/MadeMeSmile,120,2018-05-17 04:41:39,0,0,1,0
8jzwp6,2018-05-17 00:26:00,4,r/MadeMeSmile,121,2018-05-17 04:44:23,0,0,1,0
8jzwp6,2018-05-17 00:26:00,4,r/MadeMeSmile,122,2018-05-17 04:45:16,0,0,1,0
8jzwp6,2018-05-17 00:26:00,4,r/MadeMeSmile,123,2018-05-17 04:46:05,0,0,1,0
8jzwp6,2018-05-17 00:26:00,4,r/MadeMeSmile,124,2018-05-17 04:46:43,0,0,1,0
8jzwp6,2018-05-17 00:26:00,4,r/MadeMeSmile,125,2018-05-17 04:52:38,0,0,1,0
8jzwp6,2018-05-17 00:26:00,4,r/MadeMeSmile,126,2018-05-17 04:53:08,0,0,1,0
8jzwp6,2018-05-17 00:26:00,4,r/MadeMeSmile,127,2018-05-17 04:53:10,0,0,1,0
8jzwp6,2018-05-17 00:26:00,4,r/MadeMeSmile,128,2018-05-17 04:54:16,0,0,1,0
8jzwp6,2018-05-17 00:26:00,4,r/MadeMeSmile,129,2018-05-17 04:55:08,0,0,1,0
8jzwp6,2018-05-17 00:26:00,4,r/MadeMeSmile,130,2018-05-17 04:55:23,0,0,1,0
8jzwp6,2018-05-17 00:26:00,4,r/MadeMeSmile,131,2018-05-17 04:56:04,0,0,1,0
8jzwp6,2018-05-17 00:26:00,4,r/MadeMeSmile,132,2018-05-17 04:56:49,0,0,1,0
8jzwp6,2018-05-17 00:26:00,4,r/MadeMeSmile,133,2018-05-17 04:59:50,0,0,1,0
8jzwp6,2018-05-17 00:26:00,4,r/MadeMeSmile,134,2018-05-17 05:00:49,0,0,1,0
8jzwp6,2018-05-17 00:26:00,4,r/MadeMeSmile,135,2018-05-17 05:01:42,0,0,1,0
8jzwp6,2018-05-17 00:26:00,4,r/MadeMeSmile,136,2018-05-17 05:08:46,0,0,1,0
8jzwp6,2018-05-17 00:26:00,4,r/MadeMeSmile,137,2018-05-17 05:09:06,0,0,0,0
8jzwp6,2018-05-17 00:26:00,4,r/MadeMeSmile,138,2018-05-17 05:09:15,0,0,1,0
8jzwp6,2018-05-17 00:26:00,4,r/MadeMeSmile,139,2018-05-17 05:09:17,0,0,1,0
8jzwp6,2018-05-17 00:26:00,4,r/MadeMeSmile,140,2018-05-17 05:11:56,0,0,1,0
8jzwp6,2018-05-17 00:26:00,4,r/MadeMeSmile,141,2018-05-17 05:12:26,0,0,1,0
8jzwp6,2018-05-17 00:26:00,4,r/MadeMeSmile,142,2018-05-17 05:18:58,0,0,1,0
8jzwp6,2018-05-17 00:26:00,4,r/MadeMeSmile,143,2018-05-17 03:04:29,0,1,-7,0
8jzwp6,2018-05-17 00:26:00,4,r/MadeMeSmile,143,2018-05-17 04:01:28,1,1,3,0
8jzwp6,2018-05-17 00:26:00,4,r/MadeMeSmile,143,2018-05-17 04:56:35,2,0,1,0
8jzwp6,2018-05-17 00:26:00,4,r/MadeMeSmile,144,2018-05-17 03:15:13,0,0,1,0
8jzwp6,2018-05-17 00:26:00,4,r/MadeMeSmile,145,2018-05-17 03:05:31,0,0,-9,0
8jzwp6,2018-05-17 00:26:00,4,r/MadeMeSmile,146,2018-05-17 03:17:08,0,0,1,0
8jzwp6,2018-05-17 00:26:00,4,r/MadeMeSmile,147,2018-05-17 03:34:47,0,0,0,0
8jzwp6,2018-05-17 00:26:00,4,r/MadeMeSmile,148,2018-05-17 03:45:51,0,0,1,0
8jzwp6,2018-05-17 00:26:00,4,r/MadeMeSmile,149,2018-05-17 03:52:06,0,0,1,0
8jzwp6,2018-05-17 00:26:00,4,r/MadeMeSmile,150,2018-05-17 04:02:48,0,0,0,0
8jzwp6,2018-05-17 00:26:00,4,r/MadeMeSmile,151,2018-05-17 03:32:42,0,0,1,0
8jzwp6,2018-05-17 00:26:00,4,r/MadeMeSmile,152,2018-05-17 03:25:56,0,1,-11,0
8jzwp6,2018-05-17 00:26:00,4,r/MadeMeSmile,152,2018-05-17 05:01:03,1,0,0,0
8jzwp6,2018-05-17 00:26:00,4,r/MadeMeSmile,153,2018-05-17 04:22:16,0,0,-2,0
8jzwp6,2018-05-17 00:26:00,4,r/MadeMeSmile,154,2018-05-17 03:11:25,0,0,0,0
8jzwp6,2018-05-17 00:26:00,4,r/MadeMeSmile,155,2018-05-17 03:23:24,0,0,-6,0
8jzwp6,2018-05-17 00:26:00,4,r/MadeMeSmile,156,2018-05-17 01:23:22,0,1,-4,0
8jzwp6,2018-05-17 00:26:00,4,r/MadeMeSmile,156,2018-05-17 03:08:27,1,0,2,0
8jzwp6,2018-05-17 00:26:00,4,r/MadeMeSmile,157,2018-05-17 03:07:54,0,0,-3,0
8jzwp6,2018-05-17 00:26:00,4,r/MadeMeSmile,158,2018-05-17 01:34:19,0,1,-26,0
8jzwp6,2018-05-17 00:26:00,4,r/MadeMeSmile,158,2018-05-17 03:05:06,1,0,-4,0
8jzwp6,2018-05-17 00:26:00,4,r/MadeMeSmile,159,2018-05-17 02:44:45,0,0,-5,0
8jzwp6,2018-05-17 00:26:00,4,r/MadeMeSmile,160,2018-05-17 03:21:33,0,0,-4,0
8jzwp6,2018-05-17 00:26:00,4,r/MadeMeSmile,161,2018-05-17 02:24:25,0,1,-12,0
8jzwp6,2018-05-17 00:26:00,4,r/MadeMeSmile,161,2018-05-17 03:05:24,1,0,-4,0
8jzwp6,2018-05-17 00:26:00,4,r/MadeMeSmile,162,2018-05-17 02:55:01,0,2,-19,0
8jzwp6,2018-05-17 00:26:00,4,r/MadeMeSmile,162,2018-05-17 03:18:04,1,1,7,0
8jzwp6,2018-05-17 00:26:00,4,r/MadeMeSmile,162,2018-05-17 03:33:09,2,0,-4,0
8jzwp6,2018-05-17 00:26:00,4,r/MadeMeSmile,162,2018-05-17 03:05:41,1,0,-6,0
8jzwp6,2018-05-17 00:26:00,4,r/MadeMeSmile,163,2018-05-17 03:19:09,0,0,0,0
8jzwp6,2018-05-17 00:26:00,4,r/MadeMeSmile,164,2018-05-17 03:40:44,0,0,0,0
8jzwp6,2018-05-17 00:26:00,4,r/MadeMeSmile,165,2018-05-17 03:58:45,0,0,0,0
8jzwp6,2018-05-17 00:26:00,4,r/MadeMeSmile,166,2018-05-17 04:04:57,0,0,0,0
8jzwp6,2018-05-17 00:26:00,4,r/MadeMeSmile,167,2018-05-17 05:02:03,0,0,0,0
8jzwp6,2018-05-17 00:26:00,4,r/MadeMeSmile,168,2018-05-17 04:31:00,0,0,-1,0
8jzwp6,2018-05-17 00:26:00,4,r/MadeMeSmile,169,2018-05-17 03:02:49,0,0,-5,0
8jzwp6,2018-05-17 00:26:00,4,r/MadeMeSmile,170,2018-05-17 02:36:56,0,1,-30,0
8jzwp6,2018-05-17 00:26:00,4,r/MadeMeSmile,170,2018-05-17 02:56:00,1,1,5,0
8jzwp6,2018-05-17 00:26:00,4,r/MadeMeSmile,170,2018-05-17 03:22:56,2,0,-4,0
8jzw5f,2018-05-17 00:23:45,5,r/facepalm,0,2018-05-17 01:07:21,0,4,857,0
8jzw5f,2018-05-17 00:23:45,5,r/facepalm,0,2018-05-17 03:51:31,1,2,1,0
8jzw5f,2018-05-17 00:23:45,5,r/facepalm,0,2018-05-17 04:54:21,2,4,1,0
8jzw5f,2018-05-17 00:23:45,5,r/facepalm,0,2018-05-17 04:58:53,3,1,1,0
8jzw5f,2018-05-17 00:23:45,5,r/facepalm,0,2018-05-17 05:01:29,4,2,1,0
8jzw5f,2018-05-17 00:23:45,5,r/facepalm,0,2018-05-17 05:04:39,5,1,1,0
8jzw5f,2018-05-17 00:23:45,5,r/facepalm,0,2018-05-17 05:17:31,6,0,1,0
8jzw5f,2018-05-17 00:23:45,5,r/facepalm,0,2018-05-17 05:04:57,5,1,1,0
8jzw5f,2018-05-17 00:23:45,5,r/facepalm,0,2018-05-17 05:11:01,6,0,1,0
8jzw5f,2018-05-17 00:23:45,5,r/facepalm,0,2018-05-17 04:57:07,3,0,1,0
8jzw5f,2018-05-17 00:23:45,5,r/facepalm,0,2018-05-17 05:13:13,3,0,1,0
8jzw5f,2018-05-17 00:23:45,5,r/facepalm,0,2018-05-17 05:15:02,3,0,1,0
8jzw5f,2018-05-17 00:23:45,5,r/facepalm,0,2018-05-17 05:09:46,2,0,1,0
8jzw5f,2018-05-17 00:23:45,5,r/facepalm,0,2018-05-17 04:17:45,1,1,1,0
8jzw5f,2018-05-17 00:23:45,5,r/facepalm,0,2018-05-17 04:59:35,2,0,1,0
8jzw5f,2018-05-17 00:23:45,5,r/facepalm,0,2018-05-17 03:13:55,1,1,1,0
8jzw5f,2018-05-17 00:23:45,5,r/facepalm,0,2018-05-17 04:12:10,2,1,1,0
8jzw5f,2018-05-17 00:23:45,5,r/facepalm,0,2018-05-17 04:17:24,3,1,1,0
8jzw5f,2018-05-17 00:23:45,5,r/facepalm,0,2018-05-17 04:29:17,4,1,1,0
8jzw5f,2018-05-17 00:23:45,5,r/facepalm,0,2018-05-17 04:39:20,5,1,1,0
8jzw5f,2018-05-17 00:23:45,5,r/facepalm,0,2018-05-17 04:45:26,6,1,1,0
8jzw5f,2018-05-17 00:23:45,5,r/facepalm,0,2018-05-17 04:50:51,7,1,1,0
8jzw5f,2018-05-17 00:23:45,5,r/facepalm,0,2018-05-17 04:58:11,8,2,1,0
8jzw5f,2018-05-17 00:23:45,5,r/facepalm,0,2018-05-17 04:58:15,9,0,1,0
8jzw5f,2018-05-17 00:23:45,5,r/facepalm,0,2018-05-17 05:02:07,9,1,1,0
8jzw5f,2018-05-17 00:23:45,5,r/facepalm,0,2018-05-17 04:56:43,1,0,1,0
8jzw5f,2018-05-17 00:23:45,5,r/facepalm,1,2018-05-17 01:16:06,0,7,1085,0
8jzw5f,2018-05-17 00:23:45,5,r/facepalm,1,2018-05-17 03:05:27,1,3,1,0
8jzw5f,2018-05-17 00:23:45,5,r/facepalm,1,2018-05-17 03:49:57,2,3,1,0
8jzw5f,2018-05-17 00:23:45,5,r/facepalm,1,2018-05-17 03:52:10,3,2,1,0
8jzw5f,2018-05-17 00:23:45,5,r/facepalm,1,2018-05-17 04:02:04,4,3,1,0
8jzw5f,2018-05-17 00:23:45,5,r/facepalm,1,2018-05-17 04:16:12,5,1,1,0
8jzw5f,2018-05-17 00:23:45,5,r/facepalm,1,2018-05-17 04:21:43,6,1,1,0
8jzw5f,2018-05-17 00:23:45,5,r/facepalm,1,2018-05-17 04:33:07,7,0,1,0
8jzw5f,2018-05-17 00:23:45,5,r/facepalm,1,2018-05-17 04:32:18,5,0,1,0
8jzw5f,2018-05-17 00:23:45,5,r/facepalm,1,2018-05-17 04:41:51,5,0,1,0
8jzw5f,2018-05-17 00:23:45,5,r/facepalm,1,2018-05-17 04:59:03,4,0,1,0
8jzw5f,2018-05-17 00:23:45,5,r/facepalm,1,2018-05-17 03:51:31,3,0,1,0
8jzw5f,2018-05-17 00:23:45,5,r/facepalm,1,2018-05-17 03:52:23,3,1,1,0
8jzw5f,2018-05-17 00:23:45,5,r/facepalm,1,2018-05-17 03:57:04,4,1,1,0
8jzw5f,2018-05-17 00:23:45,5,r/facepalm,1,2018-05-17 03:58:17,5,1,1,0
8jzw5f,2018-05-17 00:23:45,5,r/facepalm,1,2018-05-17 03:58:45,6,0,1,0
8jzw5f,2018-05-17 00:23:45,5,r/facepalm,1,2018-05-17 04:23:25,2,0,1,0
8jzw5f,2018-05-17 00:23:45,5,r/facepalm,1,2018-05-17 04:47:48,2,0,1,0
8jzw5f,2018-05-17 00:23:45,5,r/facepalm,1,2018-05-17 02:02:24,1,3,40,0
8jzw5f,2018-05-17 00:23:45,5,r/facepalm,1,2018-05-17 03:00:08,2,1,1,0
8jzw5f,2018-05-17 00:23:45,5,r/facepalm,1,2018-05-17 03:06:41,3,1,1,0
8jzw5f,2018-05-17 00:23:45,5,r/facepalm,1,2018-05-17 03:13:47,4,1,1,0
8jzw5f,2018-05-17 00:23:45,5,r/facepalm,1,2018-05-17 03:35:32,5,1,1,0
8jzw5f,2018-05-17 00:23:45,5,r/facepalm,1,2018-05-17 03:47:13,6,0,1,0
8jzw5f,2018-05-17 00:23:45,5,r/facepalm,1,2018-05-17 03:06:19,2,0,1,0
8jzw5f,2018-05-17 00:23:45,5,r/facepalm,1,2018-05-17 03:20:06,2,0,1,0
8jzw5f,2018-05-17 00:23:45,5,r/facepalm,1,2018-05-17 03:26:27,1,0,1,0
8jzw5f,2018-05-17 00:23:45,5,r/facepalm,1,2018-05-17 04:15:15,1,2,1,0
8jzw5f,2018-05-17 00:23:45,5,r/facepalm,1,2018-05-17 04:16:50,2,0,1,0
8jzw5f,2018-05-17 00:23:45,5,r/facepalm,1,2018-05-17 04:31:05,2,1,1,0
8jzw5f,2018-05-17 00:23:45,5,r/facepalm,1,2018-05-17 04:31:27,3,0,1,0
8jzw5f,2018-05-17 00:23:45,5,r/facepalm,1,2018-05-17 03:59:50,1,0,1,0
8jzw5f,2018-05-17 00:23:45,5,r/facepalm,1,2018-05-17 05:10:56,1,0,1,0
8jzw5f,2018-05-17 00:23:45,5,r/facepalm,1,2018-05-17 05:12:39,1,0,1,0
8jzw5f,2018-05-17 00:23:45,5,r/facepalm,2,2018-05-17 01:17:06,0,49,2090,0
8jzw5f,2018-05-17 00:23:45,5,r/facepalm,2,2018-05-17 03:01:32,1,2,1,0
8jzw5f,2018-05-17 00:23:45,5,r/facepalm,2,2018-05-17 03:56:00,2,2,1,0
8jzw5f,2018-05-17 00:23:45,5,r/facepalm,2,2018-05-17 03:58:29,3,7,1,0
8jzw5f,2018-05-17 00:23:45,5,r/facepalm,2,2018-05-17 03:59:29,4,4,1,0
8jzw5f,2018-05-17 00:23:45,5,r/facepalm,2,2018-05-17 04:01:44,5,2,1,0
8jzw5f,2018-05-17 00:23:45,5,r/facepalm,2,2018-05-17 04:06:21,6,1,1,0
8jzw5f,2018-05-17 00:23:45,5,r/facepalm,2,2018-05-17 05:18:41,7,0,1,0
8jzw5f,2018-05-17 00:23:45,5,r/facepalm,2,2018-05-17 04:03:13,6,1,1,0
8jzw5f,2018-05-17 00:23:45,5,r/facepalm,2,2018-05-17 04:25:55,7,1,1,0
8jzw5f,2018-05-17 00:23:45,5,r/facepalm,2,2018-05-17 04:56:47,8,0,1,0
8jzw5f,2018-05-17 00:23:45,5,r/facepalm,2,2018-05-17 04:28:37,5,0,1,0
8jzw5f,2018-05-17 00:23:45,5,r/facepalm,2,2018-05-17 04:32:17,5,0,1,0
8jzw5f,2018-05-17 00:23:45,5,r/facepalm,2,2018-05-17 04:04:40,5,1,1,0
8jzw5f,2018-05-17 00:23:45,5,r/facepalm,2,2018-05-17 04:14:43,6,1,1,0
8jzw5f,2018-05-17 00:23:45,5,r/facepalm,2,2018-05-17 04:19:52,7,0,1,0
8jzw5f,2018-05-17 00:23:45,5,r/facepalm,2,2018-05-17 04:00:57,4,0,1,0
8jzw5f,2018-05-17 00:23:45,5,r/facepalm,2,2018-05-17 04:04:00,4,0,1,0
8jzw5f,2018-05-17 00:23:45,5,r/facepalm,2,2018-05-17 04:03:14,4,0,1,0
8jzw5f,2018-05-17 00:23:45,5,r/facepalm,2,2018-05-17 04:35:01,4,0,1,0
8jzw5f,2018-05-17 00:23:45,5,r/facepalm,2,2018-05-17 04:44:30,4,0,1,0
8jzw5f,2018-05-17 00:23:45,5,r/facepalm,2,2018-05-17 04:03:02,4,0,1,0
8jzw5f,2018-05-17 00:23:45,5,r/facepalm,2,2018-05-17 04:29:47,3,0,1,0
8jzw5f,2018-05-17 00:23:45,5,r/facepalm,2,2018-05-17 04:11:09,2,0,1,0
8jzw5f,2018-05-17 00:23:45,5,r/facepalm,2,2018-05-17 03:25:00,1,8,1,0
8jzw5f,2018-05-17 00:23:45,5,r/facepalm,2,2018-05-17 03:44:10,2,8,1,0
8jzw5f,2018-05-17 00:23:45,5,r/facepalm,2,2018-05-17 04:03:16,3,1,1,0
8jzw5f,2018-05-17 00:23:45,5,r/facepalm,2,2018-05-17 04:27:00,4,3,1,0
8jzw5f,2018-05-17 00:23:45,5,r/facepalm,2,2018-05-17 04:49:46,5,0,1,0
8jzw5f,2018-05-17 00:23:45,5,r/facepalm,2,2018-05-17 05:07:04,5,0,1,0
8jzw5f,2018-05-17 00:23:45,5,r/facepalm,2,2018-05-17 04:51:04,5,1,1,0
8jzw5f,2018-05-17 00:23:45,5,r/facepalm,2,2018-05-17 04:53:23,6,0,1,0
8jzw5f,2018-05-17 00:23:45,5,r/facepalm,2,2018-05-17 03:52:24,3,4,1,0
8jzw5f,2018-05-17 00:23:45,5,r/facepalm,2,2018-05-17 03:56:56,4,2,1,0
8jzw5f,2018-05-17 00:23:45,5,r/facepalm,2,2018-05-17 04:30:15,5,1,1,0
8jzw5f,2018-05-17 00:23:45,5,r/facepalm,2,2018-05-17 04:58:35,6,1,1,0
8jzw5f,2018-05-17 00:23:45,5,r/facepalm,2,2018-05-17 05:04:53,7,0,1,0
8jzw5f,2018-05-17 00:23:45,5,r/facepalm,2,2018-05-17 04:19:50,5,2,1,0
8jzw5f,2018-05-17 00:23:45,5,r/facepalm,2,2018-05-17 04:32:06,6,1,1,0
8jzw5f,2018-05-17 00:23:45,5,r/facepalm,2,2018-05-17 04:34:14,7,0,1,0
8jzw5f,2018-05-17 00:23:45,5,r/facepalm,2,2018-05-17 04:46:24,6,0,1,0
8jzw5f,2018-05-17 00:23:45,5,r/facepalm,2,2018-05-17 04:01:12,4,1,1,0
8jzw5f,2018-05-17 00:23:45,5,r/facepalm,2,2018-05-17 04:05:01,5,1,1,0
8jzw5f,2018-05-17 00:23:45,5,r/facepalm,2,2018-05-17 04:53:48,6,0,1,0
8jzw5f,2018-05-17 00:23:45,5,r/facepalm,2,2018-05-17 04:10:43,4,1,1,0
8jzw5f,2018-05-17 00:23:45,5,r/facepalm,2,2018-05-17 04:15:32,5,0,1,0
8jzw5f,2018-05-17 00:23:45,5,r/facepalm,2,2018-05-17 04:27:22,4,0,1,0
8jzw5f,2018-05-17 00:23:45,5,r/facepalm,2,2018-05-17 04:29:38,3,0,1,0
8jzw5f,2018-05-17 00:23:45,5,r/facepalm,2,2018-05-17 04:08:10,3,0,1,0
8jzw5f,2018-05-17 00:23:45,5,r/facepalm,2,2018-05-17 03:51:50,3,2,1,0
8jzw5f,2018-05-17 00:23:45,5,r/facepalm,2,2018-05-17 03:54:01,4,2,1,0
8jzw5f,2018-05-17 00:23:45,5,r/facepalm,2,2018-05-17 03:56:52,5,1,1,0
8jzw5f,2018-05-17 00:23:45,5,r/facepalm,2,2018-05-17 04:30:08,6,1,1,0
8jzw5f,2018-05-17 00:23:45,5,r/facepalm,2,2018-05-17 04:38:32,7,0,1,0
8jzw5f,2018-05-17 00:23:45,5,r/facepalm,2,2018-05-17 04:00:00,5,0,1,0
8jzw5f,2018-05-17 00:23:45,5,r/facepalm,2,2018-05-17 03:58:45,4,0,1,0
8jzw5f,2018-05-17 00:23:45,5,r/facepalm,2,2018-05-17 03:54:56,3,3,1,0
8jzw5f,2018-05-17 00:23:45,5,r/facepalm,2,2018-05-17 03:58:58,4,0,1,0
8jzw5f,2018-05-17 00:23:45,5,r/facepalm,2,2018-05-17 04:28:58,4,1,1,0
8jzw5f,2018-05-17 00:23:45,5,r/facepalm,2,2018-05-17 04:41:55,5,0,1,0
8jzw5f,2018-05-17 00:23:45,5,r/facepalm,2,2018-05-17 04:31:54,4,1,1,0
8jzw5f,2018-05-17 00:23:45,5,r/facepalm,2,2018-05-17 04:40:43,5,1,1,0
8jzw5f,2018-05-17 00:23:45,5,r/facepalm,2,2018-05-17 04:56:03,6,0,1,0
8jzw5f,2018-05-17 00:23:45,5,r/facepalm,2,2018-05-17 04:24:39,3,0,1,0
8jzw5f,2018-05-17 00:23:45,5,r/facepalm,2,2018-05-17 04:45:51,3,0,1,0
8jzw5f,2018-05-17 00:23:45,5,r/facepalm,2,2018-05-17 04:38:22,2,1,1,0
8jzw5f,2018-05-17 00:23:45,5,r/facepalm,2,2018-05-17 05:14:09,3,0,1,0
8jzw5f,2018-05-17 00:23:45,5,r/facepalm,2,2018-05-17 04:13:41,2,0,1,0
8jzw5f,2018-05-17 00:23:45,5,r/facepalm,2,2018-05-17 04:18:46,2,0,1,0
8jzw5f,2018-05-17 00:23:45,5,r/facepalm,2,2018-05-17 04:34:09,2,0,1,0
8jzw5f,2018-05-17 00:23:45,5,r/facepalm,2,2018-05-17 04:50:41,2,0,1,0
8jzw5f,2018-05-17 00:23:45,5,r/facepalm,2,2018-05-17 04:52:15,2,0,1,0
8jzw5f,2018-05-17 00:23:45,5,r/facepalm,2,2018-05-17 05:02:48,2,0,1,0
8jzw5f,2018-05-17 00:23:45,5,r/facepalm,2,2018-05-17 03:34:35,1,2,1,0
8jzw5f,2018-05-17 00:23:45,5,r/facepalm,2,2018-05-17 03:48:01,2,0,1,0
8jzw5f,2018-05-17 00:23:45,5,r/facepalm,2,2018-05-17 04:57:50,2,0,1,0
8jzw5f,2018-05-17 00:23:45,5,r/facepalm,2,2018-05-17 03:22:38,1,4,1,0
8jzw5f,2018-05-17 00:23:45,5,r/facepalm,2,2018-05-17 03:53:15,2,1,1,0
8jzw5f,2018-05-17 00:23:45,5,r/facepalm,2,2018-05-17 03:58:44,3,2,1,0
8jzw5f,2018-05-17 00:23:45,5,r/facepalm,2,2018-05-17 04:35:24,4,0,1,0
8jzw5f,2018-05-17 00:23:45,5,r/facepalm,2,2018-05-17 04:42:07,4,0,1,0
8jzw5f,2018-05-17 00:23:45,5,r/facepalm,2,2018-05-17 03:53:31,2,1,1,0
8jzw5f,2018-05-17 00:23:45,5,r/facepalm,2,2018-05-17 03:55:00,3,5,1,0
8jzw5f,2018-05-17 00:23:45,5,r/facepalm,2,2018-05-17 04:36:08,4,1,1,0
8jzw5f,2018-05-17 00:23:45,5,r/facepalm,2,2018-05-17 04:39:32,5,0,1,0
8jzw5f,2018-05-17 00:23:45,5,r/facepalm,2,2018-05-17 03:58:49,4,1,1,0
8jzw5f,2018-05-17 00:23:45,5,r/facepalm,2,2018-05-17 04:00:32,5,0,1,0
8jzw5f,2018-05-17 00:23:45,5,r/facepalm,2,2018-05-17 04:30:57,4,1,1,0
8jzw5f,2018-05-17 00:23:45,5,r/facepalm,2,2018-05-17 04:49:25,5,0,1,0
8jzw5f,2018-05-17 00:23:45,5,r/facepalm,2,2018-05-17 04:53:06,4,0,1,0
8jzw5f,2018-05-17 00:23:45,5,r/facepalm,2,2018-05-17 05:11:10,4,0,1,0
8jzw5f,2018-05-17 00:23:45,5,r/facepalm,2,2018-05-17 04:29:55,2,0,1,0
8jzw5f,2018-05-17 00:23:45,5,r/facepalm,2,2018-05-17 05:10:23,2,0,1,0
8jzw5f,2018-05-17 00:23:45,5,r/facepalm,2,2018-05-17 03:20:47,1,0,1,0
8jzw5f,2018-05-17 00:23:45,5,r/facepalm,2,2018-05-17 03:35:24,1,0,1,0
8jzw5f,2018-05-17 00:23:45,5,r/facepalm,2,2018-05-17 03:06:28,1,2,1,0
8jzw5f,2018-05-17 00:23:45,5,r/facepalm,2,2018-05-17 03:49:52,2,1,1,0
8jzw5f,2018-05-17 00:23:45,5,r/facepalm,2,2018-05-17 04:14:19,3,0,1,0
8jzw5f,2018-05-17 00:23:45,5,r/facepalm,2,2018-05-17 03:36:26,2,2,1,0
8jzw5f,2018-05-17 00:23:45,5,r/facepalm,2,2018-05-17 03:50:51,3,1,1,0
8jzw5f,2018-05-17 00:23:45,5,r/facepalm,2,2018-05-17 03:54:51,4,0,1,0
8jzw5f,2018-05-17 00:23:45,5,r/facepalm,2,2018-05-17 04:08:11,3,0,1,0
8jzw5f,2018-05-17 00:23:45,5,r/facepalm,2,2018-05-17 03:53:05,1,2,1,0
8jzw5f,2018-05-17 00:23:45,5,r/facepalm,2,2018-05-17 04:19:49,2,2,1,0
8jzw5f,2018-05-17 00:23:45,5,r/facepalm,2,2018-05-17 04:50:29,3,0,1,0
8jzw5f,2018-05-17 00:23:45,5,r/facepalm,2,2018-05-17 04:27:13,3,0,1,0
8jzw5f,2018-05-17 00:23:45,5,r/facepalm,2,2018-05-17 03:59:32,2,2,1,0
8jzw5f,2018-05-17 00:23:45,5,r/facepalm,2,2018-05-17 04:10:39,3,0,1,0
8jzw5f,2018-05-17 00:23:45,5,r/facepalm,2,2018-05-17 04:15:55,3,1,1,0
8jzw5f,2018-05-17 00:23:45,5,r/facepalm,2,2018-05-17 04:20:30,4,1,1,0
8jzw5f,2018-05-17 00:23:45,5,r/facepalm,2,2018-05-17 04:26:22,5,0,1,0
8jzw5f,2018-05-17 00:23:45,5,r/facepalm,2,2018-05-17 03:42:48,1,0,1,0
8jzw5f,2018-05-17 00:23:45,5,r/facepalm,2,2018-05-17 03:54:43,1,1,1,0
8jzw5f,2018-05-17 00:23:45,5,r/facepalm,2,2018-05-17 04:59:12,2,1,1,0
8jzw5f,2018-05-17 00:23:45,5,r/facepalm,2,2018-05-17 05:11:56,3,0,1,0
8jzw5f,2018-05-17 00:23:45,5,r/facepalm,2,2018-05-17 04:01:41,1,0,1,0
8jzw5f,2018-05-17 00:23:45,5,r/facepalm,2,2018-05-17 03:48:13,1,3,1,0
8jzw5f,2018-05-17 00:23:45,5,r/facepalm,2,2018-05-17 04:13:25,2,2,1,0
8jzw5f,2018-05-17 00:23:45,5,r/facepalm,2,2018-05-17 04:14:58,3,0,1,0
8jzw5f,2018-05-17 00:23:45,5,r/facepalm,2,2018-05-17 04:38:12,3,0,1,0
8jzw5f,2018-05-17 00:23:45,5,r/facepalm,2,2018-05-17 04:31:44,2,0,1,0
8jzw5f,2018-05-17 00:23:45,5,r/facepalm,2,2018-05-17 04:10:24,2,2,1,0
8jzw5f,2018-05-17 00:23:45,5,r/facepalm,2,2018-05-17 04:20:10,3,0,1,0
8jzw5f,2018-05-17 00:23:45,5,r/facepalm,2,2018-05-17 04:11:47,3,1,1,0
8jzw5f,2018-05-17 00:23:45,5,r/facepalm,2,2018-05-17 04:22:18,4,0,1,0
8jzw5f,2018-05-17 00:23:45,5,r/facepalm,2,2018-05-17 03:23:44,1,0,1,0
8jzw5f,2018-05-17 00:23:45,5,r/facepalm,2,2018-05-17 03:44:33,1,0,1,0
8jzw5f,2018-05-17 00:23:45,5,r/facepalm,2,2018-05-17 03:45:12,1,1,1,0
8jzw5f,2018-05-17 00:23:45,5,r/facepalm,2,2018-05-17 03:57:40,2,0,1,0
8jzw5f,2018-05-17 00:23:45,5,r/facepalm,2,2018-05-17 03:45:15,1,0,1,0
8jzw5f,2018-05-17 00:23:45,5,r/facepalm,2,2018-05-17 03:52:41,1,0,1,0
8jzw5f,2018-05-17 00:23:45,5,r/facepalm,2,2018-05-17 03:56:51,1,0,1,0
8jzw5f,2018-05-17 00:23:45,5,r/facepalm,2,2018-05-17 03:59:33,1,0,1,0
8jzw5f,2018-05-17 00:23:45,5,r/facepalm,2,2018-05-17 04:00:16,1,0,1,0
8jzw5f,2018-05-17 00:23:45,5,r/facepalm,2,2018-05-17 04:07:37,1,0,1,0
8jzw5f,2018-05-17 00:23:45,5,r/facepalm,2,2018-05-17 03:57:45,1,0,1,0
8jzw5f,2018-05-17 00:23:45,5,r/facepalm,2,2018-05-17 03:53:11,1,1,1,0
8jzw5f,2018-05-17 00:23:45,5,r/facepalm,2,2018-05-17 04:13:56,2,0,1,0
8jzw5f,2018-05-17 00:23:45,5,r/facepalm,2,2018-05-17 04:00:34,1,0,1,0
8jzw5f,2018-05-17 00:23:45,5,r/facepalm,2,2018-05-17 04:03:12,1,0,1,0
8jzw5f,2018-05-17 00:23:45,5,r/facepalm,2,2018-05-17 04:12:53,1,0,1,0
8jzw5f,2018-05-17 00:23:45,5,r/facepalm,2,2018-05-17 04:13:00,1,0,1,0
8jzw5f,2018-05-17 00:23:45,5,r/facepalm,2,2018-05-17 04:14:52,1,0,1,0
8jzw5f,2018-05-17 00:23:45,5,r/facepalm,2,2018-05-17 04:22:13,1,0,1,0
8jzw5f,2018-05-17 00:23:45,5,r/facepalm,2,2018-05-17 04:25:26,1,0,1,0
8jzw5f,2018-05-17 00:23:45,5,r/facepalm,2,2018-05-17 04:28:09,1,0,1,0
8jzw5f,2018-05-17 00:23:45,5,r/facepalm,2,2018-05-17 04:28:23,1,0,1,0
8jzw5f,2018-05-17 00:23:45,5,r/facepalm,2,2018-05-17 04:29:03,1,0,1,0
8jzw5f,2018-05-17 00:23:45,5,r/facepalm,2,2018-05-17 04:30:58,1,0,1,0
8jzw5f,2018-05-17 00:23:45,5,r/facepalm,2,2018-05-17 04:31:06,1,0,1,0
8jzw5f,2018-05-17 00:23:45,5,r/facepalm,2,2018-05-17 04:38:19,1,0,1,0
8jzw5f,2018-05-17 00:23:45,5,r/facepalm,2,2018-05-17 04:40:10,1,0,1,0
8jzw5f,2018-05-17 00:23:45,5,r/facepalm,2,2018-05-17 04:40:45,1,0,1,0
8jzw5f,2018-05-17 00:23:45,5,r/facepalm,2,2018-05-17 04:43:42,1,0,1,0
8jzw5f,2018-05-17 00:23:45,5,r/facepalm,2,2018-05-17 04:44:07,1,0,1,0
8jzw5f,2018-05-17 00:23:45,5,r/facepalm,2,2018-05-17 04:51:21,1,0,1,0
8jzw5f,2018-05-17 00:23:45,5,r/facepalm,2,2018-05-17 04:55:06,1,0,1,0
8jzw5f,2018-05-17 00:23:45,5,r/facepalm,2,2018-05-17 05:00:10,1,0,1,0
8jzw5f,2018-05-17 00:23:45,5,r/facepalm,2,2018-05-17 05:01:32,1,0,1,0
8jzw5f,2018-05-17 00:23:45,5,r/facepalm,2,2018-05-17 05:05:31,1,0,1,0
8jzw5f,2018-05-17 00:23:45,5,r/facepalm,2,2018-05-17 05:06:16,1,0,1,0
8jzw5f,2018-05-17 00:23:45,5,r/facepalm,2,2018-05-17 05:08:43,1,0,1,0
8jzw5f,2018-05-17 00:23:45,5,r/facepalm,2,2018-05-17 05:11:28,1,0,1,0
8jzw5f,2018-05-17 00:23:45,5,r/facepalm,2,2018-05-17 05:13:18,1,0,1,0
8jzw5f,2018-05-17 00:23:45,5,r/facepalm,3,2018-05-17 02:42:59,0,8,407,0
8jzw5f,2018-05-17 00:23:45,5,r/facepalm,3,2018-05-17 03:35:53,1,2,1,0
8jzw5f,2018-05-17 00:23:45,5,r/facepalm,3,2018-05-17 04:01:45,2,1,1,0
8jzw5f,2018-05-17 00:23:45,5,r/facepalm,3,2018-05-17 04:32:56,3,0,1,0
8jzw5f,2018-05-17 00:23:45,5,r/facepalm,3,2018-05-17 04:23:07,2,1,1,0
8jzw5f,2018-05-17 00:23:45,5,r/facepalm,3,2018-05-17 04:29:54,3,1,1,0
8jzw5f,2018-05-17 00:23:45,5,r/facepalm,3,2018-05-17 05:03:11,4,0,1,0
8jzw5f,2018-05-17 00:23:45,5,r/facepalm,3,2018-05-17 03:21:35,1,4,1,0
8jzw5f,2018-05-17 00:23:45,5,r/facepalm,3,2018-05-17 03:58:48,2,1,1,0
8jzw5f,2018-05-17 00:23:45,5,r/facepalm,3,2018-05-17 05:17:02,3,0,1,0
8jzw5f,2018-05-17 00:23:45,5,r/facepalm,3,2018-05-17 04:10:56,2,3,1,0
8jzw5f,2018-05-17 00:23:45,5,r/facepalm,3,2018-05-17 04:26:08,3,1,1,0
8jzw5f,2018-05-17 00:23:45,5,r/facepalm,3,2018-05-17 04:38:23,4,1,1,0
8jzw5f,2018-05-17 00:23:45,5,r/facepalm,3,2018-05-17 04:42:03,5,0,1,0
8jzw5f,2018-05-17 00:23:45,5,r/facepalm,3,2018-05-17 04:14:13,3,2,1,0
8jzw5f,2018-05-17 00:23:45,5,r/facepalm,3,2018-05-17 04:18:12,4,1,1,0
8jzw5f,2018-05-17 00:23:45,5,r/facepalm,3,2018-05-17 05:04:00,5,1,1,0
8jzw5f,2018-05-17 00:23:45,5,r/facepalm,3,2018-05-17 05:16:46,6,0,1,0
8jzw5f,2018-05-17 00:23:45,5,r/facepalm,3,2018-05-17 04:36:10,4,1,1,0
8jzw5f,2018-05-17 00:23:45,5,r/facepalm,3,2018-05-17 05:04:26,5,0,1,0
8jzw5f,2018-05-17 00:23:45,5,r/facepalm,3,2018-05-17 04:28:22,3,1,1,0
8jzw5f,2018-05-17 00:23:45,5,r/facepalm,3,2018-05-17 04:36:39,4,1,1,0
8jzw5f,2018-05-17 00:23:45,5,r/facepalm,3,2018-05-17 04:49:53,5,0,1,0
8jzw5f,2018-05-17 00:23:45,5,r/facepalm,3,2018-05-17 03:59:44,2,3,1,0
8jzw5f,2018-05-17 00:23:45,5,r/facepalm,3,2018-05-17 04:01:59,3,0,1,0
8jzw5f,2018-05-17 00:23:45,5,r/facepalm,3,2018-05-17 04:25:10,3,0,1,0
8jzw5f,2018-05-17 00:23:45,5,r/facepalm,3,2018-05-17 05:03:49,3,0,1,0
8jzw5f,2018-05-17 00:23:45,5,r/facepalm,3,2018-05-17 05:02:22,2,0,1,0
8jzw5f,2018-05-17 00:23:45,5,r/facepalm,3,2018-05-17 03:09:49,1,2,1,0
8jzw5f,2018-05-17 00:23:45,5,r/facepalm,3,2018-05-17 03:11:25,2,2,1,0
8jzw5f,2018-05-17 00:23:45,5,r/facepalm,3,2018-05-17 03:13:54,3,0,1,0
8jzw5f,2018-05-17 00:23:45,5,r/facepalm,3,2018-05-17 04:26:28,3,0,1,0
8jzw5f,2018-05-17 00:23:45,5,r/facepalm,3,2018-05-17 04:01:06,2,0,1,0
8jzw5f,2018-05-17 00:23:45,5,r/facepalm,3,2018-05-17 03:25:28,1,0,1,0
8jzw5f,2018-05-17 00:23:45,5,r/facepalm,3,2018-05-17 03:55:37,1,0,1,0
8jzw5f,2018-05-17 00:23:45,5,r/facepalm,3,2018-05-17 04:29:17,1,1,1,0
8jzw5f,2018-05-17 00:23:45,5,r/facepalm,3,2018-05-17 04:55:29,2,0,1,0
8jzw5f,2018-05-17 00:23:45,5,r/facepalm,3,2018-05-17 03:55:02,1,0,1,0
8jzw5f,2018-05-17 00:23:45,5,r/facepalm,3,2018-05-17 04:44:23,1,0,1,0
8jzw5f,2018-05-17 00:23:45,5,r/facepalm,4,2018-05-17 00:54:39,0,7,560,0
8jzw5f,2018-05-17 00:23:45,5,r/facepalm,4,2018-05-17 01:07:16,1,6,80,0
8jzw5f,2018-05-17 00:23:45,5,r/facepalm,4,2018-05-17 02:35:24,2,2,32,0
8jzw5f,2018-05-17 00:23:45,5,r/facepalm,4,2018-05-17 03:02:35,3,0,1,0
8jzw5f,2018-05-17 00:23:45,5,r/facepalm,4,2018-05-17 03:12:09,3,1,1,0
8jzw5f,2018-05-17 00:23:45,5,r/facepalm,4,2018-05-17 03:12:20,4,1,1,0
8jzw5f,2018-05-17 00:23:45,5,r/facepalm,4,2018-05-17 03:47:54,5,0,1,0
8jzw5f,2018-05-17 00:23:45,5,r/facepalm,4,2018-05-17 01:10:07,2,1,31,0
8jzw5f,2018-05-17 00:23:45,5,r/facepalm,4,2018-05-17 01:16:59,3,4,47,0
8jzw5f,2018-05-17 00:23:45,5,r/facepalm,4,2018-05-17 01:18:23,4,2,17,0
8jzw5f,2018-05-17 00:23:45,5,r/facepalm,4,2018-05-17 01:20:08,5,1,31,0
8jzw5f,2018-05-17 00:23:45,5,r/facepalm,4,2018-05-17 01:21:09,6,1,21,0
8jzw5f,2018-05-17 00:23:45,5,r/facepalm,4,2018-05-17 01:26:31,7,2,13,0
8jzw5f,2018-05-17 00:23:45,5,r/facepalm,4,2018-05-17 01:27:31,8,2,6,0
8jzw5f,2018-05-17 00:23:45,5,r/facepalm,4,2018-05-17 01:31:54,9,1,8,0
8jzw5f,2018-05-17 00:23:45,5,r/facepalm,4,2018-05-17 02:33:45,9,1,4,0
8jzw5f,2018-05-17 00:23:45,5,r/facepalm,4,2018-05-17 04:33:04,8,1,1,0
8jzw5f,2018-05-17 00:23:45,5,r/facepalm,4,2018-05-17 04:50:36,9,0,1,0
8jzw5f,2018-05-17 00:23:45,5,r/facepalm,4,2018-05-17 03:37:19,5,1,1,0
8jzw5f,2018-05-17 00:23:45,5,r/facepalm,4,2018-05-17 03:45:55,6,0,1,0
8jzw5f,2018-05-17 00:23:45,5,r/facepalm,4,2018-05-17 04:39:57,4,0,1,0
8jzw5f,2018-05-17 00:23:45,5,r/facepalm,4,2018-05-17 04:32:03,4,0,1,0
8jzw5f,2018-05-17 00:23:45,5,r/facepalm,4,2018-05-17 04:41:20,4,1,1,0
8jzw5f,2018-05-17 00:23:45,5,r/facepalm,4,2018-05-17 04:48:01,5,0,1,0
8jzw5f,2018-05-17 00:23:45,5,r/facepalm,4,2018-05-17 02:35:06,2,0,4,0
8jzw5f,2018-05-17 00:23:45,5,r/facepalm,4,2018-05-17 03:55:08,2,0,1,0
8jzw5f,2018-05-17 00:23:45,5,r/facepalm,4,2018-05-17 04:41:48,2,0,1,0
8jzw5f,2018-05-17 00:23:45,5,r/facepalm,4,2018-05-17 04:48:19,2,1,1,0
8jzw5f,2018-05-17 00:23:45,5,r/facepalm,4,2018-05-17 04:54:08,3,0,1,0
8jzw5f,2018-05-17 00:23:45,5,r/facepalm,4,2018-05-17 03:14:29,1,2,1,0
8jzw5f,2018-05-17 00:23:45,5,r/facepalm,4,2018-05-17 03:33:39,2,0,1,0
8jzw5f,2018-05-17 00:23:45,5,r/facepalm,4,2018-05-17 04:16:11,2,0,1,0
8jzw5f,2018-05-17 00:23:45,5,r/facepalm,4,2018-05-17 02:28:54,1,0,2,0
8jzw5f,2018-05-17 00:23:45,5,r/facepalm,4,2018-05-17 03:13:40,1,0,1,0
8jzw5f,2018-05-17 00:23:45,5,r/facepalm,4,2018-05-17 03:58:07,1,0,1,0
8jzw5f,2018-05-17 00:23:45,5,r/facepalm,4,2018-05-17 04:49:30,1,0,1,0
8jzw5f,2018-05-17 00:23:45,5,r/facepalm,4,2018-05-17 03:29:50,1,0,1,0
8jzw5f,2018-05-17 00:23:45,5,r/facepalm,5,2018-05-17 03:01:11,0,6,1,0
8jzw5f,2018-05-17 00:23:45,5,r/facepalm,5,2018-05-17 03:47:48,1,2,1,0
8jzw5f,2018-05-17 00:23:45,5,r/facepalm,5,2018-05-17 04:48:21,2,0,1,0
8jzw5f,2018-05-17 00:23:45,5,r/facepalm,5,2018-05-17 05:02:17,2,0,1,0
8jzw5f,2018-05-17 00:23:45,5,r/facepalm,5,2018-05-17 03:56:51,1,4,1,0
8jzw5f,2018-05-17 00:23:45,5,r/facepalm,5,2018-05-17 04:11:21,2,0,1,0
8jzw5f,2018-05-17 00:23:45,5,r/facepalm,5,2018-05-17 04:17:31,2,2,1,0
8jzw5f,2018-05-17 00:23:45,5,r/facepalm,5,2018-05-17 04:53:40,3,0,1,0
8jzw5f,2018-05-17 00:23:45,5,r/facepalm,5,2018-05-17 04:41:02,3,0,1,0
8jzw5f,2018-05-17 00:23:45,5,r/facepalm,5,2018-05-17 04:11:00,2,1,1,0
8jzw5f,2018-05-17 00:23:45,5,r/facepalm,5,2018-05-17 04:16:46,3,1,1,0
8jzw5f,2018-05-17 00:23:45,5,r/facepalm,5,2018-05-17 04:53:37,4,0,1,0
8jzw5f,2018-05-17 00:23:45,5,r/facepalm,5,2018-05-17 04:31:57,2,0,1,0
8jzw5f,2018-05-17 00:23:45,5,r/facepalm,5,2018-05-17 04:34:13,1,1,1,0
8jzw5f,2018-05-17 00:23:45,5,r/facepalm,5,2018-05-17 04:38:50,2,1,1,0
8jzw5f,2018-05-17 00:23:45,5,r/facepalm,5,2018-05-17 04:43:39,3,0,1,0
8jzw5f,2018-05-17 00:23:45,5,r/facepalm,5,2018-05-17 04:55:21,1,0,1,0
8jzw5f,2018-05-17 00:23:45,5,r/facepalm,5,2018-05-17 04:56:12,1,0,1,0
8jzw5f,2018-05-17 00:23:45,5,r/facepalm,5,2018-05-17 05:16:40,1,0,1,0
8jzw5f,2018-05-17 00:23:45,5,r/facepalm,6,2018-05-17 03:23:33,0,2,1,0
8jzw5f,2018-05-17 00:23:45,5,r/facepalm,6,2018-05-17 04:15:44,1,1,1,0
8jzw5f,2018-05-17 00:23:45,5,r/facepalm,6,2018-05-17 04:20:57,2,1,1,0
8jzw5f,2018-05-17 00:23:45,5,r/facepalm,6,2018-05-17 04:52:12,3,0,1,0
8jzw5f,2018-05-17 00:23:45,5,r/facepalm,6,2018-05-17 05:04:29,1,0,1,0
8jzw5f,2018-05-17 00:23:45,5,r/facepalm,7,2018-05-17 01:24:28,0,2,55,0
8jzw5f,2018-05-17 00:23:45,5,r/facepalm,7,2018-05-17 03:10:22,1,1,1,0
8jzw5f,2018-05-17 00:23:45,5,r/facepalm,7,2018-05-17 04:38:34,2,0,1,0
8jzw5f,2018-05-17 00:23:45,5,r/facepalm,7,2018-05-17 03:16:15,1,2,1,0
8jzw5f,2018-05-17 00:23:45,5,r/facepalm,7,2018-05-17 03:26:38,2,1,1,0
8jzw5f,2018-05-17 00:23:45,5,r/facepalm,7,2018-05-17 04:23:04,3,1,1,0
8jzw5f,2018-05-17 00:23:45,5,r/facepalm,7,2018-05-17 04:37:21,4,1,1,0
8jzw5f,2018-05-17 00:23:45,5,r/facepalm,7,2018-05-17 04:48:04,5,0,1,0
8jzw5f,2018-05-17 00:23:45,5,r/facepalm,7,2018-05-17 05:19:38,2,0,1,0
8jzw5f,2018-05-17 00:23:45,5,r/facepalm,8,2018-05-17 01:27:51,0,1,42,0
8jzw5f,2018-05-17 00:23:45,5,r/facepalm,8,2018-05-17 04:02:53,1,0,1,0
8jzw5f,2018-05-17 00:23:45,5,r/facepalm,9,2018-05-17 03:08:59,0,1,1,0
8jzw5f,2018-05-17 00:23:45,5,r/facepalm,9,2018-05-17 03:27:34,1,1,1,0
8jzw5f,2018-05-17 00:23:45,5,r/facepalm,9,2018-05-17 04:52:45,2,1,1,0
8jzw5f,2018-05-17 00:23:45,5,r/facepalm,9,2018-05-17 05:01:34,3,0,1,0
8jzw5f,2018-05-17 00:23:45,5,r/facepalm,10,2018-05-17 00:40:46,0,1,30,0
8jzw5f,2018-05-17 00:23:45,5,r/facepalm,10,2018-05-17 01:45:43,1,2,11,0
8jzw5f,2018-05-17 00:23:45,5,r/facepalm,10,2018-05-17 02:03:54,2,0,17,0
8jzw5f,2018-05-17 00:23:45,5,r/facepalm,10,2018-05-17 04:03:22,2,0,1,0
8jzw5f,2018-05-17 00:23:45,5,r/facepalm,11,2018-05-17 02:30:25,0,0,27,0
8jzw5f,2018-05-17 00:23:45,5,r/facepalm,12,2018-05-17 03:38:46,0,1,1,0
8jzw5f,2018-05-17 00:23:45,5,r/facepalm,12,2018-05-17 04:06:10,1,0,1,0
8jzw5f,2018-05-17 00:23:45,5,r/facepalm,13,2018-05-17 03:19:03,0,0,1,0
8jzw5f,2018-05-17 00:23:45,5,r/facepalm,14,2018-05-17 02:26:21,0,0,6,0
8jzw5f,2018-05-17 00:23:45,5,r/facepalm,15,2018-05-17 02:59:32,0,2,1,0
8jzw5f,2018-05-17 00:23:45,5,r/facepalm,15,2018-05-17 03:55:12,1,2,1,0
8jzw5f,2018-05-17 00:23:45,5,r/facepalm,15,2018-05-17 04:25:01,2,0,1,0
8jzw5f,2018-05-17 00:23:45,5,r/facepalm,15,2018-05-17 05:08:02,2,0,1,0
8jzw5f,2018-05-17 00:23:45,5,r/facepalm,15,2018-05-17 04:51:44,1,0,1,0
8jzw5f,2018-05-17 00:23:45,5,r/facepalm,16,2018-05-17 03:56:12,0,2,1,0
8jzw5f,2018-05-17 00:23:45,5,r/facepalm,16,2018-05-17 04:40:59,1,1,1,0
8jzw5f,2018-05-17 00:23:45,5,r/facepalm,16,2018-05-17 04:47:24,2,0,1,0
8jzw5f,2018-05-17 00:23:45,5,r/facepalm,16,2018-05-17 05:08:22,1,0,1,0
8jzw5f,2018-05-17 00:23:45,5,r/facepalm,17,2018-05-17 04:07:50,0,1,1,0
8jzw5f,2018-05-17 00:23:45,5,r/facepalm,17,2018-05-17 04:46:05,1,0,1,0
8jzw5f,2018-05-17 00:23:45,5,r/facepalm,18,2018-05-17 04:01:13,0,0,1,0
8jzw5f,2018-05-17 00:23:45,5,r/facepalm,19,2018-05-17 01:21:57,0,1,11,0
8jzw5f,2018-05-17 00:23:45,5,r/facepalm,19,2018-05-17 01:48:56,1,1,1,0
8jzw5f,2018-05-17 00:23:45,5,r/facepalm,19,2018-05-17 03:12:01,2,0,1,0
8jzw5f,2018-05-17 00:23:45,5,r/facepalm,20,2018-05-17 02:55:37,0,0,1,0
8jzw5f,2018-05-17 00:23:45,5,r/facepalm,21,2018-05-17 03:43:18,0,3,1,0
8jzw5f,2018-05-17 00:23:45,5,r/facepalm,21,2018-05-17 03:46:39,1,0,1,0
8jzw5f,2018-05-17 00:23:45,5,r/facepalm,21,2018-05-17 03:46:59,1,0,1,0
8jzw5f,2018-05-17 00:23:45,5,r/facepalm,21,2018-05-17 04:40:36,1,0,1,0
8jzw5f,2018-05-17 00:23:45,5,r/facepalm,22,2018-05-17 03:58:06,0,0,1,0
8jzw5f,2018-05-17 00:23:45,5,r/facepalm,23,2018-05-17 02:07:17,0,0,3,0
8jzw5f,2018-05-17 00:23:45,5,r/facepalm,24,2018-05-17 03:18:31,0,1,1,0
8jzw5f,2018-05-17 00:23:45,5,r/facepalm,24,2018-05-17 04:59:10,1,0,1,0
8jzw5f,2018-05-17 00:23:45,5,r/facepalm,25,2018-05-17 03:50:41,0,0,1,0
8jzw5f,2018-05-17 00:23:45,5,r/facepalm,26,2018-05-17 02:21:40,0,0,2,0
8jzw5f,2018-05-17 00:23:45,5,r/facepalm,27,2018-05-17 02:27:30,0,0,1,0
8jzw5f,2018-05-17 00:23:45,5,r/facepalm,28,2018-05-17 03:23:30,0,0,1,0
8jzw5f,2018-05-17 00:23:45,5,r/facepalm,29,2018-05-17 03:29:40,0,0,1,0
8jzw5f,2018-05-17 00:23:45,5,r/facepalm,30,2018-05-17 03:30:33,0,0,1,0
8jzw5f,2018-05-17 00:23:45,5,r/facepalm,31,2018-05-17 03:30:39,0,0,1,0
8jzw5f,2018-05-17 00:23:45,5,r/facepalm,32,2018-05-17 03:37:35,0,0,1,0
8jzw5f,2018-05-17 00:23:45,5,r/facepalm,33,2018-05-17 03:38:26,0,0,1,0
8jzw5f,2018-05-17 00:23:45,5,r/facepalm,34,2018-05-17 03:38:26,0,1,1,0
8jzw5f,2018-05-17 00:23:45,5,r/facepalm,34,2018-05-17 05:06:58,1,0,1,0
8jzw5f,2018-05-17 00:23:45,5,r/facepalm,35,2018-05-17 03:38:34,0,0,1,0
8jzw5f,2018-05-17 00:23:45,5,r/facepalm,36,2018-05-17 03:41:44,0,0,1,0
8jzw5f,2018-05-17 00:23:45,5,r/facepalm,37,2018-05-17 03:43:01,0,0,1,0
8jzw5f,2018-05-17 00:23:45,5,r/facepalm,38,2018-05-17 03:43:26,0,0,1,0
8jzw5f,2018-05-17 00:23:45,5,r/facepalm,39,2018-05-17 03:48:06,0,0,1,0
8jzw5f,2018-05-17 00:23:45,5,r/facepalm,40,2018-05-17 03:49:06,0,0,1,0
8jzw5f,2018-05-17 00:23:45,5,r/facepalm,41,2018-05-17 03:51:20,0,0,1,0
8jzw5f,2018-05-17 00:23:45,5,r/facepalm,42,2018-05-17 03:54:05,0,0,1,0
8jzw5f,2018-05-17 00:23:45,5,r/facepalm,43,2018-05-17 03:55:21,0,0,1,0
8jzw5f,2018-05-17 00:23:45,5,r/facepalm,44,2018-05-17 03:57:04,0,0,1,0
8jzw5f,2018-05-17 00:23:45,5,r/facepalm,45,2018-05-17 04:01:48,0,0,1,0
8jzw5f,2018-05-17 00:23:45,5,r/facepalm,46,2018-05-17 04:02:18,0,0,1,0
8jzw5f,2018-05-17 00:23:45,5,r/facepalm,47,2018-05-17 04:04:31,0,1,1,0
8jzw5f,2018-05-17 00:23:45,5,r/facepalm,47,2018-05-17 04:09:15,1,1,1,0
8jzw5f,2018-05-17 00:23:45,5,r/facepalm,47,2018-05-17 04:38:40,2,0,1,0
8jzw5f,2018-05-17 00:23:45,5,r/facepalm,48,2018-05-17 04:06:05,0,0,1,0
8jzw5f,2018-05-17 00:23:45,5,r/facepalm,49,2018-05-17 04:08:54,0,0,1,0
8jzw5f,2018-05-17 00:23:45,5,r/facepalm,50,2018-05-17 04:10:29,0,0,1,0
8jzw5f,2018-05-17 00:23:45,5,r/facepalm,51,2018-05-17 04:11:53,0,0,1,0
8jzw5f,2018-05-17 00:23:45,5,r/facepalm,52,2018-05-17 04:13:42,0,1,1,0
8jzw5f,2018-05-17 00:23:45,5,r/facepalm,52,2018-05-17 04:15:10,1,0,1,0
8jzw5f,2018-05-17 00:23:45,5,r/facepalm,53,2018-05-17 04:13:53,0,0,1,0
8jzw5f,2018-05-17 00:23:45,5,r/facepalm,54,2018-05-17 04:15:00,0,0,1,0
8jzw5f,2018-05-17 00:23:45,5,r/facepalm,55,2018-05-17 04:15:52,0,0,1,0
8jzw5f,2018-05-17 00:23:45,5,r/facepalm,56,2018-05-17 04:16:32,0,0,1,0
8jzw5f,2018-05-17 00:23:45,5,r/facepalm,57,2018-05-17 04:19:05,0,0,1,0
8jzw5f,2018-05-17 00:23:45,5,r/facepalm,58,2018-05-17 04:20:26,0,0,1,0
8jzw5f,2018-05-17 00:23:45,5,r/facepalm,59,2018-05-17 04:22:26,0,0,1,0
8jzw5f,2018-05-17 00:23:45,5,r/facepalm,60,2018-05-17 04:22:59,0,0,1,0
8jzw5f,2018-05-17 00:23:45,5,r/facepalm,61,2018-05-17 04:23:23,0,0,1,0
8jzw5f,2018-05-17 00:23:45,5,r/facepalm,62,2018-05-17 04:24:13,0,0,1,0
8jzw5f,2018-05-17 00:23:45,5,r/facepalm,63,2018-05-17 04:24:33,0,0,1,0
8jzw5f,2018-05-17 00:23:45,5,r/facepalm,64,2018-05-17 04:25:11,0,0,1,0
8jzw5f,2018-05-17 00:23:45,5,r/facepalm,65,2018-05-17 04:25:54,0,0,1,0
8jzw5f,2018-05-17 00:23:45,5,r/facepalm,66,2018-05-17 04:26:23,0,0,1,0
8jzw5f,2018-05-17 00:23:45,5,r/facepalm,67,2018-05-17 04:30:04,0,0,1,0
8jzw5f,2018-05-17 00:23:45,5,r/facepalm,68,2018-05-17 04:30:15,0,0,1,0
8jzw5f,2018-05-17 00:23:45,5,r/facepalm,69,2018-05-17 04:30:45,0,0,1,0
8jzw5f,2018-05-17 00:23:45,5,r/facepalm,70,2018-05-17 04:30:51,0,0,1,0
8jzw5f,2018-05-17 00:23:45,5,r/facepalm,71,2018-05-17 04:33:58,0,0,1,0
8jzw5f,2018-05-17 00:23:45,5,r/facepalm,72,2018-05-17 04:35:12,0,0,1,0
8jzw5f,2018-05-17 00:23:45,5,r/facepalm,73,2018-05-17 04:36:11,0,0,1,0
8jzw5f,2018-05-17 00:23:45,5,r/facepalm,74,2018-05-17 04:36:26,0,0,1,0
8jzw5f,2018-05-17 00:23:45,5,r/facepalm,75,2018-05-17 04:40:48,0,0,1,0
8jzw5f,2018-05-17 00:23:45,5,r/facepalm,76,2018-05-17 04:40:59,0,0,1,0
8jzw5f,2018-05-17 00:23:45,5,r/facepalm,77,2018-05-17 04:41:13,0,0,1,0
8jzw5f,2018-05-17 00:23:45,5,r/facepalm,78,2018-05-17 04:42:49,0,0,1,0
8jzw5f,2018-05-17 00:23:45,5,r/facepalm,79,2018-05-17 04:43:33,0,0,1,0
8jzw5f,2018-05-17 00:23:45,5,r/facepalm,80,2018-05-17 04:44:30,0,0,1,0
8jzw5f,2018-05-17 00:23:45,5,r/facepalm,81,2018-05-17 04:44:46,0,0,1,0
8jzw5f,2018-05-17 00:23:45,5,r/facepalm,82,2018-05-17 04:50:21,0,0,1,0
8jzw5f,2018-05-17 00:23:45,5,r/facepalm,83,2018-05-17 05:01:26,0,0,1,0
8jzw5f,2018-05-17 00:23:45,5,r/facepalm,84,2018-05-17 05:04:24,0,0,1,0
8jzw5f,2018-05-17 00:23:45,5,r/facepalm,85,2018-05-17 05:08:50,0,0,1,0
8jzw5f,2018-05-17 00:23:45,5,r/facepalm,86,2018-05-17 05:14:06,0,0,1,0
8jzw5f,2018-05-17 00:23:45,5,r/facepalm,87,2018-05-17 05:14:12,0,0,1,0
8jzw5f,2018-05-17 00:23:45,5,r/facepalm,88,2018-05-17 05:16:26,0,0,1,0
8jzw5f,2018-05-17 00:23:45,5,r/facepalm,89,2018-05-17 03:23:01,0,1,1,0
8jzw5f,2018-05-17 00:23:45,5,r/facepalm,89,2018-05-17 03:39:47,1,0,1,0
8jzw5f,2018-05-17 00:23:45,5,r/facepalm,90,2018-05-17 03:15:04,0,3,1,0
8jzw5f,2018-05-17 00:23:45,5,r/facepalm,90,2018-05-17 03:26:27,1,0,1,0
8jzw5f,2018-05-17 00:23:45,5,r/facepalm,90,2018-05-17 03:55:05,1,0,1,0
8jzw5f,2018-05-17 00:23:45,5,r/facepalm,90,2018-05-17 05:03:11,1,0,1,0
8jzw5f,2018-05-17 00:23:45,5,r/facepalm,91,2018-05-17 05:02:50,0,0,1,0
8jzw5f,2018-05-17 00:23:45,5,r/facepalm,92,2018-05-17 04:32:16,0,0,1,0
8jzw5f,2018-05-17 00:23:45,5,r/facepalm,93,2018-05-17 03:18:53,0,4,1,0
8jzw5f,2018-05-17 00:23:45,5,r/facepalm,93,2018-05-17 03:25:25,1,2,1,0
8jzw5f,2018-05-17 00:23:45,5,r/facepalm,93,2018-05-17 03:28:03,2,0,1,0
8jzw5f,2018-05-17 00:23:45,5,r/facepalm,93,2018-05-17 03:31:01,2,1,1,0
8jzw5f,2018-05-17 00:23:45,5,r/facepalm,93,2018-05-17 04:20:51,3,0,1,0
8jzw5f,2018-05-17 00:23:45,5,r/facepalm,93,2018-05-17 03:31:09,1,0,1,0
8jzw5f,2018-05-17 00:23:45,5,r/facepalm,93,2018-05-17 03:41:19,1,0,1,0
8jzw5f,2018-05-17 00:23:45,5,r/facepalm,93,2018-05-17 03:50:28,1,0,1,0
8k00w7,2018-05-17 00:43:43,6,r/OSHA,0,2018-05-17 01:28:22,0,4,1643,0
8k00w7,2018-05-17 00:43:43,6,r/OSHA,0,2018-05-17 01:33:01,1,9,932,0
8k00w7,2018-05-17 00:43:43,6,r/OSHA,0,2018-05-17 01:33:06,2,5,170,0
8k00w7,2018-05-17 00:43:43,6,r/OSHA,0,2018-05-17 02:07:58,3,2,52,0
8k00w7,2018-05-17 00:43:43,6,r/OSHA,0,2018-05-17 03:57:37,4,0,15,0
8k00w7,2018-05-17 00:43:43,6,r/OSHA,0,2018-05-17 04:14:10,4,0,12,0
8k00w7,2018-05-17 00:43:43,6,r/OSHA,0,2018-05-17 02:18:43,3,0,16,0
8k00w7,2018-05-17 00:43:43,6,r/OSHA,0,2018-05-17 03:26:01,3,0,13,0
8k00w7,2018-05-17 00:43:43,6,r/OSHA,0,2018-05-17 03:43:43,3,0,8,0
8k00w7,2018-05-17 00:43:43,6,r/OSHA,0,2018-05-17 04:11:00,3,0,3,0
8k00w7,2018-05-17 00:43:43,6,r/OSHA,0,2018-05-17 03:23:17,2,0,18,0
8k00w7,2018-05-17 00:43:43,6,r/OSHA,0,2018-05-17 03:52:01,2,1,21,0
8k00w7,2018-05-17 00:43:43,6,r/OSHA,0,2018-05-17 04:07:48,3,1,25,0
8k00w7,2018-05-17 00:43:43,6,r/OSHA,0,2018-05-17 04:14:49,4,0,13,0
8k00w7,2018-05-17 00:43:43,6,r/OSHA,0,2018-05-17 02:34:53,2,0,6,0
8k00w7,2018-05-17 00:43:43,6,r/OSHA,0,2018-05-17 02:44:48,2,0,6,0
8k00w7,2018-05-17 00:43:43,6,r/OSHA,0,2018-05-17 04:55:08,2,0,2,0
8k00w7,2018-05-17 00:43:43,6,r/OSHA,0,2018-05-17 05:06:52,2,0,2,0
8k00w7,2018-05-17 00:43:43,6,r/OSHA,0,2018-05-17 03:57:38,2,0,1,0
8k00w7,2018-05-17 00:43:43,6,r/OSHA,0,2018-05-17 04:13:08,2,0,1,0
8k00w7,2018-05-17 00:43:43,6,r/OSHA,0,2018-05-17 03:19:00,1,1,5,0
8k00w7,2018-05-17 00:43:43,6,r/OSHA,0,2018-05-17 04:33:51,2,0,4,0
8k00w7,2018-05-17 00:43:43,6,r/OSHA,0,2018-05-17 05:10:27,1,0,2,0
8k00w7,2018-05-17 00:43:43,6,r/OSHA,0,2018-05-17 05:18:29,1,0,1,0
8k00w7,2018-05-17 00:43:43,6,r/OSHA,1,2018-05-17 01:20:24,0,2,617,0
8k00w7,2018-05-17 00:43:43,6,r/OSHA,1,2018-05-17 02:49:51,1,2,73,0
8k00w7,2018-05-17 00:43:43,6,r/OSHA,1,2018-05-17 03:42:06,2,1,13,0
8k00w7,2018-05-17 00:43:43,6,r/OSHA,1,2018-05-17 03:45:59,3,1,4,0
8k00w7,2018-05-17 00:43:43,6,r/OSHA,1,2018-05-17 03:55:48,4,1,0,0
8k00w7,2018-05-17 00:43:43,6,r/OSHA,1,2018-05-17 03:58:13,5,1,2,0
8k00w7,2018-05-17 00:43:43,6,r/OSHA,1,2018-05-17 04:10:09,6,1,1,0
8k00w7,2018-05-17 00:43:43,6,r/OSHA,1,2018-05-17 04:13:47,7,1,0,0
8k00w7,2018-05-17 00:43:43,6,r/OSHA,1,2018-05-17 04:43:21,8,1,1,0
8k00w7,2018-05-17 00:43:43,6,r/OSHA,1,2018-05-17 05:12:27,9,0,1,0
8k00w7,2018-05-17 00:43:43,6,r/OSHA,1,2018-05-17 05:11:08,2,0,1,0
8k00w7,2018-05-17 00:43:43,6,r/OSHA,1,2018-05-17 04:07:57,1,1,26,0
8k00w7,2018-05-17 00:43:43,6,r/OSHA,1,2018-05-17 04:25:20,2,0,8,0
8k00w7,2018-05-17 00:43:43,6,r/OSHA,2,2018-05-17 02:00:09,0,8,737,0
8k00w7,2018-05-17 00:43:43,6,r/OSHA,2,2018-05-17 02:33:46,1,2,301,0
8k00w7,2018-05-17 00:43:43,6,r/OSHA,2,2018-05-17 04:09:28,2,1,45,0
8k00w7,2018-05-17 00:43:43,6,r/OSHA,2,2018-05-17 04:17:50,3,1,30,0
8k00w7,2018-05-17 00:43:43,6,r/OSHA,2,2018-05-17 04:45:22,4,1,11,0
8k00w7,2018-05-17 00:43:43,6,r/OSHA,2,2018-05-17 04:58:21,5,0,4,0
8k00w7,2018-05-17 00:43:43,6,r/OSHA,2,2018-05-17 04:09:33,2,2,13,0
8k00w7,2018-05-17 00:43:43,6,r/OSHA,2,2018-05-17 04:10:56,3,0,14,0
8k00w7,2018-05-17 00:43:43,6,r/OSHA,2,2018-05-17 04:28:45,3,1,7,0
8k00w7,2018-05-17 00:43:43,6,r/OSHA,2,2018-05-17 04:56:58,4,0,2,0
8k00w7,2018-05-17 00:43:43,6,r/OSHA,2,2018-05-17 02:58:30,1,1,66,0
8k00w7,2018-05-17 00:43:43,6,r/OSHA,2,2018-05-17 03:15:31,2,1,33,0
8k00w7,2018-05-17 00:43:43,6,r/OSHA,2,2018-05-17 03:18:02,3,1,14,0
8k00w7,2018-05-17 00:43:43,6,r/OSHA,2,2018-05-17 03:52:48,4,2,3,0
8k00w7,2018-05-17 00:43:43,6,r/OSHA,2,2018-05-17 04:13:38,5,0,1,0
8k00w7,2018-05-17 00:43:43,6,r/OSHA,2,2018-05-17 04:06:33,5,0,0,0
8k00w7,2018-05-17 00:43:43,6,r/OSHA,2,2018-05-17 02:54:59,1,0,13,0
8k00w7,2018-05-17 00:43:43,6,r/OSHA,2,2018-05-17 03:27:28,1,0,5,0
8k00w7,2018-05-17 00:43:43,6,r/OSHA,2,2018-05-17 03:44:21,1,1,2,0
8k00w7,2018-05-17 00:43:43,6,r/OSHA,2,2018-05-17 04:10:29,2,0,1,0
8k00w7,2018-05-17 00:43:43,6,r/OSHA,2,2018-05-17 04:01:09,1,0,1,0
8k00w7,2018-05-17 00:43:43,6,r/OSHA,2,2018-05-17 04:07:26,1,0,1,0
8k00w7,2018-05-17 00:43:43,6,r/OSHA,2,2018-05-17 04:44:50,1,0,1,0
8k00w7,2018-05-17 00:43:43,6,r/OSHA,3,2018-05-17 01:22:13,0,4,767,0
8k00w7,2018-05-17 00:43:43,6,r/OSHA,3,2018-05-17 03:16:41,1,1,165,0
8k00w7,2018-05-17 00:43:43,6,r/OSHA,3,2018-05-17 03:35:56,2,2,42,0
8k00w7,2018-05-17 00:43:43,6,r/OSHA,3,2018-05-17 04:12:04,3,0,11,0
8k00w7,2018-05-17 00:43:43,6,r/OSHA,3,2018-05-17 03:46:21,3,0,7,0
8k00w7,2018-05-17 00:43:43,6,r/OSHA,3,2018-05-17 03:07:32,1,0,29,0
8k00w7,2018-05-17 00:43:43,6,r/OSHA,3,2018-05-17 03:48:00,1,0,2,0
8k00w7,2018-05-17 00:43:43,6,r/OSHA,3,2018-05-17 03:48:54,1,0,2,0
8k00w7,2018-05-17 00:43:43,6,r/OSHA,4,2018-05-17 02:09:40,0,4,202,0
8k00w7,2018-05-17 00:43:43,6,r/OSHA,4,2018-05-17 02:16:36,1,0,50,0
8k00w7,2018-05-17 00:43:43,6,r/OSHA,4,2018-05-17 03:24:05,1,1,19,0
8k00w7,2018-05-17 00:43:43,6,r/OSHA,4,2018-05-17 03:33:12,2,0,3,0
8k00w7,2018-05-17 00:43:43,6,r/OSHA,4,2018-05-17 04:11:59,1,0,2,0
8k00w7,2018-05-17 00:43:43,6,r/OSHA,4,2018-05-17 04:19:53,1,0,2,0
8k00w7,2018-05-17 00:43:43,6,r/OSHA,5,2018-05-17 02:35:56,0,1,81,0
8k00w7,2018-05-17 00:43:43,6,r/OSHA,5,2018-05-17 05:19:28,1,0,1,0
8k00w7,2018-05-17 00:43:43,6,r/OSHA,6,2018-05-17 02:02:06,0,1,106,0
8k00w7,2018-05-17 00:43:43,6,r/OSHA,6,2018-05-17 04:03:21,1,1,21,0
8k00w7,2018-05-17 00:43:43,6,r/OSHA,6,2018-05-17 04:53:51,2,1,8,0
8k00w7,2018-05-17 00:43:43,6,r/OSHA,6,2018-05-17 04:58:53,3,0,7,0
8k00w7,2018-05-17 00:43:43,6,r/OSHA,7,2018-05-17 03:16:27,0,3,51,0
8k00w7,2018-05-17 00:43:43,6,r/OSHA,7,2018-05-17 04:02:46,1,4,82,0
8k00w7,2018-05-17 00:43:43,6,r/OSHA,7,2018-05-17 04:34:46,2,0,26,0
8k00w7,2018-05-17 00:43:43,6,r/OSHA,7,2018-05-17 04:11:01,2,1,11,0
8k00w7,2018-05-17 00:43:43,6,r/OSHA,7,2018-05-17 04:18:02,3,1,11,0
8k00w7,2018-05-17 00:43:43,6,r/OSHA,7,2018-05-17 04:21:08,4,1,4,0
8k00w7,2018-05-17 00:43:43,6,r/OSHA,7,2018-05-17 04:23:12,5,1,9,0
8k00w7,2018-05-17 00:43:43,6,r/OSHA,7,2018-05-17 04:39:32,6,0,0,0
8k00w7,2018-05-17 00:43:43,6,r/OSHA,7,2018-05-17 04:32:32,2,0,1,0
8k00w7,2018-05-17 00:43:43,6,r/OSHA,7,2018-05-17 04:18:51,2,2,1,0
8k00w7,2018-05-17 00:43:43,6,r/OSHA,7,2018-05-17 04:45:40,3,0,1,0
8k00w7,2018-05-17 00:43:43,6,r/OSHA,7,2018-05-17 04:32:07,3,0,1,0
8k00w7,2018-05-17 00:43:43,6,r/OSHA,7,2018-05-17 04:04:28,1,0,2,0
8k00w7,2018-05-17 00:43:43,6,r/OSHA,7,2018-05-17 04:25:52,1,1,1,0
8k00w7,2018-05-17 00:43:43,6,r/OSHA,7,2018-05-17 04:26:15,2,0,1,0
8k00w7,2018-05-17 00:43:43,6,r/OSHA,8,2018-05-17 00:44:45,0,0,74,0
8k00w7,2018-05-17 00:43:43,6,r/OSHA,9,2018-05-17 01:46:21,0,0,20,0
8k00w7,2018-05-17 00:43:43,6,r/OSHA,10,2018-05-17 01:13:28,0,8,173,0
8k00w7,2018-05-17 00:43:43,6,r/OSHA,10,2018-05-17 01:24:59,1,1,149,0
8k00w7,2018-05-17 00:43:43,6,r/OSHA,10,2018-05-17 01:25:46,2,1,70,0
8k00w7,2018-05-17 00:43:43,6,r/OSHA,10,2018-05-17 02:37:18,3,2,85,0
8k00w7,2018-05-17 00:43:43,6,r/OSHA,10,2018-05-17 02:41:00,4,0,31,0
8k00w7,2018-05-17 00:43:43,6,r/OSHA,10,2018-05-17 02:40:23,4,0,11,0
8k00w7,2018-05-17 00:43:43,6,r/OSHA,10,2018-05-17 03:25:28,1,0,8,0
8k00w7,2018-05-17 00:43:43,6,r/OSHA,10,2018-05-17 03:11:24,1,0,5,0
8k00w7,2018-05-17 00:43:43,6,r/OSHA,10,2018-05-17 01:26:23,1,0,14,0
8k00w7,2018-05-17 00:43:43,6,r/OSHA,10,2018-05-17 03:32:10,1,0,3,0
8k00w7,2018-05-17 00:43:43,6,r/OSHA,10,2018-05-17 03:14:44,1,0,1,0
8k00w7,2018-05-17 00:43:43,6,r/OSHA,10,2018-05-17 03:23:37,1,0,2,0
8k00w7,2018-05-17 00:43:43,6,r/OSHA,10,2018-05-17 03:28:43,1,0,1,0
8k00w7,2018-05-17 00:43:43,6,r/OSHA,11,2018-05-17 01:19:27,0,0,10,0
8k00w7,2018-05-17 00:43:43,6,r/OSHA,12,2018-05-17 03:06:52,0,1,9,0
8k00w7,2018-05-17 00:43:43,6,r/OSHA,12,2018-05-17 04:39:22,1,2,2,0
8k00w7,2018-05-17 00:43:43,6,r/OSHA,12,2018-05-17 04:43:09,2,0,3,0
8k00w7,2018-05-17 00:43:43,6,r/OSHA,12,2018-05-17 05:05:36,2,0,3,0
8k00w7,2018-05-17 00:43:43,6,r/OSHA,13,2018-05-17 03:19:43,0,0,9,0
8k00w7,2018-05-17 00:43:43,6,r/OSHA,14,2018-05-17 03:34:34,0,2,8,0
8k00w7,2018-05-17 00:43:43,6,r/OSHA,14,2018-05-17 04:05:26,1,2,8,0
8k00w7,2018-05-17 00:43:43,6,r/OSHA,14,2018-05-17 05:13:12,2,1,4,0
8k00w7,2018-05-17 00:43:43,6,r/OSHA,14,2018-05-17 05:15:15,3,0,1,0
8k00w7,2018-05-17 00:43:43,6,r/OSHA,14,2018-05-17 04:29:45,2,0,4,0
8k00w7,2018-05-17 00:43:43,6,r/OSHA,14,2018-05-17 04:01:21,1,0,6,0
8k00w7,2018-05-17 00:43:43,6,r/OSHA,15,2018-05-17 01:55:30,0,1,46,0
8k00w7,2018-05-17 00:43:43,6,r/OSHA,15,2018-05-17 02:10:15,1,1,14,0
8k00w7,2018-05-17 00:43:43,6,r/OSHA,15,2018-05-17 02:20:22,2,0,12,0
8k00w7,2018-05-17 00:43:43,6,r/OSHA,16,2018-05-17 04:24:09,0,0,4,0
8k00w7,2018-05-17 00:43:43,6,r/OSHA,17,2018-05-17 04:35:20,0,0,3,0
8k00w7,2018-05-17 00:43:43,6,r/OSHA,18,2018-05-17 01:52:52,0,2,9,0
8k00w7,2018-05-17 00:43:43,6,r/OSHA,18,2018-05-17 02:33:28,1,0,27,0
8k00w7,2018-05-17 00:43:43,6,r/OSHA,18,2018-05-17 04:36:56,1,1,1,0
8k00w7,2018-05-17 00:43:43,6,r/OSHA,18,2018-05-17 04:37:41,2,0,1,0
8k00w7,2018-05-17 00:43:43,6,r/OSHA,19,2018-05-17 02:56:47,0,0,6,0
8k00w7,2018-05-17 00:43:43,6,r/OSHA,20,2018-05-17 04:34:05,0,0,3,0
8k00w7,2018-05-17 00:43:43,6,r/OSHA,21,2018-05-17 04:37:28,0,1,3,0
8k00w7,2018-05-17 00:43:43,6,r/OSHA,21,2018-05-17 04:50:39,1,0,3,0
8k00w7,2018-05-17 00:43:43,6,r/OSHA,22,2018-05-17 04:57:53,0,0,3,0
8k00w7,2018-05-17 00:43:43,6,r/OSHA,23,2018-05-17 03:11:17,0,0,2,0
8k00w7,2018-05-17 00:43:43,6,r/OSHA,24,2018-05-17 03:26:56,0,0,2,0
8k00w7,2018-05-17 00:43:43,6,r/OSHA,25,2018-05-17 03:36:51,0,0,2,0
8k00w7,2018-05-17 00:43:43,6,r/OSHA,26,2018-05-17 04:15:05,0,0,2,0
8k00w7,2018-05-17 00:43:43,6,r/OSHA,27,2018-05-17 04:17:28,0,1,2,0
8k00w7,2018-05-17 00:43:43,6,r/OSHA,27,2018-05-17 04:19:03,1,0,1,0
8k00w7,2018-05-17 00:43:43,6,r/OSHA,28,2018-05-17 04:28:00,0,0,2,0
8k00w7,2018-05-17 00:43:43,6,r/OSHA,29,2018-05-17 04:31:46,0,0,2,0
8k00w7,2018-05-17 00:43:43,6,r/OSHA,30,2018-05-17 05:02:05,0,0,2,0
8k00w7,2018-05-17 00:43:43,6,r/OSHA,31,2018-05-17 03:00:15,0,0,2,0
8k00w7,2018-05-17 00:43:43,6,r/OSHA,32,2018-05-17 03:09:54,0,0,1,0
8k00w7,2018-05-17 00:43:43,6,r/OSHA,33,2018-05-17 03:27:46,0,1,1,0
8k00w7,2018-05-17 00:43:43,6,r/OSHA,33,2018-05-17 03:28:31,1,1,6,0
8k00w7,2018-05-17 00:43:43,6,r/OSHA,33,2018-05-17 04:04:06,2,0,2,0
8k00w7,2018-05-17 00:43:43,6,r/OSHA,34,2018-05-17 03:46:36,0,0,1,0
8k00w7,2018-05-17 00:43:43,6,r/OSHA,35,2018-05-17 04:06:19,0,0,1,0
8k00w7,2018-05-17 00:43:43,6,r/OSHA,36,2018-05-17 04:07:48,0,0,1,0
8k00w7,2018-05-17 00:43:43,6,r/OSHA,37,2018-05-17 04:14:30,0,0,1,0
8k00w7,2018-05-17 00:43:43,6,r/OSHA,38,2018-05-17 04:19:46,0,0,1,0
8k00w7,2018-05-17 00:43:43,6,r/OSHA,39,2018-05-17 04:23:48,0,0,1,0
8k00w7,2018-05-17 00:43:43,6,r/OSHA,40,2018-05-17 04:28:15,0,0,1,0
8k00w7,2018-05-17 00:43:43,6,r/OSHA,41,2018-05-17 04:30:32,0,0,1,0
8k00w7,2018-05-17 00:43:43,6,r/OSHA,42,2018-05-17 04:41:15,0,0,1,0
8k00w7,2018-05-17 00:43:43,6,r/OSHA,43,2018-05-17 04:47:36,0,0,1,0
8k00w7,2018-05-17 00:43:43,6,r/OSHA,44,2018-05-17 04:53:05,0,0,1,0
8k00w7,2018-05-17 00:43:43,6,r/OSHA,45,2018-05-17 04:55:03,0,0,1,0
8k00w7,2018-05-17 00:43:43,6,r/OSHA,46,2018-05-17 05:01:13,0,0,1,0
8k00w7,2018-05-17 00:43:43,6,r/OSHA,47,2018-05-17 05:14:22,0,1,1,0
8k00w7,2018-05-17 00:43:43,6,r/OSHA,47,2018-05-17 05:15:45,1,0,1,0
8k00w7,2018-05-17 00:43:43,6,r/OSHA,48,2018-05-17 05:17:42,0,0,1,0
8k00w7,2018-05-17 00:43:43,6,r/OSHA,49,2018-05-17 03:13:11,0,0,-1,0
8k00w7,2018-05-17 00:43:43,6,r/OSHA,50,2018-05-17 01:01:16,0,1,-31,0
8k00w7,2018-05-17 00:43:43,6,r/OSHA,50,2018-05-17 02:16:53,1,0,9,0
8k00w7,2018-05-17 00:43:43,6,r/OSHA,51,2018-05-17 02:23:57,0,0,-19,0
8k00w7,2018-05-17 00:43:43,6,r/OSHA,52,2018-05-17 01:56:01,0,1,-48,0
8k00w7,2018-05-17 00:43:43,6,r/OSHA,52,2018-05-17 02:28:07,1,0,-27,0
8k00w7,2018-05-17 00:43:43,6,r/OSHA,53,2018-05-17 02:39:03,0,0,-16,0
8jzn8e,2018-05-16 23:46:14,7,r/todayilearned,0,2018-05-17 00:14:54,0,13,3036,0
8jzn8e,2018-05-16 23:46:14,7,r/todayilearned,0,2018-05-17 03:46:44,1,4,973,0
8jzn8e,2018-05-16 23:46:14,7,r/todayilearned,0,2018-05-17 04:26:21,2,3,1,0
8jzn8e,2018-05-16 23:46:14,7,r/todayilearned,0,2018-05-17 04:51:39,3,0,1,0
8jzn8e,2018-05-16 23:46:14,7,r/todayilearned,0,2018-05-17 05:11:09,3,1,1,0
8jzn8e,2018-05-16 23:46:14,7,r/todayilearned,0,2018-05-17 05:19:22,4,0,1,0
8jzn8e,2018-05-16 23:46:14,7,r/todayilearned,0,2018-05-17 05:12:48,3,1,1,0
8jzn8e,2018-05-16 23:46:14,7,r/todayilearned,0,2018-05-17 05:14:05,4,0,1,0
8jzn8e,2018-05-16 23:46:14,7,r/todayilearned,0,2018-05-17 04:20:34,2,1,1,0
8jzn8e,2018-05-16 23:46:14,7,r/todayilearned,0,2018-05-17 04:25:15,3,2,1,0
8jzn8e,2018-05-16 23:46:14,7,r/todayilearned,0,2018-05-17 04:32:44,4,3,1,0
8jzn8e,2018-05-16 23:46:14,7,r/todayilearned,0,2018-05-17 04:55:08,5,1,1,0
8jzn8e,2018-05-16 23:46:14,7,r/todayilearned,0,2018-05-17 05:03:43,6,1,1,0
8jzn8e,2018-05-16 23:46:14,7,r/todayilearned,0,2018-05-17 05:14:12,7,0,1,0
8jzn8e,2018-05-16 23:46:14,7,r/todayilearned,0,2018-05-17 04:55:48,5,0,1,0
8jzn8e,2018-05-16 23:46:14,7,r/todayilearned,0,2018-05-17 05:15:56,5,0,1,0
8jzn8e,2018-05-16 23:46:14,7,r/todayilearned,0,2018-05-17 04:58:23,4,0,1,0
8jzn8e,2018-05-16 23:46:14,7,r/todayilearned,0,2018-05-17 05:07:43,2,0,1,0
8jzn8e,2018-05-16 23:46:14,7,r/todayilearned,0,2018-05-17 04:42:43,2,1,1,0
8jzn8e,2018-05-16 23:46:14,7,r/todayilearned,0,2018-05-17 04:49:12,3,0,1,0
8jzn8e,2018-05-16 23:46:14,7,r/todayilearned,0,2018-05-17 00:42:23,1,6,851,0
8jzn8e,2018-05-16 23:46:14,7,r/todayilearned,0,2018-05-17 02:30:15,2,1,149,0
8jzn8e,2018-05-16 23:46:14,7,r/todayilearned,0,2018-05-17 03:23:16,3,4,106,0
8jzn8e,2018-05-16 23:46:14,7,r/todayilearned,0,2018-05-17 04:06:19,4,2,63,0
8jzn8e,2018-05-16 23:46:14,7,r/todayilearned,0,2018-05-17 04:23:52,5,5,1,0
8jzn8e,2018-05-16 23:46:14,7,r/todayilearned,0,2018-05-17 04:29:04,6,2,1,0
8jzn8e,2018-05-16 23:46:14,7,r/todayilearned,0,2018-05-17 04:33:04,7,1,1,0
8jzn8e,2018-05-16 23:46:14,7,r/todayilearned,0,2018-05-17 04:38:39,8,1,1,0
8jzn8e,2018-05-16 23:46:14,7,r/todayilearned,0,2018-05-17 04:42:13,9,1,1,0
8jzn8e,2018-05-16 23:46:14,7,r/todayilearned,0,2018-05-17 04:32:35,7,1,1,0
8jzn8e,2018-05-16 23:46:14,7,r/todayilearned,0,2018-05-17 04:44:39,8,1,1,0
8jzn8e,2018-05-16 23:46:14,7,r/todayilearned,0,2018-05-17 04:46:47,9,0,1,0
8jzn8e,2018-05-16 23:46:14,7,r/todayilearned,0,2018-05-17 04:32:14,6,0,1,0
8jzn8e,2018-05-16 23:46:14,7,r/todayilearned,0,2018-05-17 04:38:34,6,0,1,0
8jzn8e,2018-05-16 23:46:14,7,r/todayilearned,0,2018-05-17 04:42:59,6,0,1,0
8jzn8e,2018-05-16 23:46:14,7,r/todayilearned,0,2018-05-17 04:48:34,6,0,1,0
8jzn8e,2018-05-16 23:46:14,7,r/todayilearned,0,2018-05-17 04:42:41,5,0,1,0
8jzn8e,2018-05-16 23:46:14,7,r/todayilearned,0,2018-05-17 04:38:06,4,1,1,0
8jzn8e,2018-05-16 23:46:14,7,r/todayilearned,0,2018-05-17 05:07:53,5,0,1,0
8jzn8e,2018-05-16 23:46:14,7,r/todayilearned,0,2018-05-17 04:30:16,4,1,1,0
8jzn8e,2018-05-16 23:46:14,7,r/todayilearned,0,2018-05-17 04:33:53,5,1,1,0
8jzn8e,2018-05-16 23:46:14,7,r/todayilearned,0,2018-05-17 04:46:37,6,0,1,0
8jzn8e,2018-05-16 23:46:14,7,r/todayilearned,0,2018-05-17 04:45:00,4,1,1,0
8jzn8e,2018-05-16 23:46:14,7,r/todayilearned,0,2018-05-17 05:09:23,5,0,1,0
8jzn8e,2018-05-16 23:46:14,7,r/todayilearned,0,2018-05-17 03:34:55,2,3,13,0
8jzn8e,2018-05-16 23:46:14,7,r/todayilearned,0,2018-05-17 04:22:41,3,2,1,0
8jzn8e,2018-05-16 23:46:14,7,r/todayilearned,0,2018-05-17 04:38:28,4,2,1,0
8jzn8e,2018-05-16 23:46:14,7,r/todayilearned,0,2018-05-17 04:55:32,5,0,1,0
8jzn8e,2018-05-16 23:46:14,7,r/todayilearned,0,2018-05-17 05:16:41,5,1,1,0
8jzn8e,2018-05-16 23:46:14,7,r/todayilearned,0,2018-05-17 05:19:53,6,0,1,0
8jzn8e,2018-05-16 23:46:14,7,r/todayilearned,0,2018-05-17 04:25:19,4,0,1,0
8jzn8e,2018-05-16 23:46:14,7,r/todayilearned,0,2018-05-17 04:43:11,3,1,1,0
8jzn8e,2018-05-16 23:46:14,7,r/todayilearned,0,2018-05-17 05:00:43,4,0,1,0
8jzn8e,2018-05-16 23:46:14,7,r/todayilearned,0,2018-05-17 04:59:38,3,0,1,0
8jzn8e,2018-05-16 23:46:14,7,r/todayilearned,0,2018-05-17 04:27:21,2,1,1,0
8jzn8e,2018-05-16 23:46:14,7,r/todayilearned,0,2018-05-17 05:01:47,3,0,1,0
8jzn8e,2018-05-16 23:46:14,7,r/todayilearned,0,2018-05-17 04:34:28,2,0,1,0
8jzn8e,2018-05-16 23:46:14,7,r/todayilearned,0,2018-05-17 04:51:17,2,0,1,0
8jzn8e,2018-05-16 23:46:14,7,r/todayilearned,0,2018-05-17 04:41:59,2,1,1,0
8jzn8e,2018-05-16 23:46:14,7,r/todayilearned,0,2018-05-17 04:50:33,3,1,1,0
8jzn8e,2018-05-16 23:46:14,7,r/todayilearned,0,2018-05-17 04:52:00,4,1,1,0
8jzn8e,2018-05-16 23:46:14,7,r/todayilearned,0,2018-05-17 04:52:37,5,1,1,0
8jzn8e,2018-05-16 23:46:14,7,r/todayilearned,0,2018-05-17 04:53:48,6,0,1,0
8jzn8e,2018-05-16 23:46:14,7,r/todayilearned,0,2018-05-17 04:33:47,1,1,1,0
8jzn8e,2018-05-16 23:46:14,7,r/todayilearned,0,2018-05-17 05:05:24,2,2,1,0
8jzn8e,2018-05-16 23:46:14,7,r/todayilearned,0,2018-05-17 05:18:40,3,0,1,0
8jzn8e,2018-05-16 23:46:14,7,r/todayilearned,0,2018-05-17 05:19:50,3,0,1,0
8jzn8e,2018-05-16 23:46:14,7,r/todayilearned,0,2018-05-17 03:11:55,1,1,11,0
8jzn8e,2018-05-16 23:46:14,7,r/todayilearned,0,2018-05-17 04:20:17,2,0,1,0
8jzn8e,2018-05-16 23:46:14,7,r/todayilearned,0,2018-05-17 04:22:12,1,2,1,0
8jzn8e,2018-05-16 23:46:14,7,r/todayilearned,0,2018-05-17 05:08:36,2,0,1,0
8jzn8e,2018-05-16 23:46:14,7,r/todayilearned,0,2018-05-17 05:13:44,2,0,1,0
8jzn8e,2018-05-16 23:46:14,7,r/todayilearned,0,2018-05-17 04:34:29,1,0,1,0
8jzn8e,2018-05-16 23:46:14,7,r/todayilearned,0,2018-05-17 04:50:01,1,0,1,0
8jzn8e,2018-05-16 23:46:14,7,r/todayilearned,0,2018-05-17 04:52:31,1,0,1,0
8jzn8e,2018-05-16 23:46:14,7,r/todayilearned,0,2018-05-17 05:13:39,1,0,1,0
8jzn8e,2018-05-16 23:46:14,7,r/todayilearned,0,2018-05-17 05:19:51,1,0,1,0
8jzn8e,2018-05-16 23:46:14,7,r/todayilearned,0,2018-05-17 02:51:24,1,2,-9,0
8jzn8e,2018-05-16 23:46:14,7,r/todayilearned,0,2018-05-17 03:09:00,2,4,30,0
8jzn8e,2018-05-16 23:46:14,7,r/todayilearned,0,2018-05-17 03:16:20,3,0,7,0
8jzn8e,2018-05-16 23:46:14,7,r/todayilearned,0,2018-05-17 03:17:27,3,1,13,0
8jzn8e,2018-05-16 23:46:14,7,r/todayilearned,0,2018-05-17 03:19:39,4,0,10,0
8jzn8e,2018-05-16 23:46:14,7,r/todayilearned,0,2018-05-17 04:10:43,3,0,4,0
8jzn8e,2018-05-16 23:46:14,7,r/todayilearned,0,2018-05-17 03:18:37,3,0,1,0
8jzn8e,2018-05-16 23:46:14,7,r/todayilearned,0,2018-05-17 03:06:55,2,0,4,0
8jzn8e,2018-05-16 23:46:14,7,r/todayilearned,0,2018-05-17 03:58:47,1,1,0,0
8jzn8e,2018-05-16 23:46:14,7,r/todayilearned,0,2018-05-17 04:36:13,2,1,1,0
8jzn8e,2018-05-16 23:46:14,7,r/todayilearned,0,2018-05-17 04:46:02,3,0,1,0
8jzn8e,2018-05-16 23:46:14,7,r/todayilearned,0,2018-05-17 04:40:44,1,0,1,0
8jzn8e,2018-05-16 23:46:14,7,r/todayilearned,1,2018-05-17 03:11:07,0,8,446,0
8jzn8e,2018-05-16 23:46:14,7,r/todayilearned,1,2018-05-17 04:33:39,1,0,1,0
8jzn8e,2018-05-16 23:46:14,7,r/todayilearned,1,2018-05-17 04:36:53,1,1,1,0
8jzn8e,2018-05-16 23:46:14,7,r/todayilearned,1,2018-05-17 04:55:08,2,6,1,0
8jzn8e,2018-05-16 23:46:14,7,r/todayilearned,1,2018-05-17 04:57:36,3,1,1,0
8jzn8e,2018-05-16 23:46:14,7,r/todayilearned,1,2018-05-17 05:05:16,4,1,1,0
8jzn8e,2018-05-16 23:46:14,7,r/todayilearned,1,2018-05-17 05:15:32,5,0,1,0
8jzn8e,2018-05-16 23:46:14,7,r/todayilearned,1,2018-05-17 05:05:53,3,0,1,0
8jzn8e,2018-05-16 23:46:14,7,r/todayilearned,1,2018-05-17 05:09:18,3,1,1,0
8jzn8e,2018-05-16 23:46:14,7,r/todayilearned,1,2018-05-17 05:12:49,4,0,1,0
8jzn8e,2018-05-16 23:46:14,7,r/todayilearned,1,2018-05-17 05:11:52,3,0,1,0
8jzn8e,2018-05-16 23:46:14,7,r/todayilearned,1,2018-05-17 05:13:11,3,0,1,0
8jzn8e,2018-05-16 23:46:14,7,r/todayilearned,1,2018-05-17 04:58:19,3,2,1,0
8jzn8e,2018-05-16 23:46:14,7,r/todayilearned,1,2018-05-17 05:05:49,4,1,1,0
8jzn8e,2018-05-16 23:46:14,7,r/todayilearned,1,2018-05-17 05:11:27,5,0,1,0
8jzn8e,2018-05-16 23:46:14,7,r/todayilearned,1,2018-05-17 05:06:49,4,0,1,0
8jzn8e,2018-05-16 23:46:14,7,r/todayilearned,1,2018-05-17 04:34:53,1,0,1,0
8jzn8e,2018-05-16 23:46:14,7,r/todayilearned,1,2018-05-17 03:46:49,1,10,103,0
8jzn8e,2018-05-16 23:46:14,7,r/todayilearned,1,2018-05-17 03:50:52,2,2,142,0
8jzn8e,2018-05-16 23:46:14,7,r/todayilearned,1,2018-05-17 04:03:39,3,2,67,0
8jzn8e,2018-05-16 23:46:14,7,r/todayilearned,1,2018-05-17 04:30:11,4,2,1,0
8jzn8e,2018-05-16 23:46:14,7,r/todayilearned,1,2018-05-17 04:33:23,5,2,1,0
8jzn8e,2018-05-16 23:46:14,7,r/todayilearned,1,2018-05-17 04:39:58,6,3,1,0
8jzn8e,2018-05-16 23:46:14,7,r/todayilearned,1,2018-05-17 04:43:47,7,3,1,0
8jzn8e,2018-05-16 23:46:14,7,r/todayilearned,1,2018-05-17 04:47:47,8,2,1,0
8jzn8e,2018-05-16 23:46:14,7,r/todayilearned,1,2018-05-17 05:00:21,9,0,1,0
8jzn8e,2018-05-16 23:46:14,7,r/todayilearned,1,2018-05-17 05:15:19,9,0,1,0
8jzn8e,2018-05-16 23:46:14,7,r/todayilearned,1,2018-05-17 04:56:44,8,0,1,0
8jzn8e,2018-05-16 23:46:14,7,r/todayilearned,1,2018-05-17 04:49:08,8,0,1,0
8jzn8e,2018-05-16 23:46:14,7,r/todayilearned,1,2018-05-17 05:02:45,7,0,1,0
8jzn8e,2018-05-16 23:46:14,7,r/todayilearned,1,2018-05-17 05:13:18,7,0,1,0
8jzn8e,2018-05-16 23:46:14,7,r/todayilearned,1,2018-05-17 04:50:50,6,1,1,0
8jzn8e,2018-05-16 23:46:14,7,r/todayilearned,1,2018-05-17 04:56:59,7,1,1,0
8jzn8e,2018-05-16 23:46:14,7,r/todayilearned,1,2018-05-17 05:01:45,8,0,1,0
8jzn8e,2018-05-16 23:46:14,7,r/todayilearned,1,2018-05-17 04:55:52,5,0,1,0
8jzn8e,2018-05-16 23:46:14,7,r/todayilearned,1,2018-05-17 04:32:31,4,1,1,0
8jzn8e,2018-05-16 23:46:14,7,r/todayilearned,1,2018-05-17 04:44:32,5,1,1,0
8jzn8e,2018-05-16 23:46:14,7,r/todayilearned,1,2018-05-17 04:59:37,6,0,1,0
8jzn8e,2018-05-16 23:46:14,7,r/todayilearned,1,2018-05-17 04:31:11,3,2,1,0
8jzn8e,2018-05-16 23:46:14,7,r/todayilearned,1,2018-05-17 04:36:52,4,2,1,0
8jzn8e,2018-05-16 23:46:14,7,r/todayilearned,1,2018-05-17 04:38:02,5,1,1,0
8jzn8e,2018-05-16 23:46:14,7,r/todayilearned,1,2018-05-17 04:49:44,6,0,1,0
8jzn8e,2018-05-16 23:46:14,7,r/todayilearned,1,2018-05-17 04:55:12,5,0,1,0
8jzn8e,2018-05-16 23:46:14,7,r/todayilearned,1,2018-05-17 04:37:43,4,1,1,0
8jzn8e,2018-05-16 23:46:14,7,r/todayilearned,1,2018-05-17 04:49:04,5,0,1,0
8jzn8e,2018-05-16 23:46:14,7,r/todayilearned,1,2018-05-17 04:50:32,2,0,1,0
8jzn8e,2018-05-16 23:46:14,7,r/todayilearned,1,2018-05-17 04:38:20,2,2,1,0
8jzn8e,2018-05-16 23:46:14,7,r/todayilearned,1,2018-05-17 04:46:33,3,1,1,0
8jzn8e,2018-05-16 23:46:14,7,r/todayilearned,1,2018-05-17 05:02:28,4,0,1,0
8jzn8e,2018-05-16 23:46:14,7,r/todayilearned,1,2018-05-17 05:16:27,3,0,1,0
8jzn8e,2018-05-16 23:46:14,7,r/todayilearned,1,2018-05-17 04:22:15,2,0,1,0
8jzn8e,2018-05-16 23:46:14,7,r/todayilearned,1,2018-05-17 04:43:38,2,0,1,0
8jzn8e,2018-05-16 23:46:14,7,r/todayilearned,1,2018-05-17 04:31:06,2,0,1,0
8jzn8e,2018-05-16 23:46:14,7,r/todayilearned,1,2018-05-17 04:28:44,2,0,1,0
8jzn8e,2018-05-16 23:46:14,7,r/todayilearned,1,2018-05-17 05:05:37,2,0,1,0
8jzn8e,2018-05-16 23:46:14,7,r/todayilearned,1,2018-05-17 05:15:39,2,0,1,0
8jzn8e,2018-05-16 23:46:14,7,r/todayilearned,1,2018-05-17 04:47:35,2,1,1,0
8jzn8e,2018-05-16 23:46:14,7,r/todayilearned,1,2018-05-17 05:03:19,3,1,1,0
8jzn8e,2018-05-16 23:46:14,7,r/todayilearned,1,2018-05-17 05:06:19,4,1,1,0
8jzn8e,2018-05-16 23:46:14,7,r/todayilearned,1,2018-05-17 05:12:06,5,1,1,0
8jzn8e,2018-05-16 23:46:14,7,r/todayilearned,1,2018-05-17 05:20:08,6,0,1,0
8jzn8e,2018-05-16 23:46:14,7,r/todayilearned,1,2018-05-17 04:38:57,1,1,1,0
8jzn8e,2018-05-16 23:46:14,7,r/todayilearned,1,2018-05-17 04:57:20,2,0,1,0
8jzn8e,2018-05-16 23:46:14,7,r/todayilearned,1,2018-05-17 04:39:45,1,0,1,0
8jzn8e,2018-05-16 23:46:14,7,r/todayilearned,1,2018-05-17 05:07:33,1,0,1,0
8jzn8e,2018-05-16 23:46:14,7,r/todayilearned,1,2018-05-17 05:19:32,1,0,1,0
8jzn8e,2018-05-16 23:46:14,7,r/todayilearned,2,2018-05-17 02:52:49,0,3,687,0
8jzn8e,2018-05-16 23:46:14,7,r/todayilearned,2,2018-05-17 03:51:07,1,1,93,0
8jzn8e,2018-05-16 23:46:14,7,r/todayilearned,2,2018-05-17 03:58:42,2,1,32,0
8jzn8e,2018-05-16 23:46:14,7,r/todayilearned,2,2018-05-17 04:16:01,3,1,13,0
8jzn8e,2018-05-16 23:46:14,7,r/todayilearned,2,2018-05-17 04:20:38,4,2,1,0
8jzn8e,2018-05-16 23:46:14,7,r/todayilearned,2,2018-05-17 04:21:41,5,2,1,0
8jzn8e,2018-05-16 23:46:14,7,r/todayilearned,2,2018-05-17 05:18:25,6,0,1,0
8jzn8e,2018-05-16 23:46:14,7,r/todayilearned,2,2018-05-17 04:27:05,6,1,1,0
8jzn8e,2018-05-16 23:46:14,7,r/todayilearned,2,2018-05-17 05:04:52,7,0,1,0
8jzn8e,2018-05-16 23:46:14,7,r/todayilearned,2,2018-05-17 05:00:10,5,0,1,0
8jzn8e,2018-05-16 23:46:14,7,r/todayilearned,2,2018-05-17 04:29:54,1,3,1,0
8jzn8e,2018-05-16 23:46:14,7,r/todayilearned,2,2018-05-17 04:44:51,2,0,1,0
8jzn8e,2018-05-16 23:46:14,7,r/todayilearned,2,2018-05-17 04:49:35,2,1,1,0
8jzn8e,2018-05-16 23:46:14,7,r/todayilearned,2,2018-05-17 05:05:33,3,1,1,0
8jzn8e,2018-05-16 23:46:14,7,r/todayilearned,2,2018-05-17 05:06:55,4,1,1,0
8jzn8e,2018-05-16 23:46:14,7,r/todayilearned,2,2018-05-17 05:19:08,5,0,1,0
8jzn8e,2018-05-16 23:46:14,7,r/todayilearned,2,2018-05-17 05:17:44,2,0,1,0
8jzn8e,2018-05-16 23:46:14,7,r/todayilearned,2,2018-05-17 04:46:16,1,0,1,0
8jzn8e,2018-05-16 23:46:14,7,r/todayilearned,3,2018-05-17 02:41:09,0,7,157,0
8jzn8e,2018-05-16 23:46:14,7,r/todayilearned,3,2018-05-17 03:34:10,1,3,71,0
8jzn8e,2018-05-16 23:46:14,7,r/todayilearned,3,2018-05-17 03:35:13,2,1,19,0
8jzn8e,2018-05-16 23:46:14,7,r/todayilearned,3,2018-05-17 04:28:51,3,0,1,0
8jzn8e,2018-05-16 23:46:14,7,r/todayilearned,3,2018-05-17 04:49:32,2,0,1,0
8jzn8e,2018-05-16 23:46:14,7,r/todayilearned,3,2018-05-17 05:01:31,2,0,1,0
8jzn8e,2018-05-16 23:46:14,7,r/todayilearned,3,2018-05-17 04:51:09,1,0,1,0
8jzn8e,2018-05-16 23:46:14,7,r/todayilearned,3,2018-05-17 04:58:48,1,0,1,0
8jzn8e,2018-05-16 23:46:14,7,r/todayilearned,3,2018-05-17 05:07:14,1,0,1,0
8jzn8e,2018-05-16 23:46:14,7,r/todayilearned,3,2018-05-17 05:09:21,1,0,1,0
8jzn8e,2018-05-16 23:46:14,7,r/todayilearned,3,2018-05-17 05:20:00,1,0,1,0
8jzn8e,2018-05-16 23:46:14,7,r/todayilearned,3,2018-05-17 04:38:35,1,0,1,0
8jzn8e,2018-05-16 23:46:14,7,r/todayilearned,4,2018-05-17 00:37:40,0,2,241,0
8jzn8e,2018-05-16 23:46:14,7,r/todayilearned,4,2018-05-17 02:49:40,1,3,141,0
8jzn8e,2018-05-16 23:46:14,7,r/todayilearned,4,2018-05-17 03:18:46,2,1,50,0
8jzn8e,2018-05-16 23:46:14,7,r/todayilearned,4,2018-05-17 04:07:18,3,3,48,0
8jzn8e,2018-05-16 23:46:14,7,r/todayilearned,4,2018-05-17 04:42:21,4,2,1,0
8jzn8e,2018-05-16 23:46:14,7,r/todayilearned,4,2018-05-17 04:48:28,5,1,1,0
8jzn8e,2018-05-16 23:46:14,7,r/todayilearned,4,2018-05-17 04:49:43,6,0,1,0
8jzn8e,2018-05-16 23:46:14,7,r/todayilearned,4,2018-05-17 04:54:32,5,0,1,0
8jzn8e,2018-05-16 23:46:14,7,r/todayilearned,4,2018-05-17 04:42:07,4,0,1,0
8jzn8e,2018-05-16 23:46:14,7,r/todayilearned,4,2018-05-17 04:53:02,4,0,1,0
8jzn8e,2018-05-16 23:46:14,7,r/todayilearned,4,2018-05-17 05:12:08,2,0,1,0
8jzn8e,2018-05-16 23:46:14,7,r/todayilearned,4,2018-05-17 05:19:44,2,0,1,0
8jzn8e,2018-05-16 23:46:14,7,r/todayilearned,4,2018-05-17 02:41:41,1,0,8,0
8jzn8e,2018-05-16 23:46:14,7,r/todayilearned,5,2018-05-17 02:08:28,0,1,218,0
8jzn8e,2018-05-16 23:46:14,7,r/todayilearned,5,2018-05-17 03:21:59,1,3,56,0
8jzn8e,2018-05-16 23:46:14,7,r/todayilearned,5,2018-05-17 03:48:13,2,1,19,0
8jzn8e,2018-05-16 23:46:14,7,r/todayilearned,5,2018-05-17 04:18:49,3,0,7,0
8jzn8e,2018-05-16 23:46:14,7,r/todayilearned,5,2018-05-17 04:41:57,2,0,1,0
8jzn8e,2018-05-16 23:46:14,7,r/todayilearned,5,2018-05-17 04:40:19,2,0,1,0
8jzn8e,2018-05-16 23:46:14,7,r/todayilearned,6,2018-05-17 00:17:07,0,2,207,0
8jzn8e,2018-05-16 23:46:14,7,r/todayilearned,6,2018-05-17 01:32:31,1,4,175,0
8jzn8e,2018-05-16 23:46:14,7,r/todayilearned,6,2018-05-17 03:27:42,2,4,97,0
8jzn8e,2018-05-16 23:46:14,7,r/todayilearned,6,2018-05-17 03:37:06,3,2,130,0
8jzn8e,2018-05-16 23:46:14,7,r/todayilearned,6,2018-05-17 03:38:24,4,1,66,0
8jzn8e,2018-05-16 23:46:14,7,r/todayilearned,6,2018-05-17 04:21:19,5,0,1,0
8jzn8e,2018-05-16 23:46:14,7,r/todayilearned,6,2018-05-17 04:00:40,4,0,14,0
8jzn8e,2018-05-16 23:46:14,7,r/todayilearned,6,2018-05-17 04:09:23,3,0,15,0
8jzn8e,2018-05-16 23:46:14,7,r/todayilearned,6,2018-05-17 04:21:29,3,0,1,0
8jzn8e,2018-05-16 23:46:14,7,r/todayilearned,6,2018-05-17 05:11:25,3,0,1,0
8jzn8e,2018-05-16 23:46:14,7,r/todayilearned,6,2018-05-17 03:35:48,2,0,26,0
8jzn8e,2018-05-16 23:46:14,7,r/todayilearned,6,2018-05-17 04:31:24,2,0,1,0
8jzn8e,2018-05-16 23:46:14,7,r/todayilearned,6,2018-05-17 04:44:40,2,0,1,0
8jzn8e,2018-05-16 23:46:14,7,r/todayilearned,6,2018-05-17 04:32:47,1,0,1,0
8jzn8e,2018-05-16 23:46:14,7,r/todayilearned,7,2018-05-17 00:29:08,0,5,52,0
8jzn8e,2018-05-16 23:46:14,7,r/todayilearned,7,2018-05-17 00:35:47,1,1,34,0
8jzn8e,2018-05-16 23:46:14,7,r/todayilearned,7,2018-05-17 00:54:28,2,0,22,0
8jzn8e,2018-05-16 23:46:14,7,r/todayilearned,7,2018-05-17 04:11:59,1,1,5,0
8jzn8e,2018-05-16 23:46:14,7,r/todayilearned,7,2018-05-17 04:16:53,2,1,6,0
8jzn8e,2018-05-16 23:46:14,7,r/todayilearned,7,2018-05-17 04:30:12,3,1,1,0
8jzn8e,2018-05-16 23:46:14,7,r/todayilearned,7,2018-05-17 04:35:01,4,1,1,0
8jzn8e,2018-05-16 23:46:14,7,r/todayilearned,7,2018-05-17 04:40:03,5,0,1,0
8jzn8e,2018-05-16 23:46:14,7,r/todayilearned,7,2018-05-17 03:12:59,1,0,1,0
8jzn8e,2018-05-16 23:46:14,7,r/todayilearned,7,2018-05-17 04:33:48,1,0,1,0
8jzn8e,2018-05-16 23:46:14,7,r/todayilearned,7,2018-05-17 04:43:10,1,0,1,0
8jzn8e,2018-05-16 23:46:14,7,r/todayilearned,8,2018-05-17 02:41:24,0,0,23,0
8jzn8e,2018-05-16 23:46:14,7,r/todayilearned,9,2018-05-17 02:55:24,0,3,38,0
8jzn8e,2018-05-16 23:46:14,7,r/todayilearned,9,2018-05-17 04:11:13,1,1,20,0
8jzn8e,2018-05-16 23:46:14,7,r/todayilearned,9,2018-05-17 04:38:51,2,0,1,0
8jzn8e,2018-05-16 23:46:14,7,r/todayilearned,9,2018-05-17 04:34:16,1,0,1,0
8jzn8e,2018-05-16 23:46:14,7,r/todayilearned,9,2018-05-17 04:18:23,1,3,0,0
8jzn8e,2018-05-16 23:46:14,7,r/todayilearned,9,2018-05-17 04:30:11,2,1,1,0
8jzn8e,2018-05-16 23:46:14,7,r/todayilearned,9,2018-05-17 04:40:56,3,1,1,0
8jzn8e,2018-05-16 23:46:14,7,r/todayilearned,9,2018-05-17 04:46:14,4,1,1,0
8jzn8e,2018-05-16 23:46:14,7,r/todayilearned,9,2018-05-17 05:03:05,5,0,1,0
8jzn8e,2018-05-16 23:46:14,7,r/todayilearned,9,2018-05-17 04:21:44,2,0,1,0
8jzn8e,2018-05-16 23:46:14,7,r/todayilearned,9,2018-05-17 04:23:26,2,0,1,0
8jzn8e,2018-05-16 23:46:14,7,r/todayilearned,10,2018-05-17 00:33:18,0,15,636,0
8jzn8e,2018-05-16 23:46:14,7,r/todayilearned,10,2018-05-17 00:44:45,1,3,240,0
8jzn8e,2018-05-16 23:46:14,7,r/todayilearned,10,2018-05-17 00:47:24,2,1,29,0
8jzn8e,2018-05-16 23:46:14,7,r/todayilearned,10,2018-05-17 00:58:35,3,0,12,0
8jzn8e,2018-05-16 23:46:14,7,r/todayilearned,10,2018-05-17 04:26:31,2,0,1,0
8jzn8e,2018-05-16 23:46:14,7,r/todayilearned,10,2018-05-17 04:28:23,2,0,1,0
8jzn8e,2018-05-16 23:46:14,7,r/todayilearned,10,2018-05-17 00:44:34,1,0,327,0
8jzn8e,2018-05-16 23:46:14,7,r/todayilearned,10,2018-05-17 01:47:27,1,1,76,0
8jzn8e,2018-05-16 23:46:14,7,r/todayilearned,10,2018-05-17 04:28:14,2,1,1,0
8jzn8e,2018-05-16 23:46:14,7,r/todayilearned,10,2018-05-17 04:33:18,3,0,1,0
8jzn8e,2018-05-16 23:46:14,7,r/todayilearned,10,2018-05-17 04:23:50,1,0,1,0
8jzn8e,2018-05-16 23:46:14,7,r/todayilearned,10,2018-05-17 03:44:09,1,0,24,0
8jzn8e,2018-05-16 23:46:14,7,r/todayilearned,10,2018-05-17 04:16:41,1,0,13,0
8jzn8e,2018-05-16 23:46:14,7,r/todayilearned,10,2018-05-17 00:42:50,1,2,12,0
8jzn8e,2018-05-16 23:46:14,7,r/todayilearned,10,2018-05-17 02:03:52,2,1,31,0
8jzn8e,2018-05-16 23:46:14,7,r/todayilearned,10,2018-05-17 04:32:21,3,0,1,0
8jzn8e,2018-05-16 23:46:14,7,r/todayilearned,10,2018-05-17 01:39:20,2,1,52,0
8jzn8e,2018-05-16 23:46:14,7,r/todayilearned,10,2018-05-17 04:09:15,3,1,-14,0
8jzn8e,2018-05-16 23:46:14,7,r/todayilearned,10,2018-05-17 04:50:15,4,1,1,0
8jzn8e,2018-05-16 23:46:14,7,r/todayilearned,10,2018-05-17 05:18:39,5,0,1,0
8jzn8e,2018-05-16 23:46:14,7,r/todayilearned,10,2018-05-17 04:46:21,1,0,1,0
8jzn8e,2018-05-16 23:46:14,7,r/todayilearned,10,2018-05-17 00:51:49,1,0,-6,0
8jzn8e,2018-05-16 23:46:14,7,r/todayilearned,10,2018-05-17 01:00:25,1,1,-25,0
8jzn8e,2018-05-16 23:46:14,7,r/todayilearned,10,2018-05-17 01:12:35,2,2,52,0
8jzn8e,2018-05-16 23:46:14,7,r/todayilearned,10,2018-05-17 01:25:18,3,2,70,0
8jzn8e,2018-05-16 23:46:14,7,r/todayilearned,10,2018-05-17 03:20:59,4,0,13,0
8jzn8e,2018-05-16 23:46:14,7,r/todayilearned,10,2018-05-17 01:52:47,4,0,28,0
8jzn8e,2018-05-16 23:46:14,7,r/todayilearned,10,2018-05-17 01:19:39,3,1,8,0
8jzn8e,2018-05-16 23:46:14,7,r/todayilearned,10,2018-05-17 01:43:45,4,1,-1,0
8jzn8e,2018-05-16 23:46:14,7,r/todayilearned,10,2018-05-17 04:33:06,5,0,1,0
8jzn8e,2018-05-16 23:46:14,7,r/todayilearned,10,2018-05-17 02:09:42,1,3,-21,0
8jzn8e,2018-05-16 23:46:14,7,r/todayilearned,10,2018-05-17 02:28:07,2,0,40,0
8jzn8e,2018-05-16 23:46:14,7,r/todayilearned,10,2018-05-17 03:37:11,2,1,9,0
8jzn8e,2018-05-16 23:46:14,7,r/todayilearned,10,2018-05-17 04:42:03,3,1,1,0
8jzn8e,2018-05-16 23:46:14,7,r/todayilearned,10,2018-05-17 04:55:58,4,1,1,0
8jzn8e,2018-05-16 23:46:14,7,r/todayilearned,10,2018-05-17 04:58:13,5,0,1,0
8jzn8e,2018-05-16 23:46:14,7,r/todayilearned,10,2018-05-17 02:20:05,2,2,14,0
8jzn8e,2018-05-16 23:46:14,7,r/todayilearned,10,2018-05-17 03:46:16,3,1,7,0
8jzn8e,2018-05-16 23:46:14,7,r/todayilearned,10,2018-05-17 04:26:24,4,0,1,0
8jzn8e,2018-05-16 23:46:14,7,r/todayilearned,10,2018-05-17 04:25:41,3,0,1,0
8jzn8e,2018-05-16 23:46:14,7,r/todayilearned,10,2018-05-17 04:41:58,1,1,1,0
8jzn8e,2018-05-16 23:46:14,7,r/todayilearned,10,2018-05-17 04:57:20,2,1,1,0
8jzn8e,2018-05-16 23:46:14,7,r/todayilearned,10,2018-05-17 05:13:52,3,0,1,0
8jzn8e,2018-05-16 23:46:14,7,r/todayilearned,10,2018-05-17 00:48:23,1,1,-2,0
8jzn8e,2018-05-16 23:46:14,7,r/todayilearned,10,2018-05-17 01:37:15,2,0,4,0
8jzn8e,2018-05-16 23:46:14,7,r/todayilearned,10,2018-05-17 03:21:06,1,0,-8,0
8jzn8e,2018-05-16 23:46:14,7,r/todayilearned,10,2018-05-17 04:22:35,1,1,1,0
8jzn8e,2018-05-16 23:46:14,7,r/todayilearned,10,2018-05-17 04:34:38,2,2,1,0
8jzn8e,2018-05-16 23:46:14,7,r/todayilearned,10,2018-05-17 04:44:06,3,0,1,0
8jzn8e,2018-05-16 23:46:14,7,r/todayilearned,10,2018-05-17 04:41:49,3,1,1,0
8jzn8e,2018-05-16 23:46:14,7,r/todayilearned,10,2018-05-17 04:44:09,4,1,1,0
8jzn8e,2018-05-16 23:46:14,7,r/todayilearned,10,2018-05-17 04:45:39,5,0,1,0
8jzn8e,2018-05-16 23:46:14,7,r/todayilearned,11,2018-05-17 00:49:26,0,2,15,0
8jzn8e,2018-05-16 23:46:14,7,r/todayilearned,11,2018-05-17 02:50:10,1,1,11,0
8jzn8e,2018-05-16 23:46:14,7,r/todayilearned,11,2018-05-17 02:56:14,2,1,7,0
8jzn8e,2018-05-16 23:46:14,7,r/todayilearned,11,2018-05-17 04:49:14,3,0,1,0
8jzn8e,2018-05-16 23:46:14,7,r/todayilearned,11,2018-05-17 03:49:45,1,0,0,0
8jzn8e,2018-05-16 23:46:14,7,r/todayilearned,12,2018-05-17 02:46:36,0,0,12,0
8jzn8e,2018-05-16 23:46:14,7,r/todayilearned,13,2018-05-17 02:16:00,0,0,9,0
8jzn8e,2018-05-16 23:46:14,7,r/todayilearned,14,2018-05-17 01:29:38,0,1,16,0
8jzn8e,2018-05-16 23:46:14,7,r/todayilearned,14,2018-05-17 04:39:47,1,0,1,0
8jzn8e,2018-05-16 23:46:14,7,r/todayilearned,15,2018-05-17 04:27:15,0,0,1,0
8jzn8e,2018-05-16 23:46:14,7,r/todayilearned,16,2018-05-17 03:43:25,0,1,4,0
8jzn8e,2018-05-16 23:46:14,7,r/todayilearned,16,2018-05-17 03:48:39,1,2,2,0
8jzn8e,2018-05-16 23:46:14,7,r/todayilearned,16,2018-05-17 04:14:20,2,1,3,0
8jzn8e,2018-05-16 23:46:14,7,r/todayilearned,16,2018-05-17 05:00:21,3,0,1,0
8jzn8e,2018-05-16 23:46:14,7,r/todayilearned,16,2018-05-17 05:17:25,2,0,1,0
8jzn8e,2018-05-16 23:46:14,7,r/todayilearned,17,2018-05-17 04:29:32,0,0,1,0
8jzn8e,2018-05-16 23:46:14,7,r/todayilearned,18,2018-05-17 04:34:21,0,0,1,0
8jzn8e,2018-05-16 23:46:14,7,r/todayilearned,19,2018-05-17 03:48:44,0,1,5,0
8jzn8e,2018-05-16 23:46:14,7,r/todayilearned,19,2018-05-17 05:10:33,1,0,1,0
8jzn8e,2018-05-16 23:46:14,7,r/todayilearned,20,2018-05-17 04:17:59,0,0,4,0
8jzn8e,2018-05-16 23:46:14,7,r/todayilearned,21,2018-05-17 03:23:11,0,3,11,0
8jzn8e,2018-05-16 23:46:14,7,r/todayilearned,21,2018-05-17 04:08:32,1,0,4,0
8jzn8e,2018-05-16 23:46:14,7,r/todayilearned,21,2018-05-17 04:24:55,1,3,1,0
8jzn8e,2018-05-16 23:46:14,7,r/todayilearned,21,2018-05-17 04:32:07,2,0,1,0
8jzn8e,2018-05-16 23:46:14,7,r/todayilearned,21,2018-05-17 05:05:47,2,1,1,0
8jzn8e,2018-05-16 23:46:14,7,r/todayilearned,21,2018-05-17 05:13:14,3,0,1,0
8jzn8e,2018-05-16 23:46:14,7,r/todayilearned,21,2018-05-17 04:47:34,2,0,1,0
8jzn8e,2018-05-16 23:46:14,7,r/todayilearned,21,2018-05-17 05:15:44,1,0,1,0
8jzn8e,2018-05-16 23:46:14,7,r/todayilearned,22,2018-05-17 00:48:56,0,3,3,0
8jzn8e,2018-05-16 23:46:14,7,r/todayilearned,22,2018-05-17 03:12:34,1,1,3,0
8jzn8e,2018-05-16 23:46:14,7,r/todayilearned,22,2018-05-17 04:48:35,2,0,1,0
8jzn8e,2018-05-16 23:46:14,7,r/todayilearned,22,2018-05-17 05:08:22,1,0,1,0
8jzn8e,2018-05-16 23:46:14,7,r/todayilearned,22,2018-05-17 05:09:35,1,0,1,0
8jzn8e,2018-05-16 23:46:14,7,r/todayilearned,23,2018-05-17 04:37:55,0,0,1,0
8jzn8e,2018-05-16 23:46:14,7,r/todayilearned,24,2018-05-17 00:19:26,0,1,5,0
8jzn8e,2018-05-16 23:46:14,7,r/todayilearned,24,2018-05-17 03:10:02,1,3,3,0
8jzn8e,2018-05-16 23:46:14,7,r/todayilearned,24,2018-05-17 03:34:36,2,0,14,0
8jzn8e,2018-05-16 23:46:14,7,r/todayilearned,24,2018-05-17 05:06:13,2,0,1,0
8jzn8e,2018-05-16 23:46:14,7,r/todayilearned,24,2018-05-17 05:14:41,2,0,1,0
8jzn8e,2018-05-16 23:46:14,7,r/todayilearned,25,2018-05-17 02:58:25,0,0,2,0
8jzn8e,2018-05-16 23:46:14,7,r/todayilearned,26,2018-05-17 03:13:34,0,0,2,0
8jzn8e,2018-05-16 23:46:14,7,r/todayilearned,27,2018-05-17 04:05:32,0,0,2,0
8jzn8e,2018-05-16 23:46:14,7,r/todayilearned,28,2018-05-17 04:27:53,0,0,1,0
8jzn8e,2018-05-16 23:46:14,7,r/todayilearned,29,2018-05-17 04:28:38,0,1,1,0
8jzn8e,2018-05-16 23:46:14,7,r/todayilearned,29,2018-05-17 05:16:03,1,0,1,0
8jzn8e,2018-05-16 23:46:14,7,r/todayilearned,30,2018-05-17 04:29:35,0,0,1,0
8jzn8e,2018-05-16 23:46:14,7,r/todayilearned,31,2018-05-17 04:33:26,0,0,1,0
8jzn8e,2018-05-16 23:46:14,7,r/todayilearned,32,2018-05-17 04:39:00,0,0,1,0
8jzn8e,2018-05-16 23:46:14,7,r/todayilearned,33,2018-05-17 04:45:54,0,0,1,0
8jzn8e,2018-05-16 23:46:14,7,r/todayilearned,34,2018-05-17 04:58:46,0,0,1,0
8jzn8e,2018-05-16 23:46:14,7,r/todayilearned,35,2018-05-17 05:04:10,0,0,1,0
8jzn8e,2018-05-16 23:46:14,7,r/todayilearned,36,2018-05-17 03:47:26,0,0,2,0
8jzn8e,2018-05-16 23:46:14,7,r/todayilearned,37,2018-05-17 04:10:30,0,1,2,0
8jzn8e,2018-05-16 23:46:14,7,r/todayilearned,37,2018-05-17 04:49:17,1,0,1,0
8jzn8e,2018-05-16 23:46:14,7,r/todayilearned,38,2018-05-17 04:39:37,0,0,1,0
8jzn8e,2018-05-16 23:46:14,7,r/todayilearned,39,2018-05-17 03:20:51,0,0,1,0
8jzn8e,2018-05-16 23:46:14,7,r/todayilearned,40,2018-05-17 03:33:44,0,0,1,0
8jzn8e,2018-05-16 23:46:14,7,r/todayilearned,41,2018-05-17 03:37:27,0,0,1,0
8jzn8e,2018-05-16 23:46:14,7,r/todayilearned,42,2018-05-17 03:44:47,0,1,1,0
8jzn8e,2018-05-16 23:46:14,7,r/todayilearned,42,2018-05-17 04:06:12,1,0,1,0
8jzn8e,2018-05-16 23:46:14,7,r/todayilearned,43,2018-05-17 04:04:30,0,0,1,0
8jzn8e,2018-05-16 23:46:14,7,r/todayilearned,44,2018-05-17 04:10:28,0,0,1,0
8jzn8e,2018-05-16 23:46:14,7,r/todayilearned,45,2018-05-17 04:12:25,0,0,1,0
8jzn8e,2018-05-16 23:46:14,7,r/todayilearned,46,2018-05-17 04:12:40,0,0,1,0
8jzn8e,2018-05-16 23:46:14,7,r/todayilearned,47,2018-05-17 04:15:11,0,0,1,0
8jzn8e,2018-05-16 23:46:14,7,r/todayilearned,48,2018-05-17 04:24:09,0,0,1,0
8jzn8e,2018-05-16 23:46:14,7,r/todayilearned,49,2018-05-17 04:28:20,0,0,1,0
8jzn8e,2018-05-16 23:46:14,7,r/todayilearned,50,2018-05-17 04:28:44,0,0,1,0
8jzn8e,2018-05-16 23:46:14,7,r/todayilearned,51,2018-05-17 04:33:39,0,0,1,0
8jzn8e,2018-05-16 23:46:14,7,r/todayilearned,52,2018-05-17 04:46:16,0,0,1,0
8jzn8e,2018-05-16 23:46:14,7,r/todayilearned,53,2018-05-17 04:52:15,0,0,1,0
8jzn8e,2018-05-16 23:46:14,7,r/todayilearned,54,2018-05-17 04:53:24,0,0,1,0
8jzn8e,2018-05-16 23:46:14,7,r/todayilearned,55,2018-05-17 04:54:24,0,0,1,0
8jzn8e,2018-05-16 23:46:14,7,r/todayilearned,56,2018-05-17 04:54:26,0,0,1,0
8jzn8e,2018-05-16 23:46:14,7,r/todayilearned,57,2018-05-17 04:56:39,0,0,1,0
8jzn8e,2018-05-16 23:46:14,7,r/todayilearned,58,2018-05-17 04:56:54,0,0,1,0
8jzn8e,2018-05-16 23:46:14,7,r/todayilearned,59,2018-05-17 04:57:40,0,0,1,0
8jzn8e,2018-05-16 23:46:14,7,r/todayilearned,60,2018-05-17 05:02:10,0,0,1,0
8jzn8e,2018-05-16 23:46:14,7,r/todayilearned,61,2018-05-17 05:03:27,0,0,1,0
8jzn8e,2018-05-16 23:46:14,7,r/todayilearned,62,2018-05-17 05:06:17,0,0,1,0
8jzn8e,2018-05-16 23:46:14,7,r/todayilearned,63,2018-05-17 05:06:31,0,0,1,0
8jzn8e,2018-05-16 23:46:14,7,r/todayilearned,64,2018-05-17 05:07:18,0,0,1,0
8jzn8e,2018-05-16 23:46:14,7,r/todayilearned,65,2018-05-17 05:09:45,0,0,1,0
8jzn8e,2018-05-16 23:46:14,7,r/todayilearned,66,2018-05-17 05:10:08,0,0,1,0
8jzn8e,2018-05-16 23:46:14,7,r/todayilearned,67,2018-05-17 05:12:29,0,0,1,0
8jzn8e,2018-05-16 23:46:14,7,r/todayilearned,68,2018-05-17 05:12:54,0,0,1,0
8jzn8e,2018-05-16 23:46:14,7,r/todayilearned,69,2018-05-17 05:14:32,0,0,1,0
8jzn8e,2018-05-16 23:46:14,7,r/todayilearned,70,2018-05-17 05:16:22,0,0,1,0
8jzn8e,2018-05-16 23:46:14,7,r/todayilearned,71,2018-05-17 05:16:47,0,0,1,0
8jzn8e,2018-05-16 23:46:14,7,r/todayilearned,72,2018-05-17 05:18:40,0,0,1,0
8jzn8e,2018-05-16 23:46:14,7,r/todayilearned,73,2018-05-17 00:26:06,0,5,0,0
8jzn8e,2018-05-16 23:46:14,7,r/todayilearned,73,2018-05-17 02:42:47,1,0,5,0
8jzn8e,2018-05-16 23:46:14,7,r/todayilearned,73,2018-05-17 02:35:51,1,1,5,0
8jzn8e,2018-05-16 23:46:14,7,r/todayilearned,73,2018-05-17 04:12:15,2,1,0,0
8jzn8e,2018-05-16 23:46:14,7,r/todayilearned,73,2018-05-17 04:40:20,3,0,1,0
8jzn8e,2018-05-16 23:46:14,7,r/todayilearned,73,2018-05-17 03:17:48,1,1,2,0
8jzn8e,2018-05-16 23:46:14,7,r/todayilearned,73,2018-05-17 05:16:54,2,0,1,0
8jzn8e,2018-05-16 23:46:14,7,r/todayilearned,73,2018-05-17 05:15:28,1,0,1,0
8jzn8e,2018-05-16 23:46:14,7,r/todayilearned,73,2018-05-17 03:15:36,1,0,0,0
8jzn8e,2018-05-16 23:46:14,7,r/todayilearned,74,2018-05-17 00:34:25,0,0,0,0
8jzn8e,2018-05-16 23:46:14,7,r/todayilearned,75,2018-05-17 02:38:45,0,0,0,0
8jzn8e,2018-05-16 23:46:14,7,r/todayilearned,76,2018-05-17 03:25:58,0,1,0,0
8jzn8e,2018-05-16 23:46:14,7,r/todayilearned,76,2018-05-17 04:35:28,1,0,1,0
8jzn8e,2018-05-16 23:46:14,7,r/todayilearned,77,2018-05-17 04:33:05,0,0,1,0
8jzn8e,2018-05-16 23:46:14,7,r/todayilearned,78,2018-05-17 04:37:49,0,0,1,0
8jzn8e,2018-05-16 23:46:14,7,r/todayilearned,79,2018-05-17 04:56:50,0,0,1,0
8jzn8e,2018-05-16 23:46:14,7,r/todayilearned,80,2018-05-17 02:46:10,0,3,-1,0
8jzn8e,2018-05-16 23:46:14,7,r/todayilearned,80,2018-05-17 03:35:32,1,1,7,0
8jzn8e,2018-05-16 23:46:14,7,r/todayilearned,80,2018-05-17 03:55:13,2,1,5,0
8jzn8e,2018-05-16 23:46:14,7,r/todayilearned,80,2018-05-17 04:39:02,3,0,1,0
8jzn8e,2018-05-16 23:46:14,7,r/todayilearned,80,2018-05-17 04:29:49,1,0,1,0
8jzn8e,2018-05-16 23:46:14,7,r/todayilearned,80,2018-05-17 05:14:46,1,0,1,0
8jzn8e,2018-05-16 23:46:14,7,r/todayilearned,81,2018-05-17 02:29:29,0,0,-2,0
8jz7yq,2018-05-16 22:43:44,8,r/pics,0,2018-05-16 23:35:58,0,20,7431,0
8jz7yq,2018-05-16 22:43:44,8,r/pics,0,2018-05-16 23:58:03,1,7,4581,0
8jz7yq,2018-05-16 22:43:44,8,r/pics,0,2018-05-17 01:47:52,2,7,1150,0
8jz7yq,2018-05-16 22:43:44,8,r/pics,0,2018-05-17 01:49:00,3,6,714,0
8jz7yq,2018-05-16 22:43:44,8,r/pics,0,2018-05-17 01:59:47,4,3,592,0
8jz7yq,2018-05-16 22:43:44,8,r/pics,0,2018-05-17 02:09:17,5,3,103,0
8jz7yq,2018-05-16 22:43:44,8,r/pics,0,2018-05-17 02:57:03,6,2,56,0
8jz7yq,2018-05-16 22:43:44,8,r/pics,0,2018-05-17 03:31:15,7,1,5,0
8jz7yq,2018-05-16 22:43:44,8,r/pics,0,2018-05-17 03:50:17,8,1,3,0
8jz7yq,2018-05-16 22:43:44,8,r/pics,0,2018-05-17 03:56:57,9,1,2,0
8jz7yq,2018-05-16 22:43:44,8,r/pics,0,2018-05-17 03:17:29,6,2,9,0
8jz7yq,2018-05-16 22:43:44,8,r/pics,0,2018-05-17 03:40:12,7,2,6,0
8jz7yq,2018-05-16 22:43:44,8,r/pics,0,2018-05-17 03:52:10,8,0,6,0
8jz7yq,2018-05-16 22:43:44,8,r/pics,0,2018-05-17 02:21:07,5,2,12,0
8jz7yq,2018-05-16 22:43:44,8,r/pics,0,2018-05-17 02:47:49,6,3,6,0
8jz7yq,2018-05-16 22:43:44,8,r/pics,0,2018-05-17 02:56:26,7,1,5,0
8jz7yq,2018-05-16 22:43:44,8,r/pics,0,2018-05-17 03:06:59,8,1,4,0
8jz7yq,2018-05-16 22:43:44,8,r/pics,0,2018-05-17 03:03:59,7,0,3,0
8jz7yq,2018-05-16 22:43:44,8,r/pics,0,2018-05-17 03:09:50,7,0,2,0
8jz7yq,2018-05-16 22:43:44,8,r/pics,0,2018-05-17 01:57:09,4,3,90,0
8jz7yq,2018-05-16 22:43:44,8,r/pics,0,2018-05-17 02:26:22,5,3,35,0
8jz7yq,2018-05-16 22:43:44,8,r/pics,0,2018-05-17 02:41:05,6,1,65,0
8jz7yq,2018-05-16 22:43:44,8,r/pics,0,2018-05-17 02:43:06,6,0,2,0
8jz7yq,2018-05-16 22:43:44,8,r/pics,0,2018-05-17 03:50:04,5,0,6,0
8jz7yq,2018-05-16 22:43:44,8,r/pics,0,2018-05-17 02:59:54,5,2,3,0
8jz7yq,2018-05-16 22:43:44,8,r/pics,0,2018-05-17 03:44:32,6,1,3,0
8jz7yq,2018-05-16 22:43:44,8,r/pics,0,2018-05-17 02:22:51,4,2,48,0
8jz7yq,2018-05-16 22:43:44,8,r/pics,0,2018-05-17 03:12:35,5,3,27,0
8jz7yq,2018-05-16 22:43:44,8,r/pics,0,2018-05-17 03:20:11,6,0,3,0
8jz7yq,2018-05-16 22:43:44,8,r/pics,0,2018-05-17 03:20:07,6,0,4,0
8jz7yq,2018-05-16 22:43:44,8,r/pics,0,2018-05-17 02:00:37,4,0,8,0
8jz7yq,2018-05-16 22:43:44,8,r/pics,0,2018-05-17 01:53:52,4,4,14,0
8jz7yq,2018-05-16 22:43:44,8,r/pics,0,2018-05-17 01:57:30,5,1,24,0
8jz7yq,2018-05-16 22:43:44,8,r/pics,0,2018-05-17 02:05:49,6,1,19,0
8jz7yq,2018-05-16 22:43:44,8,r/pics,0,2018-05-17 02:52:48,5,0,2,0
8jz7yq,2018-05-16 22:43:44,8,r/pics,0,2018-05-17 02:58:38,5,0,2,0
8jz7yq,2018-05-16 22:43:44,8,r/pics,0,2018-05-17 02:24:43,3,2,69,0
8jz7yq,2018-05-16 22:43:44,8,r/pics,0,2018-05-17 03:03:27,4,1,7,0
8jz7yq,2018-05-16 22:43:44,8,r/pics,0,2018-05-17 02:03:01,3,3,42,0
8jz7yq,2018-05-16 22:43:44,8,r/pics,0,2018-05-17 02:45:40,4,2,31,0
8jz7yq,2018-05-16 22:43:44,8,r/pics,0,2018-05-17 02:57:12,5,0,4,0
8jz7yq,2018-05-16 22:43:44,8,r/pics,0,2018-05-17 02:33:18,4,1,18,0
8jz7yq,2018-05-16 22:43:44,8,r/pics,0,2018-05-17 02:47:40,5,1,3,0
8jz7yq,2018-05-16 22:43:44,8,r/pics,0,2018-05-17 03:01:36,6,1,2,0
8jz7yq,2018-05-16 22:43:44,8,r/pics,0,2018-05-17 02:42:16,4,1,32,0
8jz7yq,2018-05-16 22:43:44,8,r/pics,0,2018-05-17 02:21:02,3,2,25,0
8jz7yq,2018-05-16 22:43:44,8,r/pics,0,2018-05-17 02:26:53,4,2,47,0
8jz7yq,2018-05-16 22:43:44,8,r/pics,0,2018-05-17 02:28:34,5,2,26,0
8jz7yq,2018-05-16 22:43:44,8,r/pics,0,2018-05-17 02:44:25,6,1,12,0
8jz7yq,2018-05-16 22:43:44,8,r/pics,0,2018-05-17 02:42:02,4,0,5,0
8jz7yq,2018-05-16 22:43:44,8,r/pics,0,2018-05-17 02:49:34,3,0,2,0
8jz7yq,2018-05-16 22:43:44,8,r/pics,0,2018-05-17 03:19:53,3,0,2,0
8jz7yq,2018-05-16 22:43:44,8,r/pics,0,2018-05-17 02:13:22,2,1,61,0
8jz7yq,2018-05-16 22:43:44,8,r/pics,0,2018-05-17 02:13:14,2,3,62,0
8jz7yq,2018-05-16 22:43:44,8,r/pics,0,2018-05-17 02:35:54,3,4,12,0
8jz7yq,2018-05-16 22:43:44,8,r/pics,0,2018-05-17 03:21:44,4,1,8,0
8jz7yq,2018-05-16 22:43:44,8,r/pics,0,2018-05-17 04:03:30,5,1,3,0
8jz7yq,2018-05-16 22:43:44,8,r/pics,0,2018-05-17 03:23:30,4,1,3,0
8jz7yq,2018-05-16 22:43:44,8,r/pics,0,2018-05-17 04:21:20,4,0,1,0
8jz7yq,2018-05-16 22:43:44,8,r/pics,0,2018-05-17 02:44:55,3,1,6,0
8jz7yq,2018-05-16 22:43:44,8,r/pics,0,2018-05-17 03:28:40,4,0,3,0
8jz7yq,2018-05-16 22:43:44,8,r/pics,0,2018-05-17 02:35:32,3,1,2,0
8jz7yq,2018-05-16 22:43:44,8,r/pics,0,2018-05-17 03:36:20,2,0,5,0
8jz7yq,2018-05-16 22:43:44,8,r/pics,0,2018-05-17 03:41:10,2,0,5,0
8jz7yq,2018-05-16 22:43:44,8,r/pics,0,2018-05-17 02:41:05,2,0,2,0
8jz7yq,2018-05-16 22:43:44,8,r/pics,0,2018-05-17 02:03:35,1,10,184,0
8jz7yq,2018-05-16 22:43:44,8,r/pics,0,2018-05-17 02:21:16,2,0,69,0
8jz7yq,2018-05-16 22:43:44,8,r/pics,0,2018-05-17 02:27:02,2,1,30,0
8jz7yq,2018-05-16 22:43:44,8,r/pics,0,2018-05-17 02:13:46,2,0,37,0
8jz7yq,2018-05-16 22:43:44,8,r/pics,0,2018-05-17 02:50:07,2,0,10,0
8jz7yq,2018-05-16 22:43:44,8,r/pics,0,2018-05-17 03:49:27,2,0,7,0
8jz7yq,2018-05-16 22:43:44,8,r/pics,0,2018-05-17 02:07:12,2,0,6,0
8jz7yq,2018-05-16 22:43:44,8,r/pics,0,2018-05-17 02:38:35,2,0,6,0
8jz7yq,2018-05-16 22:43:44,8,r/pics,0,2018-05-17 03:06:35,2,0,4,0
8jz7yq,2018-05-16 22:43:44,8,r/pics,0,2018-05-17 03:08:55,2,0,2,0
8jz7yq,2018-05-16 22:43:44,8,r/pics,0,2018-05-17 03:44:02,2,0,2,0
8jz7yq,2018-05-16 22:43:44,8,r/pics,0,2018-05-17 01:38:31,1,4,595,0
8jz7yq,2018-05-16 22:43:44,8,r/pics,0,2018-05-17 01:59:18,2,0,93,0
8jz7yq,2018-05-16 22:43:44,8,r/pics,0,2018-05-17 02:43:42,2,1,43,0
8jz7yq,2018-05-16 22:43:44,8,r/pics,0,2018-05-17 02:53:13,3,1,7,0
8jz7yq,2018-05-16 22:43:44,8,r/pics,0,2018-05-17 03:35:37,4,1,4,0
8jz7yq,2018-05-16 22:43:44,8,r/pics,0,2018-05-17 03:36:57,5,1,5,0
8jz7yq,2018-05-16 22:43:44,8,r/pics,0,2018-05-17 02:38:05,2,1,66,0
8jz7yq,2018-05-16 22:43:44,8,r/pics,0,2018-05-17 03:07:23,3,0,39,0
8jz7yq,2018-05-16 22:43:44,8,r/pics,0,2018-05-17 04:22:28,2,0,1,0
8jz7yq,2018-05-16 22:43:44,8,r/pics,0,2018-05-17 00:54:00,1,1,86,0
8jz7yq,2018-05-16 22:43:44,8,r/pics,0,2018-05-17 00:59:25,2,1,30,0
8jz7yq,2018-05-16 22:43:44,8,r/pics,0,2018-05-17 01:43:25,3,2,22,0
8jz7yq,2018-05-16 22:43:44,8,r/pics,0,2018-05-17 01:50:06,4,2,15,0
8jz7yq,2018-05-16 22:43:44,8,r/pics,0,2018-05-17 02:32:23,5,0,13,0
8jz7yq,2018-05-16 22:43:44,8,r/pics,0,2018-05-17 02:44:29,1,1,29,0
8jz7yq,2018-05-16 22:43:44,8,r/pics,0,2018-05-17 02:34:42,1,0,22,0
8jz7yq,2018-05-16 22:43:44,8,r/pics,0,2018-05-17 02:04:27,1,2,18,0
8jz7yq,2018-05-16 22:43:44,8,r/pics,0,2018-05-17 02:54:24,2,0,7,0
8jz7yq,2018-05-16 22:43:44,8,r/pics,0,2018-05-17 03:38:20,2,1,3,0
8jz7yq,2018-05-16 22:43:44,8,r/pics,0,2018-05-17 04:29:26,3,0,1,0
8jz7yq,2018-05-16 22:43:44,8,r/pics,0,2018-05-17 02:19:14,1,0,17,0
8jz7yq,2018-05-16 22:43:44,8,r/pics,0,2018-05-17 01:59:28,1,1,17,0
8jz7yq,2018-05-16 22:43:44,8,r/pics,0,2018-05-17 02:30:36,2,2,20,0
8jz7yq,2018-05-16 22:43:44,8,r/pics,0,2018-05-17 02:31:23,3,1,7,0
8jz7yq,2018-05-16 22:43:44,8,r/pics,0,2018-05-17 02:37:47,3,0,3,0
8jz7yq,2018-05-16 22:43:44,8,r/pics,0,2018-05-17 02:47:42,1,0,12,0
8jz7yq,2018-05-16 22:43:44,8,r/pics,0,2018-05-17 02:38:54,1,0,6,0
8jz7yq,2018-05-16 22:43:44,8,r/pics,0,2018-05-17 02:40:43,1,1,6,0
8jz7yq,2018-05-16 22:43:44,8,r/pics,0,2018-05-17 02:28:07,1,0,4,0
8jz7yq,2018-05-16 22:43:44,8,r/pics,0,2018-05-17 03:26:48,1,0,3,0
8jz7yq,2018-05-16 22:43:44,8,r/pics,0,2018-05-17 02:29:21,1,0,2,0
8jz7yq,2018-05-16 22:43:44,8,r/pics,0,2018-05-17 02:37:05,1,0,2,0
8jz7yq,2018-05-16 22:43:44,8,r/pics,0,2018-05-17 02:41:56,1,0,2,0
8jz7yq,2018-05-16 22:43:44,8,r/pics,0,2018-05-17 02:50:56,1,0,2,0
8jz7yq,2018-05-16 22:43:44,8,r/pics,0,2018-05-17 03:13:32,1,0,2,0
8jz7yq,2018-05-16 22:43:44,8,r/pics,1,2018-05-16 23:18:31,0,18,3780,0
8jz7yq,2018-05-16 22:43:44,8,r/pics,1,2018-05-16 23:51:36,1,17,1829,0
8jz7yq,2018-05-16 22:43:44,8,r/pics,1,2018-05-17 02:14:02,2,10,732,0
8jz7yq,2018-05-16 22:43:44,8,r/pics,1,2018-05-17 02:26:10,3,5,229,0
8jz7yq,2018-05-16 22:43:44,8,r/pics,1,2018-05-17 02:30:00,4,4,286,0
8jz7yq,2018-05-16 22:43:44,8,r/pics,1,2018-05-17 03:30:58,5,3,155,0
8jz7yq,2018-05-16 22:43:44,8,r/pics,1,2018-05-17 03:45:00,6,0,19,0
8jz7yq,2018-05-16 22:43:44,8,r/pics,1,2018-05-17 03:43:52,6,0,6,0
8jz7yq,2018-05-16 22:43:44,8,r/pics,1,2018-05-17 03:51:40,5,1,3,0
8jz7yq,2018-05-16 22:43:44,8,r/pics,1,2018-05-17 03:57:50,5,0,3,0
8jz7yq,2018-05-16 22:43:44,8,r/pics,1,2018-05-17 03:12:53,4,1,6,0
8jz7yq,2018-05-16 22:43:44,8,r/pics,1,2018-05-17 03:45:57,5,0,2,0
8jz7yq,2018-05-16 22:43:44,8,r/pics,1,2018-05-17 02:29:14,4,1,6,0
8jz7yq,2018-05-16 22:43:44,8,r/pics,1,2018-05-17 03:22:59,5,0,8,0
8jz7yq,2018-05-16 22:43:44,8,r/pics,1,2018-05-17 02:57:59,4,0,2,0
8jz7yq,2018-05-16 22:43:44,8,r/pics,1,2018-05-17 02:39:02,3,0,16,0
8jz7yq,2018-05-16 22:43:44,8,r/pics,1,2018-05-17 03:31:47,3,0,4,0
8jz7yq,2018-05-16 22:43:44,8,r/pics,1,2018-05-17 02:51:11,3,0,3,0
8jz7yq,2018-05-16 22:43:44,8,r/pics,1,2018-05-17 03:12:07,3,0,3,0
8jz7yq,2018-05-16 22:43:44,8,r/pics,1,2018-05-17 02:54:59,3,3,14,0
8jz7yq,2018-05-16 22:43:44,8,r/pics,1,2018-05-17 03:04:54,4,0,11,0
8jz7yq,2018-05-16 22:43:44,8,r/pics,1,2018-05-17 04:30:55,4,0,1,0
8jz7yq,2018-05-16 22:43:44,8,r/pics,1,2018-05-17 03:08:26,3,0,2,0
8jz7yq,2018-05-16 22:43:44,8,r/pics,1,2018-05-17 03:26:27,3,1,2,0
8jz7yq,2018-05-16 22:43:44,8,r/pics,1,2018-05-17 03:46:49,4,1,5,0
8jz7yq,2018-05-16 22:43:44,8,r/pics,1,2018-05-17 03:51:36,5,0,5,0
8jz7yq,2018-05-16 22:43:44,8,r/pics,1,2018-05-17 03:54:37,3,0,2,0
8jz7yq,2018-05-16 22:43:44,8,r/pics,1,2018-05-17 00:43:52,2,6,509,0
8jz7yq,2018-05-16 22:43:44,8,r/pics,1,2018-05-17 01:30:19,3,2,131,0
8jz7yq,2018-05-16 22:43:44,8,r/pics,1,2018-05-17 02:00:35,4,2,151,0
8jz7yq,2018-05-16 22:43:44,8,r/pics,1,2018-05-17 02:42:33,5,1,27,0
8jz7yq,2018-05-16 22:43:44,8,r/pics,1,2018-05-17 02:51:14,6,0,7,0
8jz7yq,2018-05-16 22:43:44,8,r/pics,1,2018-05-17 02:33:16,5,9,91,0
8jz7yq,2018-05-16 22:43:44,8,r/pics,1,2018-05-17 02:38:38,6,2,30,0
8jz7yq,2018-05-16 22:43:44,8,r/pics,1,2018-05-17 02:55:26,7,1,2,0
8jz7yq,2018-05-16 22:43:44,8,r/pics,1,2018-05-17 03:28:13,8,0,4,0
8jz7yq,2018-05-16 22:43:44,8,r/pics,1,2018-05-17 02:39:50,6,1,19,0
8jz7yq,2018-05-16 22:43:44,8,r/pics,1,2018-05-17 02:54:58,7,3,40,0
8jz7yq,2018-05-16 22:43:44,8,r/pics,1,2018-05-17 03:02:26,8,1,5,0
8jz7yq,2018-05-16 22:43:44,8,r/pics,1,2018-05-17 03:13:39,8,1,3,0
8jz7yq,2018-05-16 22:43:44,8,r/pics,1,2018-05-17 02:40:55,6,2,27,0
8jz7yq,2018-05-16 22:43:44,8,r/pics,1,2018-05-17 02:58:47,7,0,8,0
8jz7yq,2018-05-16 22:43:44,8,r/pics,1,2018-05-17 02:38:56,6,2,31,0
8jz7yq,2018-05-16 22:43:44,8,r/pics,1,2018-05-17 02:42:59,7,2,47,0
8jz7yq,2018-05-16 22:43:44,8,r/pics,1,2018-05-17 02:45:17,8,2,21,0
8jz7yq,2018-05-16 22:43:44,8,r/pics,1,2018-05-17 04:27:47,9,1,1,0
8jz7yq,2018-05-16 22:43:44,8,r/pics,1,2018-05-17 03:14:58,9,1,3,0
8jz7yq,2018-05-16 22:43:44,8,r/pics,1,2018-05-17 02:51:36,7,1,2,0
8jz7yq,2018-05-16 22:43:44,8,r/pics,1,2018-05-17 03:38:19,8,1,6,0
8jz7yq,2018-05-16 22:43:44,8,r/pics,1,2018-05-17 03:03:26,6,0,8,0
8jz7yq,2018-05-16 22:43:44,8,r/pics,1,2018-05-17 02:47:16,6,1,4,0
8jz7yq,2018-05-16 22:43:44,8,r/pics,1,2018-05-17 02:59:16,7,0,5,0
8jz7yq,2018-05-16 22:43:44,8,r/pics,1,2018-05-17 03:01:43,6,0,3,0
8jz7yq,2018-05-16 22:43:44,8,r/pics,1,2018-05-17 03:25:30,6,1,3,0
8jz7yq,2018-05-16 22:43:44,8,r/pics,1,2018-05-17 02:25:53,4,5,69,0
8jz7yq,2018-05-16 22:43:44,8,r/pics,1,2018-05-17 02:42:11,5,1,16,0
8jz7yq,2018-05-16 22:43:44,8,r/pics,1,2018-05-17 02:35:26,5,1,26,0
8jz7yq,2018-05-16 22:43:44,8,r/pics,1,2018-05-17 03:17:24,6,0,9,0
8jz7yq,2018-05-16 22:43:44,8,r/pics,1,2018-05-17 03:21:13,5,0,3,0
8jz7yq,2018-05-16 22:43:44,8,r/pics,1,2018-05-17 03:12:45,5,1,2,0
8jz7yq,2018-05-16 22:43:44,8,r/pics,1,2018-05-17 03:34:04,6,1,5,0
8jz7yq,2018-05-16 22:43:44,8,r/pics,1,2018-05-17 03:55:48,7,1,3,0
8jz7yq,2018-05-16 22:43:44,8,r/pics,1,2018-05-17 01:47:32,3,2,23,0
8jz7yq,2018-05-16 22:43:44,8,r/pics,1,2018-05-17 01:50:28,4,2,62,0
8jz7yq,2018-05-16 22:43:44,8,r/pics,1,2018-05-17 02:20:25,5,1,81,0
8jz7yq,2018-05-16 22:43:44,8,r/pics,1,2018-05-17 02:33:17,6,1,21,0
8jz7yq,2018-05-16 22:43:44,8,r/pics,1,2018-05-17 02:37:00,4,0,4,0
8jz7yq,2018-05-16 22:43:44,8,r/pics,1,2018-05-17 02:42:49,3,1,3,0
8jz7yq,2018-05-16 22:43:44,8,r/pics,1,2018-05-17 03:15:14,4,2,2,0
8jz7yq,2018-05-16 22:43:44,8,r/pics,1,2018-05-17 03:19:56,5,0,2,0
8jz7yq,2018-05-16 22:43:44,8,r/pics,1,2018-05-17 03:13:59,3,0,4,0
8jz7yq,2018-05-16 22:43:44,8,r/pics,1,2018-05-17 02:44:47,3,0,3,0
8jz7yq,2018-05-16 22:43:44,8,r/pics,1,2018-05-17 02:03:33,2,3,30,0
8jz7yq,2018-05-16 22:43:44,8,r/pics,1,2018-05-17 02:08:57,3,1,111,0
8jz7yq,2018-05-16 22:43:44,8,r/pics,1,2018-05-17 02:17:26,3,0,27,0
8jz7yq,2018-05-16 22:43:44,8,r/pics,1,2018-05-17 02:12:14,2,2,24,0
8jz7yq,2018-05-16 22:43:44,8,r/pics,1,2018-05-17 02:30:25,3,0,27,0
8jz7yq,2018-05-16 22:43:44,8,r/pics,1,2018-05-17 03:15:55,3,0,5,0
8jz7yq,2018-05-16 22:43:44,8,r/pics,1,2018-05-17 01:26:30,2,2,41,0
8jz7yq,2018-05-16 22:43:44,8,r/pics,1,2018-05-17 03:32:03,3,0,6,0
8jz7yq,2018-05-16 22:43:44,8,r/pics,1,2018-05-17 01:42:07,2,0,14,0
8jz7yq,2018-05-16 22:43:44,8,r/pics,1,2018-05-17 01:27:00,2,2,46,0
8jz7yq,2018-05-16 22:43:44,8,r/pics,1,2018-05-17 02:50:58,3,3,29,0
8jz7yq,2018-05-16 22:43:44,8,r/pics,1,2018-05-17 03:02:30,4,1,24,0
8jz7yq,2018-05-16 22:43:44,8,r/pics,1,2018-05-17 03:55:19,5,0,3,0
8jz7yq,2018-05-16 22:43:44,8,r/pics,1,2018-05-17 03:49:05,4,1,8,0
8jz7yq,2018-05-16 22:43:44,8,r/pics,1,2018-05-17 03:55:08,5,0,6,0
8jz7yq,2018-05-16 22:43:44,8,r/pics,1,2018-05-17 02:14:32,3,0,23,0
8jz7yq,2018-05-16 22:43:44,8,r/pics,1,2018-05-17 02:35:29,2,4,10,0
8jz7yq,2018-05-16 22:43:44,8,r/pics,1,2018-05-17 02:49:19,3,0,26,0
8jz7yq,2018-05-16 22:43:44,8,r/pics,1,2018-05-17 02:49:08,3,0,8,0
8jz7yq,2018-05-16 22:43:44,8,r/pics,1,2018-05-17 02:57:42,3,0,13,0
8jz7yq,2018-05-16 22:43:44,8,r/pics,1,2018-05-17 02:28:47,2,0,4,0
8jz7yq,2018-05-16 22:43:44,8,r/pics,1,2018-05-17 04:10:31,2,1,3,0
8jz7yq,2018-05-16 22:43:44,8,r/pics,1,2018-05-17 02:53:40,2,0,2,0
8jz7yq,2018-05-16 22:43:44,8,r/pics,1,2018-05-17 02:59:48,2,1,2,0
8jz7yq,2018-05-16 22:43:44,8,r/pics,1,2018-05-17 03:11:09,2,0,2,0
8jz7yq,2018-05-16 22:43:44,8,r/pics,1,2018-05-17 03:25:04,2,0,2,0
8jz7yq,2018-05-16 22:43:44,8,r/pics,1,2018-05-17 03:25:38,2,0,2,0
8jz7yq,2018-05-16 22:43:44,8,r/pics,1,2018-05-17 03:39:14,2,0,2,0
8jz7yq,2018-05-16 22:43:44,8,r/pics,1,2018-05-17 02:00:42,1,2,260,0
8jz7yq,2018-05-16 22:43:44,8,r/pics,1,2018-05-17 02:06:19,2,2,39,0
8jz7yq,2018-05-16 22:43:44,8,r/pics,1,2018-05-17 02:10:14,3,0,16,0
8jz7yq,2018-05-16 22:43:44,8,r/pics,1,2018-05-17 01:27:32,1,1,301,0
8jz7yq,2018-05-16 22:43:44,8,r/pics,1,2018-05-17 02:28:06,1,2,42,0
8jz7yq,2018-05-16 22:43:44,8,r/pics,1,2018-05-17 03:19:42,2,1,50,0
8jz7yq,2018-05-16 22:43:44,8,r/pics,1,2018-05-17 03:46:30,3,2,38,0
8jz7yq,2018-05-16 22:43:44,8,r/pics,1,2018-05-17 04:25:43,4,0,1,0
8jz7yq,2018-05-16 22:43:44,8,r/pics,1,2018-05-17 04:05:53,4,0,4,0
8jz7yq,2018-05-16 22:43:44,8,r/pics,1,2018-05-17 03:12:23,2,1,20,0
8jz7yq,2018-05-16 22:43:44,8,r/pics,1,2018-05-17 03:18:24,3,0,9,0
8jz7yq,2018-05-16 22:43:44,8,r/pics,1,2018-05-17 01:29:33,1,0,14,0
8jz7yq,2018-05-16 22:43:44,8,r/pics,1,2018-05-17 02:31:16,1,0,19,0
8jz7yq,2018-05-16 22:43:44,8,r/pics,1,2018-05-17 02:35:02,1,0,5,0
8jz7yq,2018-05-16 22:43:44,8,r/pics,1,2018-05-17 02:08:00,1,1,41,0
8jz7yq,2018-05-16 22:43:44,8,r/pics,1,2018-05-17 02:55:01,1,0,6,0
8jz7yq,2018-05-16 22:43:44,8,r/pics,1,2018-05-17 02:48:30,1,0,3,0
8jz7yq,2018-05-16 22:43:44,8,r/pics,1,2018-05-17 02:53:22,1,0,3,0
8jz7yq,2018-05-16 22:43:44,8,r/pics,1,2018-05-17 02:52:04,1,0,2,0
8jz7yq,2018-05-16 22:43:44,8,r/pics,1,2018-05-17 02:59:01,1,0,2,0
8jz7yq,2018-05-16 22:43:44,8,r/pics,1,2018-05-17 03:11:22,1,1,2,0
8jz7yq,2018-05-16 22:43:44,8,r/pics,1,2018-05-17 03:29:31,1,0,2,0
8jz7yq,2018-05-16 22:43:44,8,r/pics,1,2018-05-17 03:49:32,1,0,2,0
8jz7yq,2018-05-16 22:43:44,8,r/pics,1,2018-05-17 03:56:50,1,0,2,0
8jz7yq,2018-05-16 22:43:44,8,r/pics,2,2018-05-17 00:25:46,0,7,684,0
8jz7yq,2018-05-16 22:43:44,8,r/pics,2,2018-05-17 03:04:05,1,6,326,0
8jz7yq,2018-05-16 22:43:44,8,r/pics,2,2018-05-17 03:44:58,2,2,87,0
8jz7yq,2018-05-16 22:43:44,8,r/pics,2,2018-05-17 04:15:36,3,2,40,0
8jz7yq,2018-05-16 22:43:44,8,r/pics,2,2018-05-17 04:21:41,4,2,1,0
8jz7yq,2018-05-16 22:43:44,8,r/pics,2,2018-05-17 04:35:22,5,0,1,0
8jz7yq,2018-05-16 22:43:44,8,r/pics,2,2018-05-17 04:35:10,4,1,1,0
8jz7yq,2018-05-16 22:43:44,8,r/pics,2,2018-05-17 03:09:06,2,1,22,0
8jz7yq,2018-05-16 22:43:44,8,r/pics,2,2018-05-17 04:11:53,3,2,13,0
8jz7yq,2018-05-16 22:43:44,8,r/pics,2,2018-05-17 04:29:38,4,1,1,0
8jz7yq,2018-05-16 22:43:44,8,r/pics,2,2018-05-17 04:30:19,4,0,1,0
8jz7yq,2018-05-16 22:43:44,8,r/pics,2,2018-05-17 03:53:53,2,0,7,0
8jz7yq,2018-05-16 22:43:44,8,r/pics,2,2018-05-17 03:49:08,2,0,11,0
8jz7yq,2018-05-16 22:43:44,8,r/pics,2,2018-05-17 03:46:25,2,1,3,0
8jz7yq,2018-05-16 22:43:44,8,r/pics,2,2018-05-17 04:10:32,3,1,3,0
8jz7yq,2018-05-16 22:43:44,8,r/pics,2,2018-05-17 02:56:00,1,1,19,0
8jz7yq,2018-05-16 22:43:44,8,r/pics,2,2018-05-17 01:57:27,1,3,55,0
8jz7yq,2018-05-16 22:43:44,8,r/pics,2,2018-05-17 02:06:36,2,3,45,0
8jz7yq,2018-05-16 22:43:44,8,r/pics,2,2018-05-17 02:12:00,3,0,30,0
8jz7yq,2018-05-16 22:43:44,8,r/pics,2,2018-05-17 02:13:54,3,2,25,0
8jz7yq,2018-05-16 22:43:44,8,r/pics,2,2018-05-17 02:30:34,4,1,25,0
8jz7yq,2018-05-16 22:43:44,8,r/pics,2,2018-05-17 04:19:38,5,0,4,0
8jz7yq,2018-05-16 22:43:44,8,r/pics,2,2018-05-17 02:44:28,3,1,3,0
8jz7yq,2018-05-16 22:43:44,8,r/pics,2,2018-05-17 02:13:03,2,2,40,0
8jz7yq,2018-05-16 22:43:44,8,r/pics,2,2018-05-17 03:22:09,3,0,9,0
8jz7yq,2018-05-16 22:43:44,8,r/pics,2,2018-05-17 02:34:08,3,0,15,0
8jz7yq,2018-05-16 22:43:44,8,r/pics,2,2018-05-17 03:21:18,1,0,4,0
8jz7yq,2018-05-16 22:43:44,8,r/pics,2,2018-05-17 03:31:02,1,0,4,0
8jz7yq,2018-05-16 22:43:44,8,r/pics,2,2018-05-17 02:51:16,1,0,7,0
8jz7yq,2018-05-16 22:43:44,8,r/pics,3,2018-05-17 00:17:10,0,4,434,0
8jz7yq,2018-05-16 22:43:44,8,r/pics,3,2018-05-17 01:17:58,1,16,723,0
8jz7yq,2018-05-16 22:43:44,8,r/pics,3,2018-05-17 01:28:51,2,10,784,0
8jz7yq,2018-05-16 22:43:44,8,r/pics,3,2018-05-17 01:35:03,3,4,322,0
8jz7yq,2018-05-16 22:43:44,8,r/pics,3,2018-05-17 01:51:13,4,4,172,0
8jz7yq,2018-05-16 22:43:44,8,r/pics,3,2018-05-17 01:55:38,5,4,91,0
8jz7yq,2018-05-16 22:43:44,8,r/pics,3,2018-05-17 01:58:47,6,3,118,0
8jz7yq,2018-05-16 22:43:44,8,r/pics,3,2018-05-17 02:42:53,7,2,47,0
8jz7yq,2018-05-16 22:43:44,8,r/pics,3,2018-05-17 03:57:54,8,0,11,0
8jz7yq,2018-05-16 22:43:44,8,r/pics,3,2018-05-17 03:36:06,7,0,2,0
8jz7yq,2018-05-16 22:43:44,8,r/pics,3,2018-05-17 02:40:34,6,1,25,0
8jz7yq,2018-05-16 22:43:44,8,r/pics,3,2018-05-17 02:48:04,6,0,3,0
8jz7yq,2018-05-16 22:43:44,8,r/pics,3,2018-05-17 04:22:58,5,0,1,0
8jz7yq,2018-05-16 22:43:44,8,r/pics,3,2018-05-17 03:49:26,5,1,3,0
8jz7yq,2018-05-16 22:43:44,8,r/pics,3,2018-05-17 02:34:57,4,1,26,0
8jz7yq,2018-05-16 22:43:44,8,r/pics,3,2018-05-17 03:38:36,5,0,2,0
8jz7yq,2018-05-16 22:43:44,8,r/pics,3,2018-05-17 03:02:50,4,0,13,0
8jz7yq,2018-05-16 22:43:44,8,r/pics,3,2018-05-17 03:55:59,4,0,2,0
8jz7yq,2018-05-16 22:43:44,8,r/pics,3,2018-05-17 02:58:44,3,0,57,0
8jz7yq,2018-05-16 22:43:44,8,r/pics,3,2018-05-17 01:58:24,3,1,139,0
8jz7yq,2018-05-16 22:43:44,8,r/pics,3,2018-05-17 03:40:42,4,2,8,0
8jz7yq,2018-05-16 22:43:44,8,r/pics,3,2018-05-17 04:22:35,5,2,1,0
8jz7yq,2018-05-16 22:43:44,8,r/pics,3,2018-05-17 04:26:20,6,0,1,0
8jz7yq,2018-05-16 22:43:44,8,r/pics,3,2018-05-17 04:20:32,5,1,1,0
8jz7yq,2018-05-16 22:43:44,8,r/pics,3,2018-05-17 02:48:41,3,1,38,0
8jz7yq,2018-05-16 22:43:44,8,r/pics,3,2018-05-17 03:48:57,4,0,7,0
8jz7yq,2018-05-16 22:43:44,8,r/pics,3,2018-05-17 01:58:20,3,3,193,0
8jz7yq,2018-05-16 22:43:44,8,r/pics,3,2018-05-17 03:17:35,4,2,55,0
8jz7yq,2018-05-16 22:43:44,8,r/pics,3,2018-05-17 04:36:38,5,0,1,0
8jz7yq,2018-05-16 22:43:44,8,r/pics,3,2018-05-17 03:40:56,4,1,13,0
8jz7yq,2018-05-16 22:43:44,8,r/pics,3,2018-05-17 03:04:23,3,0,29,0
8jz7yq,2018-05-16 22:43:44,8,r/pics,3,2018-05-17 04:01:39,3,1,7,0
8jz7yq,2018-05-16 22:43:44,8,r/pics,3,2018-05-17 04:16:41,4,0,3,0
8jz7yq,2018-05-16 22:43:44,8,r/pics,3,2018-05-17 02:42:35,3,1,38,0
8jz7yq,2018-05-16 22:43:44,8,r/pics,3,2018-05-17 03:13:12,3,1,7,0
8jz7yq,2018-05-16 22:43:44,8,r/pics,3,2018-05-17 03:52:30,4,0,11,0
8jz7yq,2018-05-16 22:43:44,8,r/pics,3,2018-05-17 02:05:39,2,2,98,0
8jz7yq,2018-05-16 22:43:44,8,r/pics,3,2018-05-17 02:49:34,3,2,35,0
8jz7yq,2018-05-16 22:43:44,8,r/pics,3,2018-05-17 03:32:02,4,0,2,0
8jz7yq,2018-05-16 22:43:44,8,r/pics,3,2018-05-17 03:16:27,3,0,7,0
8jz7yq,2018-05-16 22:43:44,8,r/pics,3,2018-05-17 02:24:30,2,4,41,0
8jz7yq,2018-05-16 22:43:44,8,r/pics,3,2018-05-17 03:17:17,3,1,19,0
8jz7yq,2018-05-16 22:43:44,8,r/pics,3,2018-05-17 03:02:58,3,0,3,0
8jz7yq,2018-05-16 22:43:44,8,r/pics,3,2018-05-17 03:18:35,3,0,4,0
8jz7yq,2018-05-16 22:43:44,8,r/pics,3,2018-05-17 03:53:15,3,0,2,0
8jz7yq,2018-05-16 22:43:44,8,r/pics,3,2018-05-17 02:20:49,2,1,24,0
8jz7yq,2018-05-16 22:43:44,8,r/pics,3,2018-05-17 03:17:29,3,0,5,0
8jz7yq,2018-05-16 22:43:44,8,r/pics,3,2018-05-17 02:25:15,2,0,22,0
8jz7yq,2018-05-16 22:43:44,8,r/pics,3,2018-05-17 02:34:35,2,2,78,0
8jz7yq,2018-05-16 22:43:44,8,r/pics,3,2018-05-17 04:39:28,3,0,1,0
8jz7yq,2018-05-16 22:43:44,8,r/pics,3,2018-05-17 01:59:15,2,2,58,0
8jz7yq,2018-05-16 22:43:44,8,r/pics,3,2018-05-17 04:13:31,3,0,7,0
8jz7yq,2018-05-16 22:43:44,8,r/pics,3,2018-05-17 03:54:44,2,0,11,0
8jz7yq,2018-05-16 22:43:44,8,r/pics,3,2018-05-17 01:59:54,2,0,17,0
8jz7yq,2018-05-16 22:43:44,8,r/pics,3,2018-05-17 03:31:31,2,1,9,0
8jz7yq,2018-05-16 22:43:44,8,r/pics,3,2018-05-17 04:41:32,2,0,1,0
8jz7yq,2018-05-16 22:43:44,8,r/pics,3,2018-05-17 02:09:23,2,1,9,0
8jz7yq,2018-05-16 22:43:44,8,r/pics,3,2018-05-17 04:09:29,2,1,6,0
8jz7yq,2018-05-16 22:43:44,8,r/pics,3,2018-05-17 04:23:26,3,0,1,0
8jz7yq,2018-05-16 22:43:44,8,r/pics,3,2018-05-17 03:13:38,2,1,3,0
8jz7yq,2018-05-16 22:43:44,8,r/pics,3,2018-05-17 03:17:37,3,1,6,0
8jz7yq,2018-05-16 22:43:44,8,r/pics,3,2018-05-17 03:55:25,4,0,2,0
8jz7yq,2018-05-16 22:43:44,8,r/pics,3,2018-05-17 03:45:44,2,1,2,0
8jz7yq,2018-05-16 22:43:44,8,r/pics,3,2018-05-17 03:57:50,3,0,6,0
8jz7yq,2018-05-16 22:43:44,8,r/pics,3,2018-05-17 01:51:10,1,2,48,0
8jz7yq,2018-05-16 22:43:44,8,r/pics,3,2018-05-17 02:00:15,2,0,52,0
8jz7yq,2018-05-16 22:43:44,8,r/pics,3,2018-05-17 03:22:42,2,1,3,0
8jz7yq,2018-05-16 22:43:44,8,r/pics,3,2018-05-17 03:47:37,3,1,8,0
8jz7yq,2018-05-16 22:43:44,8,r/pics,3,2018-05-17 03:56:12,4,0,3,0
8jz7yq,2018-05-16 22:43:44,8,r/pics,3,2018-05-17 04:18:40,1,0,7,0
8jz7yq,2018-05-16 22:43:44,8,r/pics,4,2018-05-16 23:44:07,0,3,1101,0
8jz7yq,2018-05-16 22:43:44,8,r/pics,4,2018-05-17 02:41:45,1,2,86,0
8jz7yq,2018-05-16 22:43:44,8,r/pics,4,2018-05-17 02:53:11,2,1,9,0
8jz7yq,2018-05-16 22:43:44,8,r/pics,4,2018-05-17 03:43:23,3,0,4,0
8jz7yq,2018-05-16 22:43:44,8,r/pics,4,2018-05-17 02:51:48,2,0,10,0
8jz7yq,2018-05-16 22:43:44,8,r/pics,4,2018-05-17 02:43:19,1,0,11,0
8jz7yq,2018-05-16 22:43:44,8,r/pics,5,2018-05-17 01:58:02,0,2,154,0
8jz7yq,2018-05-16 22:43:44,8,r/pics,5,2018-05-17 04:44:11,1,1,1,0
8jz7yq,2018-05-16 22:43:44,8,r/pics,5,2018-05-17 04:44:40,2,0,1,0
8jz7yq,2018-05-16 22:43:44,8,r/pics,5,2018-05-17 04:50:24,1,2,1,0
8jz7yq,2018-05-16 22:43:44,8,r/pics,5,2018-05-17 05:03:40,2,1,1,0
8jz7yq,2018-05-16 22:43:44,8,r/pics,6,2018-05-17 01:38:56,0,12,344,0
8jz7yq,2018-05-16 22:43:44,8,r/pics,6,2018-05-17 02:07:34,1,3,135,0
8jz7yq,2018-05-16 22:43:44,8,r/pics,6,2018-05-17 02:45:54,2,1,40,0
8jz7yq,2018-05-16 22:43:44,8,r/pics,6,2018-05-17 04:16:03,3,0,4,0
8jz7yq,2018-05-16 22:43:44,8,r/pics,6,2018-05-17 03:28:57,2,0,12,0
8jz7yq,2018-05-16 22:43:44,8,r/pics,6,2018-05-17 02:44:46,1,3,20,0
8jz7yq,2018-05-16 22:43:44,8,r/pics,6,2018-05-17 02:55:39,2,1,23,0
8jz7yq,2018-05-16 22:43:44,8,r/pics,6,2018-05-17 03:04:23,2,0,2,0
8jz7yq,2018-05-16 22:43:44,8,r/pics,6,2018-05-17 03:05:10,1,2,19,0
8jz7yq,2018-05-16 22:43:44,8,r/pics,6,2018-05-17 03:58:43,2,0,3,0
8jz7yq,2018-05-16 22:43:44,8,r/pics,6,2018-05-17 02:41:14,1,1,6,0
8jz7yq,2018-05-16 22:43:44,8,r/pics,6,2018-05-17 02:47:00,2,1,11,0
8jz7yq,2018-05-16 22:43:44,8,r/pics,6,2018-05-17 03:15:57,3,0,3,0
8jz7yq,2018-05-16 22:43:44,8,r/pics,6,2018-05-17 03:09:41,1,0,6,0
8jz7yq,2018-05-16 22:43:44,8,r/pics,6,2018-05-17 02:37:55,1,1,13,0
8jz7yq,2018-05-16 22:43:44,8,r/pics,6,2018-05-17 03:45:28,2,1,3,0
8jz7yq,2018-05-16 22:43:44,8,r/pics,6,2018-05-17 03:58:54,3,1,3,0
8jz7yq,2018-05-16 22:43:44,8,r/pics,6,2018-05-17 02:35:55,1,0,2,0
8jz7yq,2018-05-16 22:43:44,8,r/pics,6,2018-05-17 02:43:17,1,1,2,0
8jz7yq,2018-05-16 22:43:44,8,r/pics,6,2018-05-17 03:22:50,1,0,2,0
8jz7yq,2018-05-16 22:43:44,8,r/pics,6,2018-05-17 03:27:21,1,0,2,0
8jz7yq,2018-05-16 22:43:44,8,r/pics,6,2018-05-17 03:58:25,1,1,2,0
8jz7yq,2018-05-16 22:43:44,8,r/pics,7,2018-05-16 23:01:04,0,8,2706,1
8jz7yq,2018-05-16 22:43:44,8,r/pics,7,2018-05-16 23:19:44,1,3,308,0
8jz7yq,2018-05-16 22:43:44,8,r/pics,7,2018-05-17 01:13:30,2,2,181,0
8jz7yq,2018-05-16 22:43:44,8,r/pics,7,2018-05-17 02:39:55,3,2,81,0
8jz7yq,2018-05-16 22:43:44,8,r/pics,7,2018-05-17 03:14:50,4,1,6,0
8jz7yq,2018-05-16 22:43:44,8,r/pics,7,2018-05-17 02:43:36,2,2,31,0
8jz7yq,2018-05-16 22:43:44,8,r/pics,7,2018-05-17 02:49:44,3,0,3,0
8jz7yq,2018-05-16 22:43:44,8,r/pics,7,2018-05-16 23:48:45,1,2,49,0
8jz7yq,2018-05-16 22:43:44,8,r/pics,7,2018-05-17 03:08:15,2,0,9,0
8jz7yq,2018-05-16 22:43:44,8,r/pics,7,2018-05-17 03:38:11,2,0,2,0
8jz7yq,2018-05-16 22:43:44,8,r/pics,7,2018-05-17 02:11:37,1,1,20,0
8jz7yq,2018-05-16 22:43:44,8,r/pics,7,2018-05-17 01:59:47,1,1,11,0
8jz7yq,2018-05-16 22:43:44,8,r/pics,7,2018-05-17 02:03:53,2,1,11,0
8jz7yq,2018-05-16 22:43:44,8,r/pics,7,2018-05-17 02:06:56,1,0,10,0
8jz7yq,2018-05-16 22:43:44,8,r/pics,7,2018-05-17 02:46:54,1,0,3,0
8jz7yq,2018-05-16 22:43:44,8,r/pics,7,2018-05-17 02:03:38,1,1,11,0
8jz7yq,2018-05-16 22:43:44,8,r/pics,8,2018-05-16 23:21:20,0,8,638,0
8jz7yq,2018-05-16 22:43:44,8,r/pics,8,2018-05-17 00:42:42,1,1,181,0
8jz7yq,2018-05-16 22:43:44,8,r/pics,8,2018-05-17 01:24:43,2,3,231,0
8jz7yq,2018-05-16 22:43:44,8,r/pics,8,2018-05-17 03:04:33,3,1,27,0
8jz7yq,2018-05-16 22:43:44,8,r/pics,8,2018-05-17 04:09:25,4,0,11,0
8jz7yq,2018-05-16 22:43:44,8,r/pics,8,2018-05-17 02:43:11,3,2,6,0
8jz7yq,2018-05-16 22:43:44,8,r/pics,8,2018-05-17 02:51:44,4,1,18,0
8jz7yq,2018-05-16 22:43:44,8,r/pics,8,2018-05-17 02:54:30,5,2,10,0
8jz7yq,2018-05-16 22:43:44,8,r/pics,8,2018-05-17 03:39:59,6,0,3,0
8jz7yq,2018-05-16 22:43:44,8,r/pics,8,2018-05-17 03:04:18,6,0,7,0
8jz7yq,2018-05-16 22:43:44,8,r/pics,8,2018-05-17 01:21:05,1,3,651,0
8jz7yq,2018-05-16 22:43:44,8,r/pics,8,2018-05-17 01:57:30,2,2,95,0
8jz7yq,2018-05-16 22:43:44,8,r/pics,8,2018-05-17 02:05:28,3,2,137,0
8jz7yq,2018-05-16 22:43:44,8,r/pics,8,2018-05-17 02:10:14,4,1,45,0
8jz7yq,2018-05-16 22:43:44,8,r/pics,8,2018-05-17 03:59:23,2,0,2,0
8jz7yq,2018-05-16 22:43:44,8,r/pics,8,2018-05-17 01:57:40,1,1,47,0
8jz7yq,2018-05-16 22:43:44,8,r/pics,8,2018-05-17 02:02:23,2,2,52,0
8jz7yq,2018-05-16 22:43:44,8,r/pics,8,2018-05-17 03:25:00,3,1,5,0
8jz7yq,2018-05-16 22:43:44,8,r/pics,8,2018-05-17 04:25:58,4,0,1,0
8jz7yq,2018-05-16 22:43:44,8,r/pics,8,2018-05-17 01:14:52,1,0,26,0
8jz7yq,2018-05-16 22:43:44,8,r/pics,8,2018-05-17 02:28:17,1,0,31,0
8jz7yq,2018-05-16 22:43:44,8,r/pics,8,2018-05-17 01:21:17,1,2,19,0
8jz7yq,2018-05-16 22:43:44,8,r/pics,8,2018-05-17 01:47:36,2,3,5,0
8jz7yq,2018-05-16 22:43:44,8,r/pics,8,2018-05-17 01:50:10,3,2,78,0
8jz7yq,2018-05-16 22:43:44,8,r/pics,8,2018-05-17 02:45:08,4,0,12,0
8jz7yq,2018-05-16 22:43:44,8,r/pics,8,2018-05-17 02:01:31,3,0,7,0
8jz7yq,2018-05-16 22:43:44,8,r/pics,8,2018-05-17 01:44:07,1,1,24,0
8jz7yq,2018-05-16 22:43:44,8,r/pics,8,2018-05-17 02:01:18,2,1,26,0
8jz7yq,2018-05-16 22:43:44,8,r/pics,8,2018-05-17 02:24:35,3,2,144,0
8jz7yq,2018-05-16 22:43:44,8,r/pics,8,2018-05-17 02:50:57,4,1,30,0
8jz7yq,2018-05-16 22:43:44,8,r/pics,8,2018-05-17 02:53:19,5,1,7,0
8jz7yq,2018-05-16 22:43:44,8,r/pics,8,2018-05-17 03:06:20,6,0,12,0
8jz7yq,2018-05-16 22:43:44,8,r/pics,9,2018-05-16 23:14:21,0,2,177,0
8jz7yq,2018-05-16 22:43:44,8,r/pics,9,2018-05-16 23:16:02,1,4,451,0
8jz7yq,2018-05-16 22:43:44,8,r/pics,9,2018-05-17 01:22:27,2,1,153,0
8jz7yq,2018-05-16 22:43:44,8,r/pics,9,2018-05-17 01:58:01,3,1,49,0
8jz7yq,2018-05-16 22:43:44,8,r/pics,9,2018-05-17 02:59:33,4,1,16,0
8jz7yq,2018-05-16 22:43:44,8,r/pics,9,2018-05-17 04:15:49,5,0,5,0
8jz7yq,2018-05-16 22:43:44,8,r/pics,9,2018-05-16 23:17:10,2,0,43,0
8jz7yq,2018-05-16 22:43:44,8,r/pics,9,2018-05-17 00:44:08,2,0,19,0
8jz7yq,2018-05-16 22:43:44,8,r/pics,10,2018-05-17 00:47:05,0,4,65,0
8jz7yq,2018-05-16 22:43:44,8,r/pics,10,2018-05-17 02:54:01,1,1,23,0
8jz7yq,2018-05-16 22:43:44,8,r/pics,10,2018-05-17 03:40:48,2,0,7,0
8jz7yq,2018-05-16 22:43:44,8,r/pics,10,2018-05-17 02:31:28,1,0,9,0
8jz7yq,2018-05-16 22:43:44,8,r/pics,10,2018-05-17 03:13:23,1,1,3,0
8jz7yq,2018-05-16 22:43:44,8,r/pics,10,2018-05-17 03:36:22,2,0,2,0
8jz7yq,2018-05-16 22:43:44,8,r/pics,11,2018-05-17 03:09:16,0,2,53,0
8jz7yq,2018-05-16 22:43:44,8,r/pics,11,2018-05-17 04:16:14,1,0,5,0
8jz7yq,2018-05-16 22:43:44,8,r/pics,12,2018-05-17 01:44:42,0,1,35,0
8jz7yq,2018-05-16 22:43:44,8,r/pics,13,2018-05-16 23:17:30,0,3,117,0
8jz7yq,2018-05-16 22:43:44,8,r/pics,13,2018-05-16 23:47:24,1,3,60,0
8jz7yq,2018-05-16 22:43:44,8,r/pics,13,2018-05-17 02:25:18,2,0,4,0
8jz7yq,2018-05-16 22:43:44,8,r/pics,13,2018-05-17 01:35:14,2,0,11,0
8jz7yq,2018-05-16 22:43:44,8,r/pics,13,2018-05-17 02:26:17,1,0,2,0
8jz7yq,2018-05-16 22:43:44,8,r/pics,14,2018-05-17 01:24:29,0,3,12,0
8jz7yq,2018-05-16 22:43:44,8,r/pics,14,2018-05-17 02:08:04,1,2,46,0
8jz7yq,2018-05-16 22:43:44,8,r/pics,14,2018-05-17 03:26:56,2,0,2,0
8jz7yq,2018-05-16 22:43:44,8,r/pics,14,2018-05-17 03:43:46,1,0,3,0
8jz7yq,2018-05-16 22:43:44,8,r/pics,15,2018-05-17 02:51:51,0,0,11,0
8jz7yq,2018-05-16 22:43:44,8,r/pics,16,2018-05-17 01:35:00,0,2,91,0
8jz7yq,2018-05-16 22:43:44,8,r/pics,16,2018-05-17 02:48:50,1,1,8,0
8jz7yq,2018-05-16 22:43:44,8,r/pics,16,2018-05-17 03:06:12,2,0,2,0
8jz7yq,2018-05-16 22:43:44,8,r/pics,17,2018-05-17 02:37:13,0,1,17,0
8jz7yq,2018-05-16 22:43:44,8,r/pics,18,2018-05-17 01:29:40,0,1,35,0
8jz7yq,2018-05-16 22:43:44,8,r/pics,19,2018-05-17 01:28:35,0,0,13,0
8jz7yq,2018-05-16 22:43:44,8,r/pics,20,2018-05-17 02:28:05,0,2,7,0
8jz7yq,2018-05-16 22:43:44,8,r/pics,20,2018-05-17 03:04:35,1,0,3,0
8jz7yq,2018-05-16 22:43:44,8,r/pics,21,2018-05-17 02:39:37,0,0,5,0
8jz7yq,2018-05-16 22:43:44,8,r/pics,22,2018-05-17 02:46:06,0,1,10,0
8jz7yq,2018-05-16 22:43:44,8,r/pics,23,2018-05-17 01:35:01,0,2,20,0
8jz7yq,2018-05-16 22:43:44,8,r/pics,23,2018-05-17 02:10:07,1,0,22,0
8jz7yq,2018-05-16 22:43:44,8,r/pics,24,2018-05-17 00:37:52,0,0,9,0
8jz7yq,2018-05-16 22:43:44,8,r/pics,25,2018-05-17 02:52:31,0,2,3,0
8jz7yq,2018-05-16 22:43:44,8,r/pics,25,2018-05-17 03:39:33,1,1,2,0
8jz7yq,2018-05-16 22:43:44,8,r/pics,25,2018-05-17 03:55:10,2,0,2,0
8jz7yq,2018-05-16 22:43:44,8,r/pics,26,2018-05-17 02:57:42,0,0,3,0
8jz7yq,2018-05-16 22:43:44,8,r/pics,27,2018-05-17 03:08:00,0,0,3,0
8jz7yq,2018-05-16 22:43:44,8,r/pics,28,2018-05-17 03:13:43,0,0,3,0
8jz7yq,2018-05-16 22:43:44,8,r/pics,29,2018-05-17 04:13:47,0,0,3,0
8jz7yq,2018-05-16 22:43:44,8,r/pics,30,2018-05-17 04:55:14,0,0,1,0
8jz7yq,2018-05-16 22:43:44,8,r/pics,31,2018-05-17 01:50:07,0,1,12,0
8jz7yq,2018-05-16 22:43:44,8,r/pics,32,2018-05-16 22:49:32,0,0,3,0
8jz7yq,2018-05-16 22:43:44,8,r/pics,33,2018-05-17 01:31:36,0,0,6,0
8jz7yq,2018-05-16 22:43:44,8,r/pics,34,2018-05-17 01:36:53,0,0,2,0
8jz7yq,2018-05-16 22:43:44,8,r/pics,35,2018-05-17 01:50:55,0,0,2,0
8jz7yq,2018-05-16 22:43:44,8,r/pics,36,2018-05-17 01:59:42,0,0,2,0
8jz7yq,2018-05-16 22:43:44,8,r/pics,37,2018-05-17 02:10:30,0,0,2,0
8jz7yq,2018-05-16 22:43:44,8,r/pics,38,2018-05-17 02:13:23,0,0,2,0
8jz7yq,2018-05-16 22:43:44,8,r/pics,39,2018-05-17 02:15:22,0,0,2,0
8jz7yq,2018-05-16 22:43:44,8,r/pics,40,2018-05-17 02:20:34,0,0,2,0
8jz7yq,2018-05-16 22:43:44,8,r/pics,41,2018-05-17 02:45:41,0,0,2,0
8jz7yq,2018-05-16 22:43:44,8,r/pics,42,2018-05-17 02:46:06,0,0,2,0
8jz7yq,2018-05-16 22:43:44,8,r/pics,43,2018-05-17 02:49:54,0,0,2,0
8jz7yq,2018-05-16 22:43:44,8,r/pics,44,2018-05-17 02:56:35,0,0,2,0
8jz7yq,2018-05-16 22:43:44,8,r/pics,45,2018-05-17 02:57:43,0,0,2,0
8jz7yq,2018-05-16 22:43:44,8,r/pics,46,2018-05-17 02:59:13,0,0,2,0
8jz7yq,2018-05-16 22:43:44,8,r/pics,47,2018-05-17 03:01:12,0,0,2,0
8jz7yq,2018-05-16 22:43:44,8,r/pics,48,2018-05-17 03:03:14,0,1,2,0
8jz7yq,2018-05-16 22:43:44,8,r/pics,49,2018-05-17 03:03:22,0,0,2,0
8jz7yq,2018-05-16 22:43:44,8,r/pics,50,2018-05-17 03:04:37,0,0,2,0
8jz7yq,2018-05-16 22:43:44,8,r/pics,51,2018-05-17 03:07:47,0,0,2,0
8jz7yq,2018-05-16 22:43:44,8,r/pics,52,2018-05-17 03:07:54,0,0,2,0
8jz7yq,2018-05-16 22:43:44,8,r/pics,53,2018-05-17 03:12:31,0,0,2,0
8jz7yq,2018-05-16 22:43:44,8,r/pics,54,2018-05-17 03:13:36,0,0,2,0
8jz7yq,2018-05-16 22:43:44,8,r/pics,55,2018-05-17 03:15:03,0,0,2,0
8jz7yq,2018-05-16 22:43:44,8,r/pics,56,2018-05-17 03:25:05,0,0,2,0
8jz7yq,2018-05-16 22:43:44,8,r/pics,57,2018-05-17 03:26:42,0,0,2,0
8jz7yq,2018-05-16 22:43:44,8,r/pics,58,2018-05-17 03:26:53,0,0,2,0
8jz7yq,2018-05-16 22:43:44,8,r/pics,59,2018-05-17 03:30:24,0,0,2,0
8jz7yq,2018-05-16 22:43:44,8,r/pics,60,2018-05-17 03:31:27,0,0,2,0
8jz7yq,2018-05-16 22:43:44,8,r/pics,61,2018-05-17 03:41:41,0,0,2,0
8jz7yq,2018-05-16 22:43:44,8,r/pics,62,2018-05-17 03:49:16,0,0,2,0
8jz7yq,2018-05-16 22:43:44,8,r/pics,63,2018-05-17 03:53:47,0,0,2,0
8jz7yq,2018-05-16 22:43:44,8,r/pics,64,2018-05-17 03:55:12,0,0,2,0
8jz7yq,2018-05-16 22:43:44,8,r/pics,65,2018-05-17 03:55:20,0,0,2,0
8jz7yq,2018-05-16 22:43:44,8,r/pics,66,2018-05-17 03:57:10,0,1,2,0
8jzgaq,2018-05-16 23:16:35,9,r/marvelstudios,0,2018-05-17 00:40:31,0,1,3040,0
8jzgaq,2018-05-16 23:16:35,9,r/marvelstudios,0,2018-05-17 01:12:12,1,3,718,0
8jzgaq,2018-05-16 23:16:35,9,r/marvelstudios,0,2018-05-17 01:46:26,2,7,332,0
8jzgaq,2018-05-16 23:16:35,9,r/marvelstudios,0,2018-05-17 02:00:51,3,5,216,0
8jzgaq,2018-05-16 23:16:35,9,r/marvelstudios,0,2018-05-17 02:14:08,4,3,120,0
8jzgaq,2018-05-16 23:16:35,9,r/marvelstudios,0,2018-05-17 02:57:41,5,1,26,0
8jzgaq,2018-05-16 23:16:35,9,r/marvelstudios,0,2018-05-17 03:56:21,6,2,13,0
8jzgaq,2018-05-16 23:16:35,9,r/marvelstudios,0,2018-05-17 05:15:17,7,1,1,0
8jzgaq,2018-05-16 23:16:35,9,r/marvelstudios,0,2018-05-17 05:18:10,8,0,1,0
8jzgaq,2018-05-16 23:16:35,9,r/marvelstudios,0,2018-05-17 05:11:35,7,0,1,0
8jzgaq,2018-05-16 23:16:35,9,r/marvelstudios,0,2018-05-17 02:44:34,5,1,11,0
8jzgaq,2018-05-16 23:16:35,9,r/marvelstudios,0,2018-05-17 04:14:13,6,0,1,0
8jzgaq,2018-05-16 23:16:35,9,r/marvelstudios,0,2018-05-17 02:33:03,5,0,23,0
8jzgaq,2018-05-16 23:16:35,9,r/marvelstudios,0,2018-05-17 02:12:13,4,1,33,0
8jzgaq,2018-05-16 23:16:35,9,r/marvelstudios,0,2018-05-17 02:54:57,5,3,18,0
8jzgaq,2018-05-16 23:16:35,9,r/marvelstudios,0,2018-05-17 03:05:04,6,0,10,0
8jzgaq,2018-05-16 23:16:35,9,r/marvelstudios,0,2018-05-17 02:59:05,6,0,7,0
8jzgaq,2018-05-16 23:16:35,9,r/marvelstudios,0,2018-05-17 03:04:57,6,0,3,0
8jzgaq,2018-05-16 23:16:35,9,r/marvelstudios,0,2018-05-17 03:03:29,4,0,5,0
8jzgaq,2018-05-16 23:16:35,9,r/marvelstudios,0,2018-05-17 02:12:13,4,0,8,0
8jzgaq,2018-05-16 23:16:35,9,r/marvelstudios,0,2018-05-17 04:05:50,4,0,1,0
8jzgaq,2018-05-16 23:16:35,9,r/marvelstudios,0,2018-05-17 01:50:05,3,0,24,0
8jzgaq,2018-05-16 23:16:35,9,r/marvelstudios,0,2018-05-17 03:12:34,3,0,7,0
8jzgaq,2018-05-16 23:16:35,9,r/marvelstudios,0,2018-05-17 02:12:36,3,0,7,0
8jzgaq,2018-05-16 23:16:35,9,r/marvelstudios,0,2018-05-17 03:56:01,3,0,1,0
8jzgaq,2018-05-16 23:16:35,9,r/marvelstudios,0,2018-05-17 04:34:17,3,0,1,0
8jzgaq,2018-05-16 23:16:35,9,r/marvelstudios,0,2018-05-17 05:07:44,3,0,1,0
8jzgaq,2018-05-16 23:16:35,9,r/marvelstudios,0,2018-05-17 04:08:24,2,0,1,0
8jzgaq,2018-05-16 23:16:35,9,r/marvelstudios,0,2018-05-17 04:32:56,2,0,0,0
8jzgaq,2018-05-16 23:16:35,9,r/marvelstudios,1,2018-05-17 01:11:45,0,3,858,0
8jzgaq,2018-05-16 23:16:35,9,r/marvelstudios,1,2018-05-17 02:13:10,1,1,65,0
8jzgaq,2018-05-16 23:16:35,9,r/marvelstudios,1,2018-05-17 02:26:34,2,0,17,0
8jzgaq,2018-05-16 23:16:35,9,r/marvelstudios,1,2018-05-17 03:42:52,1,0,4,0
8jzgaq,2018-05-16 23:16:35,9,r/marvelstudios,1,2018-05-17 02:08:16,1,1,13,0
8jzgaq,2018-05-16 23:16:35,9,r/marvelstudios,1,2018-05-17 02:13:23,2,1,0,0
8jzgaq,2018-05-16 23:16:35,9,r/marvelstudios,1,2018-05-17 02:32:26,3,0,1,0
8jzgaq,2018-05-16 23:16:35,9,r/marvelstudios,2,2018-05-17 01:54:00,0,4,774,0
8jzgaq,2018-05-16 23:16:35,9,r/marvelstudios,2,2018-05-17 02:40:09,1,3,269,0
8jzgaq,2018-05-16 23:16:35,9,r/marvelstudios,2,2018-05-17 03:10:38,2,3,139,0
8jzgaq,2018-05-16 23:16:35,9,r/marvelstudios,2,2018-05-17 03:21:44,3,0,34,0
8jzgaq,2018-05-16 23:16:35,9,r/marvelstudios,2,2018-05-17 04:26:44,3,0,2,0
8jzgaq,2018-05-16 23:16:35,9,r/marvelstudios,2,2018-05-17 04:19:25,3,1,-5,0
8jzgaq,2018-05-16 23:16:35,9,r/marvelstudios,2,2018-05-17 04:34:07,4,0,8,0
8jzgaq,2018-05-16 23:16:35,9,r/marvelstudios,2,2018-05-17 03:03:56,2,1,28,0
8jzgaq,2018-05-16 23:16:35,9,r/marvelstudios,2,2018-05-17 03:05:41,3,0,13,0
8jzgaq,2018-05-16 23:16:35,9,r/marvelstudios,2,2018-05-17 04:02:40,2,1,6,0
8jzgaq,2018-05-16 23:16:35,9,r/marvelstudios,2,2018-05-17 05:04:36,3,0,1,0
8jzgaq,2018-05-16 23:16:35,9,r/marvelstudios,2,2018-05-17 02:48:26,1,7,96,0
8jzgaq,2018-05-16 23:16:35,9,r/marvelstudios,2,2018-05-17 03:11:59,2,0,42,0
8jzgaq,2018-05-16 23:16:35,9,r/marvelstudios,2,2018-05-17 02:49:50,2,0,57,0
8jzgaq,2018-05-16 23:16:35,9,r/marvelstudios,2,2018-05-17 03:12:51,2,1,18,0
8jzgaq,2018-05-16 23:16:35,9,r/marvelstudios,2,2018-05-17 04:03:09,3,1,7,0
8jzgaq,2018-05-16 23:16:35,9,r/marvelstudios,2,2018-05-17 04:38:57,4,0,1,0
8jzgaq,2018-05-16 23:16:35,9,r/marvelstudios,2,2018-05-17 03:05:17,2,1,24,0
8jzgaq,2018-05-16 23:16:35,9,r/marvelstudios,2,2018-05-17 03:57:44,3,1,11,0
8jzgaq,2018-05-16 23:16:35,9,r/marvelstudios,2,2018-05-17 04:32:40,4,0,2,0
8jzgaq,2018-05-16 23:16:35,9,r/marvelstudios,2,2018-05-17 03:10:14,2,0,7,0
8jzgaq,2018-05-16 23:16:35,9,r/marvelstudios,2,2018-05-17 03:41:31,2,1,3,0
8jzgaq,2018-05-16 23:16:35,9,r/marvelstudios,2,2018-05-17 04:09:46,3,0,2,0
8jzgaq,2018-05-16 23:16:35,9,r/marvelstudios,2,2018-05-17 05:01:40,2,1,1,0
8jzgaq,2018-05-16 23:16:35,9,r/marvelstudios,2,2018-05-17 05:10:03,3,1,1,0
8jzgaq,2018-05-16 23:16:35,9,r/marvelstudios,2,2018-05-17 05:11:30,4,0,1,0
8jzgaq,2018-05-16 23:16:35,9,r/marvelstudios,2,2018-05-17 03:38:59,1,0,0,0
8jzgaq,2018-05-16 23:16:35,9,r/marvelstudios,2,2018-05-17 04:24:14,1,0,0,0
8jzgaq,2018-05-16 23:16:35,9,r/marvelstudios,3,2018-05-16 23:30:12,0,11,1493,0
8jzgaq,2018-05-16 23:16:35,9,r/marvelstudios,3,2018-05-17 01:39:53,1,3,489,0
8jzgaq,2018-05-16 23:16:35,9,r/marvelstudios,3,2018-05-17 02:56:18,2,4,156,1
8jzgaq,2018-05-16 23:16:35,9,r/marvelstudios,3,2018-05-17 03:32:27,3,5,29,0
8jzgaq,2018-05-16 23:16:35,9,r/marvelstudios,3,2018-05-17 03:36:11,4,1,17,0
8jzgaq,2018-05-16 23:16:35,9,r/marvelstudios,3,2018-05-17 03:40:52,5,1,9,0
8jzgaq,2018-05-16 23:16:35,9,r/marvelstudios,3,2018-05-17 03:56:44,6,1,2,0
8jzgaq,2018-05-16 23:16:35,9,r/marvelstudios,3,2018-05-17 04:46:48,7,0,3,0
8jzgaq,2018-05-16 23:16:35,9,r/marvelstudios,3,2018-05-17 03:53:35,4,0,2,0
8jzgaq,2018-05-16 23:16:35,9,r/marvelstudios,3,2018-05-17 04:04:08,4,1,1,0
8jzgaq,2018-05-16 23:16:35,9,r/marvelstudios,3,2018-05-17 05:00:21,5,0,1,0
8jzgaq,2018-05-16 23:16:35,9,r/marvelstudios,3,2018-05-17 04:14:32,4,0,1,0
8jzgaq,2018-05-16 23:16:35,9,r/marvelstudios,3,2018-05-17 04:41:05,4,0,1,0
8jzgaq,2018-05-16 23:16:35,9,r/marvelstudios,3,2018-05-17 03:33:10,3,1,10,0
8jzgaq,2018-05-16 23:16:35,9,r/marvelstudios,3,2018-05-17 04:38:09,4,0,2,0
8jzgaq,2018-05-16 23:16:35,9,r/marvelstudios,3,2018-05-17 03:41:46,3,1,5,0
8jzgaq,2018-05-16 23:16:35,9,r/marvelstudios,3,2018-05-17 04:34:59,4,0,1,0
8jzgaq,2018-05-16 23:16:35,9,r/marvelstudios,3,2018-05-17 03:34:42,3,1,3,0
8jzgaq,2018-05-16 23:16:35,9,r/marvelstudios,3,2018-05-17 04:39:25,4,0,1,0
8jzgaq,2018-05-16 23:16:35,9,r/marvelstudios,3,2018-05-17 04:14:02,2,0,1,0
8jzgaq,2018-05-16 23:16:35,9,r/marvelstudios,3,2018-05-17 05:11:31,2,0,1,0
8jzgaq,2018-05-16 23:16:35,9,r/marvelstudios,3,2018-05-17 00:17:09,1,0,149,0
8jzgaq,2018-05-16 23:16:35,9,r/marvelstudios,3,2018-05-17 01:14:08,1,0,19,0
8jzgaq,2018-05-16 23:16:35,9,r/marvelstudios,3,2018-05-17 02:25:44,1,0,9,0
8jzgaq,2018-05-16 23:16:35,9,r/marvelstudios,3,2018-05-17 02:46:36,1,0,8,0
8jzgaq,2018-05-16 23:16:35,9,r/marvelstudios,3,2018-05-17 02:03:05,1,0,15,0
8jzgaq,2018-05-16 23:16:35,9,r/marvelstudios,3,2018-05-17 03:03:39,1,0,2,0
8jzgaq,2018-05-16 23:16:35,9,r/marvelstudios,3,2018-05-17 01:21:33,1,0,4,0
8jzgaq,2018-05-16 23:16:35,9,r/marvelstudios,3,2018-05-17 03:49:34,1,0,1,0
8jzgaq,2018-05-16 23:16:35,9,r/marvelstudios,3,2018-05-17 04:24:10,1,0,1,0
8jzgaq,2018-05-16 23:16:35,9,r/marvelstudios,3,2018-05-17 04:49:13,1,0,1,0
8jzgaq,2018-05-16 23:16:35,9,r/marvelstudios,4,2018-05-17 01:00:31,0,6,606,0
8jzgaq,2018-05-16 23:16:35,9,r/marvelstudios,4,2018-05-17 01:04:40,1,4,650,0
8jzgaq,2018-05-16 23:16:35,9,r/marvelstudios,4,2018-05-17 01:43:17,2,4,79,0
8jzgaq,2018-05-16 23:16:35,9,r/marvelstudios,4,2018-05-17 01:47:34,3,3,148,0
8jzgaq,2018-05-16 23:16:35,9,r/marvelstudios,4,2018-05-17 02:08:12,4,3,179,0
8jzgaq,2018-05-16 23:16:35,9,r/marvelstudios,4,2018-05-17 02:20:06,5,1,55,0
8jzgaq,2018-05-16 23:16:35,9,r/marvelstudios,4,2018-05-17 02:32:03,6,1,75,0
8jzgaq,2018-05-16 23:16:35,9,r/marvelstudios,4,2018-05-17 05:06:22,7,0,1,0
8jzgaq,2018-05-16 23:16:35,9,r/marvelstudios,4,2018-05-17 02:30:22,5,1,20,0
8jzgaq,2018-05-16 23:16:35,9,r/marvelstudios,4,2018-05-17 02:35:23,6,1,15,0
8jzgaq,2018-05-16 23:16:35,9,r/marvelstudios,4,2018-05-17 03:16:46,7,1,2,0
8jzgaq,2018-05-16 23:16:35,9,r/marvelstudios,4,2018-05-17 03:48:56,8,0,2,0
8jzgaq,2018-05-16 23:16:35,9,r/marvelstudios,4,2018-05-17 03:14:02,5,0,2,0
8jzgaq,2018-05-16 23:16:35,9,r/marvelstudios,4,2018-05-17 02:41:04,4,0,15,0
8jzgaq,2018-05-16 23:16:35,9,r/marvelstudios,4,2018-05-17 03:13:08,4,1,4,0
8jzgaq,2018-05-16 23:16:35,9,r/marvelstudios,4,2018-05-17 03:23:20,5,1,2,0
8jzgaq,2018-05-16 23:16:35,9,r/marvelstudios,4,2018-05-17 03:40:56,6,1,9,0
8jzgaq,2018-05-16 23:16:35,9,r/marvelstudios,4,2018-05-17 03:49:17,7,1,8,0
8jzgaq,2018-05-16 23:16:35,9,r/marvelstudios,4,2018-05-17 03:55:05,8,1,8,0
8jzgaq,2018-05-16 23:16:35,9,r/marvelstudios,4,2018-05-17 04:52:05,9,0,1,0
8jzgaq,2018-05-16 23:16:35,9,r/marvelstudios,4,2018-05-17 01:50:19,3,4,57,0
8jzgaq,2018-05-16 23:16:35,9,r/marvelstudios,4,2018-05-17 02:12:33,4,0,64,0
8jzgaq,2018-05-16 23:16:35,9,r/marvelstudios,4,2018-05-17 02:37:13,4,0,28,0
8jzgaq,2018-05-16 23:16:35,9,r/marvelstudios,4,2018-05-17 02:11:34,4,2,44,0
8jzgaq,2018-05-16 23:16:35,9,r/marvelstudios,4,2018-05-17 02:15:48,5,1,18,0
8jzgaq,2018-05-16 23:16:35,9,r/marvelstudios,4,2018-05-17 02:51:55,6,2,16,0
8jzgaq,2018-05-16 23:16:35,9,r/marvelstudios,4,2018-05-17 02:52:03,7,0,6,0
8jzgaq,2018-05-16 23:16:35,9,r/marvelstudios,4,2018-05-17 04:37:41,7,0,2,0
8jzgaq,2018-05-16 23:16:35,9,r/marvelstudios,4,2018-05-17 04:33:35,5,0,1,0
8jzgaq,2018-05-16 23:16:35,9,r/marvelstudios,4,2018-05-17 03:00:22,4,0,9,0
8jzgaq,2018-05-16 23:16:35,9,r/marvelstudios,4,2018-05-17 02:02:06,3,0,13,0
8jzgaq,2018-05-16 23:16:35,9,r/marvelstudios,4,2018-05-17 03:15:14,3,0,3,0
8jzgaq,2018-05-16 23:16:35,9,r/marvelstudios,4,2018-05-17 02:00:38,2,0,24,0
8jzgaq,2018-05-16 23:16:35,9,r/marvelstudios,4,2018-05-17 01:56:25,2,0,3,0
8jzgaq,2018-05-16 23:16:35,9,r/marvelstudios,4,2018-05-17 03:38:10,2,0,1,0
8jzgaq,2018-05-16 23:16:35,9,r/marvelstudios,4,2018-05-17 01:28:45,1,0,36,0
8jzgaq,2018-05-16 23:16:35,9,r/marvelstudios,4,2018-05-17 02:44:37,1,1,13,0
8jzgaq,2018-05-16 23:16:35,9,r/marvelstudios,4,2018-05-17 04:46:40,2,0,1,0
8jzgaq,2018-05-16 23:16:35,9,r/marvelstudios,4,2018-05-17 02:21:04,1,2,9,0
8jzgaq,2018-05-16 23:16:35,9,r/marvelstudios,4,2018-05-17 02:53:30,2,0,1,0
8jzgaq,2018-05-16 23:16:35,9,r/marvelstudios,4,2018-05-17 03:20:23,2,0,1,0
8jzgaq,2018-05-16 23:16:35,9,r/marvelstudios,4,2018-05-17 04:14:34,1,0,2,0
8jzgaq,2018-05-16 23:16:35,9,r/marvelstudios,4,2018-05-17 04:28:53,1,0,2,0
8jzgaq,2018-05-16 23:16:35,9,r/marvelstudios,5,2018-05-17 01:26:52,0,2,134,0
8jzgaq,2018-05-16 23:16:35,9,r/marvelstudios,5,2018-05-17 02:30:29,1,1,20,0
8jzgaq,2018-05-16 23:16:35,9,r/marvelstudios,5,2018-05-17 03:05:45,2,1,7,0
8jzgaq,2018-05-16 23:16:35,9,r/marvelstudios,5,2018-05-17 03:52:22,3,0,3,0
8jzgaq,2018-05-16 23:16:35,9,r/marvelstudios,5,2018-05-17 05:03:02,1,0,1,0
8jzgaq,2018-05-16 23:16:35,9,r/marvelstudios,6,2018-05-17 00:44:53,0,2,169,0
8jzgaq,2018-05-16 23:16:35,9,r/marvelstudios,6,2018-05-17 01:50:15,1,1,40,0
8jzgaq,2018-05-16 23:16:35,9,r/marvelstudios,6,2018-05-17 03:05:28,2,0,9,0
8jzgaq,2018-05-16 23:16:35,9,r/marvelstudios,6,2018-05-17 02:26:57,1,2,13,0
8jzgaq,2018-05-16 23:16:35,9,r/marvelstudios,6,2018-05-17 03:51:59,2,1,3,0
8jzgaq,2018-05-16 23:16:35,9,r/marvelstudios,6,2018-05-17 05:07:28,3,0,1,0
8jzgaq,2018-05-16 23:16:35,9,r/marvelstudios,6,2018-05-17 05:02:15,2,0,1,0
8jzgaq,2018-05-16 23:16:35,9,r/marvelstudios,7,2018-05-17 00:27:06,0,3,315,0
8jzgaq,2018-05-16 23:16:35,9,r/marvelstudios,7,2018-05-17 01:47:17,1,5,78,0
8jzgaq,2018-05-16 23:16:35,9,r/marvelstudios,7,2018-05-17 01:49:56,2,1,63,0
8jzgaq,2018-05-16 23:16:35,9,r/marvelstudios,7,2018-05-17 04:58:23,3,0,0,0
8jzgaq,2018-05-16 23:16:35,9,r/marvelstudios,7,2018-05-17 02:23:25,2,0,12,0
8jzgaq,2018-05-16 23:16:35,9,r/marvelstudios,7,2018-05-17 02:20:45,2,3,25,0
8jzgaq,2018-05-16 23:16:35,9,r/marvelstudios,7,2018-05-17 02:38:58,3,0,41,0
8jzgaq,2018-05-16 23:16:35,9,r/marvelstudios,7,2018-05-17 02:45:06,3,2,7,0
8jzgaq,2018-05-16 23:16:35,9,r/marvelstudios,7,2018-05-17 02:56:21,4,1,2,0
8jzgaq,2018-05-16 23:16:35,9,r/marvelstudios,7,2018-05-17 03:03:54,5,1,6,0
8jzgaq,2018-05-16 23:16:35,9,r/marvelstudios,7,2018-05-17 04:28:26,6,0,1,0
8jzgaq,2018-05-16 23:16:35,9,r/marvelstudios,7,2018-05-17 05:03:12,4,0,1,0
8jzgaq,2018-05-16 23:16:35,9,r/marvelstudios,7,2018-05-17 04:47:37,3,0,1,0
8jzgaq,2018-05-16 23:16:35,9,r/marvelstudios,7,2018-05-17 04:02:29,2,0,4,0
8jzgaq,2018-05-16 23:16:35,9,r/marvelstudios,7,2018-05-17 05:15:06,2,0,1,0
8jzgaq,2018-05-16 23:16:35,9,r/marvelstudios,7,2018-05-17 02:05:35,1,3,28,0
8jzgaq,2018-05-16 23:16:35,9,r/marvelstudios,7,2018-05-17 02:44:51,2,2,13,0
8jzgaq,2018-05-16 23:16:35,9,r/marvelstudios,7,2018-05-17 02:51:44,3,0,4,0
8jzgaq,2018-05-16 23:16:35,9,r/marvelstudios,7,2018-05-17 04:50:27,3,0,2,0
8jzgaq,2018-05-16 23:16:35,9,r/marvelstudios,7,2018-05-17 02:15:03,2,2,36,0
8jzgaq,2018-05-16 23:16:35,9,r/marvelstudios,7,2018-05-17 02:17:19,3,3,18,0
8jzgaq,2018-05-16 23:16:35,9,r/marvelstudios,7,2018-05-17 02:19:19,4,1,30,0
8jzgaq,2018-05-16 23:16:35,9,r/marvelstudios,7,2018-05-17 02:46:12,5,0,14,0
8jzgaq,2018-05-16 23:16:35,9,r/marvelstudios,7,2018-05-17 02:28:26,4,0,17,0
8jzgaq,2018-05-16 23:16:35,9,r/marvelstudios,7,2018-05-17 02:18:49,4,0,9,0
8jzgaq,2018-05-16 23:16:35,9,r/marvelstudios,7,2018-05-17 02:18:49,3,2,4,0
8jzgaq,2018-05-16 23:16:35,9,r/marvelstudios,7,2018-05-17 02:32:56,4,1,11,0
8jzgaq,2018-05-16 23:16:35,9,r/marvelstudios,7,2018-05-17 03:20:10,5,1,8,0
8jzgaq,2018-05-16 23:16:35,9,r/marvelstudios,7,2018-05-17 03:31:56,6,1,2,0
8jzgaq,2018-05-16 23:16:35,9,r/marvelstudios,7,2018-05-17 03:33:34,7,1,5,0
8jzgaq,2018-05-16 23:16:35,9,r/marvelstudios,7,2018-05-17 03:39:04,8,0,4,0
8jzgaq,2018-05-16 23:16:35,9,r/marvelstudios,7,2018-05-17 02:37:17,4,0,6,0
8jzgaq,2018-05-16 23:16:35,9,r/marvelstudios,7,2018-05-17 02:22:54,2,1,5,0
8jzgaq,2018-05-16 23:16:35,9,r/marvelstudios,7,2018-05-17 03:52:27,3,0,1,0
8jzgaq,2018-05-16 23:16:35,9,r/marvelstudios,7,2018-05-17 03:44:22,1,1,2,0
8jzgaq,2018-05-16 23:16:35,9,r/marvelstudios,7,2018-05-17 03:44:40,2,1,3,0
8jzgaq,2018-05-16 23:16:35,9,r/marvelstudios,7,2018-05-17 03:51:38,3,0,2,0
8jzgaq,2018-05-16 23:16:35,9,r/marvelstudios,8,2018-05-17 01:35:37,0,1,83,0
8jzgaq,2018-05-16 23:16:35,9,r/marvelstudios,8,2018-05-17 01:42:15,1,0,17,0
8jzgaq,2018-05-16 23:16:35,9,r/marvelstudios,9,2018-05-17 01:29:12,0,24,30,0
8jzgaq,2018-05-16 23:16:35,9,r/marvelstudios,9,2018-05-17 01:42:02,1,3,273,0
8jzgaq,2018-05-16 23:16:35,9,r/marvelstudios,9,2018-05-17 02:01:40,2,0,28,0
8jzgaq,2018-05-16 23:16:35,9,r/marvelstudios,9,2018-05-17 02:25:28,2,0,16,0
8jzgaq,2018-05-16 23:16:35,9,r/marvelstudios,9,2018-05-17 03:40:49,2,2,7,0
8jzgaq,2018-05-16 23:16:35,9,r/marvelstudios,9,2018-05-17 04:48:41,3,0,3,0
8jzgaq,2018-05-16 23:16:35,9,r/marvelstudios,9,2018-05-17 04:55:13,3,1,3,0
8jzgaq,2018-05-16 23:16:35,9,r/marvelstudios,9,2018-05-17 05:09:06,4,0,2,0
8jzgaq,2018-05-16 23:16:35,9,r/marvelstudios,9,2018-05-17 01:59:50,1,2,113,0
8jzgaq,2018-05-16 23:16:35,9,r/marvelstudios,9,2018-05-17 02:18:49,2,0,29,0
8jzgaq,2018-05-16 23:16:35,9,r/marvelstudios,9,2018-05-17 03:47:55,2,0,2,0
8jzgaq,2018-05-16 23:16:35,9,r/marvelstudios,9,2018-05-17 01:54:11,1,2,79,0
8jzgaq,2018-05-16 23:16:35,9,r/marvelstudios,9,2018-05-17 02:30:41,2,0,13,0
8jzgaq,2018-05-16 23:16:35,9,r/marvelstudios,9,2018-05-17 03:34:44,2,0,3,0
8jzgaq,2018-05-16 23:16:35,9,r/marvelstudios,9,2018-05-17 02:03:33,1,1,54,0
8jzgaq,2018-05-16 23:16:35,9,r/marvelstudios,9,2018-05-17 03:35:21,2,1,12,0
8jzgaq,2018-05-16 23:16:35,9,r/marvelstudios,9,2018-05-17 04:55:52,3,0,2,0
8jzgaq,2018-05-16 23:16:35,9,r/marvelstudios,9,2018-05-17 02:07:54,1,2,50,0
8jzgaq,2018-05-16 23:16:35,9,r/marvelstudios,9,2018-05-17 02:53:22,2,2,6,0
8jzgaq,2018-05-16 23:16:35,9,r/marvelstudios,9,2018-05-17 03:03:18,3,0,10,0
8jzgaq,2018-05-16 23:16:35,9,r/marvelstudios,9,2018-05-17 04:34:18,3,0,2,0
8jzgaq,2018-05-16 23:16:35,9,r/marvelstudios,9,2018-05-17 04:35:02,2,0,1,0
8jzgaq,2018-05-16 23:16:35,9,r/marvelstudios,9,2018-05-17 02:21:52,1,0,32,0
8jzgaq,2018-05-16 23:16:35,9,r/marvelstudios,9,2018-05-17 02:33:56,1,0,29,0
8jzgaq,2018-05-16 23:16:35,9,r/marvelstudios,9,2018-05-17 02:51:09,1,1,14,0
8jzgaq,2018-05-16 23:16:35,9,r/marvelstudios,9,2018-05-17 03:39:23,2,0,4,0
8jzgaq,2018-05-16 23:16:35,9,r/marvelstudios,9,2018-05-17 02:11:12,1,1,21,0
8jzgaq,2018-05-16 23:16:35,9,r/marvelstudios,9,2018-05-17 05:16:25,2,0,1,0
8jzgaq,2018-05-16 23:16:35,9,r/marvelstudios,9,2018-05-17 02:41:01,1,0,7,0
8jzgaq,2018-05-16 23:16:35,9,r/marvelstudios,9,2018-05-17 02:50:37,1,0,6,0
8jzgaq,2018-05-16 23:16:35,9,r/marvelstudios,9,2018-05-17 03:05:24,1,0,7,0
8jzgaq,2018-05-16 23:16:35,9,r/marvelstudios,9,2018-05-17 02:34:19,1,0,14,0
8jzgaq,2018-05-16 23:16:35,9,r/marvelstudios,9,2018-05-17 02:07:34,1,1,21,0
8jzgaq,2018-05-16 23:16:35,9,r/marvelstudios,9,2018-05-17 02:13:12,2,1,10,0
8jzgaq,2018-05-16 23:16:35,9,r/marvelstudios,9,2018-05-17 02:16:39,3,0,16,0
8jzgaq,2018-05-16 23:16:35,9,r/marvelstudios,9,2018-05-17 02:52:59,1,0,4,0
8jzgaq,2018-05-16 23:16:35,9,r/marvelstudios,9,2018-05-17 02:44:12,1,0,10,0
8jzgaq,2018-05-16 23:16:35,9,r/marvelstudios,9,2018-05-17 03:34:33,1,0,5,0
8jzgaq,2018-05-16 23:16:35,9,r/marvelstudios,9,2018-05-17 03:52:31,1,0,3,0
8jzgaq,2018-05-16 23:16:35,9,r/marvelstudios,9,2018-05-17 03:53:22,1,0,3,0
8jzgaq,2018-05-16 23:16:35,9,r/marvelstudios,9,2018-05-17 03:55:42,1,0,3,0
8jzgaq,2018-05-16 23:16:35,9,r/marvelstudios,9,2018-05-17 03:59:29,1,0,3,0
8jzgaq,2018-05-16 23:16:35,9,r/marvelstudios,9,2018-05-17 04:08:07,1,0,3,0
8jzgaq,2018-05-16 23:16:35,9,r/marvelstudios,9,2018-05-17 02:24:05,1,0,2,0
8jzgaq,2018-05-16 23:16:35,9,r/marvelstudios,9,2018-05-17 03:40:13,1,0,1,0
8jzgaq,2018-05-16 23:16:35,9,r/marvelstudios,10,2018-05-16 23:40:31,0,0,56,0
8jzgaq,2018-05-16 23:16:35,9,r/marvelstudios,11,2018-05-17 00:44:47,0,1,39,0
8jzgaq,2018-05-16 23:16:35,9,r/marvelstudios,11,2018-05-17 02:58:44,1,0,6,0
8jzgaq,2018-05-16 23:16:35,9,r/marvelstudios,12,2018-05-17 01:47:57,0,0,16,0
8jzgaq,2018-05-16 23:16:35,9,r/marvelstudios,13,2018-05-17 01:04:33,0,1,18,0
8jzgaq,2018-05-16 23:16:35,9,r/marvelstudios,13,2018-05-17 02:00:37,1,2,33,0
8jzgaq,2018-05-16 23:16:35,9,r/marvelstudios,13,2018-05-17 02:11:35,2,1,30,0
8jzgaq,2018-05-16 23:16:35,9,r/marvelstudios,13,2018-05-17 02:18:17,3,2,39,0
8jzgaq,2018-05-16 23:16:35,9,r/marvelstudios,13,2018-05-17 02:24:13,4,0,22,0
8jzgaq,2018-05-16 23:16:35,9,r/marvelstudios,13,2018-05-17 02:22:22,4,1,6,0
8jzgaq,2018-05-16 23:16:35,9,r/marvelstudios,13,2018-05-17 02:23:32,5,0,15,0
8jzgaq,2018-05-16 23:16:35,9,r/marvelstudios,13,2018-05-17 02:14:22,2,1,6,0
8jzgaq,2018-05-16 23:16:35,9,r/marvelstudios,13,2018-05-17 02:22:39,3,0,3,0
8jzgaq,2018-05-16 23:16:35,9,r/marvelstudios,14,2018-05-17 00:10:29,0,5,41,0
8jzgaq,2018-05-16 23:16:35,9,r/marvelstudios,14,2018-05-17 00:27:10,1,2,108,0
8jzgaq,2018-05-16 23:16:35,9,r/marvelstudios,14,2018-05-17 02:50:01,2,0,15,0
8jzgaq,2018-05-16 23:16:35,9,r/marvelstudios,14,2018-05-17 03:09:11,2,0,8,0
8jzgaq,2018-05-16 23:16:35,9,r/marvelstudios,14,2018-05-17 00:55:47,1,2,88,0
8jzgaq,2018-05-16 23:16:35,9,r/marvelstudios,14,2018-05-17 01:30:42,2,1,32,0
8jzgaq,2018-05-16 23:16:35,9,r/marvelstudios,14,2018-05-17 02:21:07,3,0,11,0
8jzgaq,2018-05-16 23:16:35,9,r/marvelstudios,14,2018-05-17 02:32:55,2,0,7,0
8jzgaq,2018-05-16 23:16:35,9,r/marvelstudios,14,2018-05-17 00:32:37,1,0,19,0
8jzgaq,2018-05-16 23:16:35,9,r/marvelstudios,14,2018-05-17 01:17:35,1,0,11,0
8jzgaq,2018-05-16 23:16:35,9,r/marvelstudios,14,2018-05-17 00:34:14,1,0,24,0
8jzgaq,2018-05-16 23:16:35,9,r/marvelstudios,15,2018-05-17 01:39:43,0,1,13,0
8jzgaq,2018-05-16 23:16:35,9,r/marvelstudios,15,2018-05-17 02:25:31,1,1,3,0
8jzgaq,2018-05-16 23:16:35,9,r/marvelstudios,15,2018-05-17 03:26:16,2,0,2,0
8jzgaq,2018-05-16 23:16:35,9,r/marvelstudios,16,2018-05-17 02:27:59,0,2,12,0
8jzgaq,2018-05-16 23:16:35,9,r/marvelstudios,16,2018-05-17 04:24:12,1,0,0,0
8jzgaq,2018-05-16 23:16:35,9,r/marvelstudios,16,2018-05-17 04:33:41,1,0,0,0
8jzgaq,2018-05-16 23:16:35,9,r/marvelstudios,17,2018-05-17 02:28:00,0,0,10,0
8jzgaq,2018-05-16 23:16:35,9,r/marvelstudios,18,2018-05-17 01:51:27,0,0,10,0
8jzgaq,2018-05-16 23:16:35,9,r/marvelstudios,19,2018-05-17 02:25:06,0,1,9,0
8jzgaq,2018-05-16 23:16:35,9,r/marvelstudios,19,2018-05-17 03:08:57,1,0,2,0
8jzgaq,2018-05-16 23:16:35,9,r/marvelstudios,20,2018-05-17 02:23:12,0,2,14,0
8jzgaq,2018-05-16 23:16:35,9,r/marvelstudios,20,2018-05-17 03:45:35,1,1,5,0
8jzgaq,2018-05-16 23:16:35,9,r/marvelstudios,20,2018-05-17 04:13:44,2,0,1,0
8jzgaq,2018-05-16 23:16:35,9,r/marvelstudios,20,2018-05-17 03:51:01,1,0,2,0
8jzgaq,2018-05-16 23:16:35,9,r/marvelstudios,21,2018-05-17 02:07:14,0,0,8,0
8jzgaq,2018-05-16 23:16:35,9,r/marvelstudios,22,2018-05-17 02:17:12,0,0,6,0
8jzgaq,2018-05-16 23:16:35,9,r/marvelstudios,23,2018-05-17 03:16:20,0,0,7,0
8jzgaq,2018-05-16 23:16:35,9,r/marvelstudios,24,2018-05-17 02:04:08,0,1,9,0
8jzgaq,2018-05-16 23:16:35,9,r/marvelstudios,24,2018-05-17 02:10:59,1,0,3,0
8jzgaq,2018-05-16 23:16:35,9,r/marvelstudios,25,2018-05-17 02:09:22,0,0,5,0
8jzgaq,2018-05-16 23:16:35,9,r/marvelstudios,26,2018-05-17 02:14:18,0,0,5,0
8jzgaq,2018-05-16 23:16:35,9,r/marvelstudios,27,2018-05-17 02:14:21,0,0,4,0
8jzgaq,2018-05-16 23:16:35,9,r/marvelstudios,28,2018-05-17 02:16:42,0,0,4,0
8jzgaq,2018-05-16 23:16:35,9,r/marvelstudios,29,2018-05-17 02:28:43,0,0,4,0
8jzgaq,2018-05-16 23:16:35,9,r/marvelstudios,30,2018-05-17 02:31:13,0,0,4,0
8jzgaq,2018-05-16 23:16:35,9,r/marvelstudios,31,2018-05-17 02:48:35,0,0,4,0
8jzgaq,2018-05-16 23:16:35,9,r/marvelstudios,32,2018-05-17 01:39:28,0,0,6,0
8jzgaq,2018-05-16 23:16:35,9,r/marvelstudios,33,2018-05-17 00:11:41,0,1,3,0
8jzgaq,2018-05-16 23:16:35,9,r/marvelstudios,33,2018-05-17 01:49:25,1,0,1,0
8jzgaq,2018-05-16 23:16:35,9,r/marvelstudios,34,2018-05-17 02:15:28,0,0,3,0
8jzgaq,2018-05-16 23:16:35,9,r/marvelstudios,35,2018-05-17 02:17:33,0,0,3,0
8jzgaq,2018-05-16 23:16:35,9,r/marvelstudios,36,2018-05-17 02:41:36,0,0,3,0
8jzgaq,2018-05-16 23:16:35,9,r/marvelstudios,37,2018-05-17 02:46:33,0,0,3,0
8jzgaq,2018-05-16 23:16:35,9,r/marvelstudios,38,2018-05-17 03:10:51,0,0,3,0
8jzgaq,2018-05-16 23:16:35,9,r/marvelstudios,39,2018-05-17 02:16:10,0,0,2,0
8jzgaq,2018-05-16 23:16:35,9,r/marvelstudios,40,2018-05-17 02:16:19,0,0,2,0
8jzgaq,2018-05-16 23:16:35,9,r/marvelstudios,41,2018-05-17 02:18:40,0,0,2,0
8jzgaq,2018-05-16 23:16:35,9,r/marvelstudios,42,2018-05-17 02:21:35,0,0,2,0
8jzgaq,2018-05-16 23:16:35,9,r/marvelstudios,43,2018-05-17 02:27:29,0,0,2,0
8jzgaq,2018-05-16 23:16:35,9,r/marvelstudios,44,2018-05-17 02:37:28,0,0,2,0
8jzgaq,2018-05-16 23:16:35,9,r/marvelstudios,45,2018-05-17 02:51:45,0,0,2,0
8jzgaq,2018-05-16 23:16:35,9,r/marvelstudios,46,2018-05-17 02:56:22,0,0,2,0
8jzgaq,2018-05-16 23:16:35,9,r/marvelstudios,47,2018-05-17 03:10:06,0,0,2,0
8jzgaq,2018-05-16 23:16:35,9,r/marvelstudios,48,2018-05-17 03:12:36,0,0,2,0
8jzgaq,2018-05-16 23:16:35,9,r/marvelstudios,49,2018-05-17 03:37:58,0,0,2,0
8jzgaq,2018-05-16 23:16:35,9,r/marvelstudios,50,2018-05-17 03:41:37,0,0,2,0
8jzgaq,2018-05-16 23:16:35,9,r/marvelstudios,51,2018-05-17 03:43:57,0,0,2,0
8jzgaq,2018-05-16 23:16:35,9,r/marvelstudios,52,2018-05-17 03:51:28,0,0,2,0
8jzgaq,2018-05-16 23:16:35,9,r/marvelstudios,53,2018-05-17 03:55:50,0,0,2,0
8jzgaq,2018-05-16 23:16:35,9,r/marvelstudios,54,2018-05-17 04:57:40,0,0,2,0
8jzgaq,2018-05-16 23:16:35,9,r/marvelstudios,55,2018-05-17 01:13:38,0,0,1,0
8jzgaq,2018-05-16 23:16:35,9,r/marvelstudios,56,2018-05-17 01:16:43,0,0,1,0
8jzgaq,2018-05-16 23:16:35,9,r/marvelstudios,57,2018-05-17 01:42:52,0,0,1,0
8jzgaq,2018-05-16 23:16:35,9,r/marvelstudios,58,2018-05-17 01:46:35,0,0,1,0
8jzgaq,2018-05-16 23:16:35,9,r/marvelstudios,59,2018-05-17 01:51:57,0,0,1,0
8jzgaq,2018-05-16 23:16:35,9,r/marvelstudios,60,2018-05-17 01:56:00,0,0,1,0
8jzgaq,2018-05-16 23:16:35,9,r/marvelstudios,61,2018-05-17 01:56:15,0,0,1,0
8jzgaq,2018-05-16 23:16:35,9,r/marvelstudios,62,2018-05-17 01:57:22,0,0,1,0
8jzgaq,2018-05-16 23:16:35,9,r/marvelstudios,63,2018-05-17 01:58:06,0,1,1,0
8jzgaq,2018-05-16 23:16:35,9,r/marvelstudios,63,2018-05-17 02:45:51,1,0,1,0
8jzgaq,2018-05-16 23:16:35,9,r/marvelstudios,64,2018-05-17 02:03:42,0,0,1,0
8jzgaq,2018-05-16 23:16:35,9,r/marvelstudios,65,2018-05-17 02:12:20,0,0,1,0
8jzgaq,2018-05-16 23:16:35,9,r/marvelstudios,66,2018-05-17 02:14:40,0,0,1,0
8jzgaq,2018-05-16 23:16:35,9,r/marvelstudios,67,2018-05-17 02:17:57,0,0,1,0
8jzgaq,2018-05-16 23:16:35,9,r/marvelstudios,68,2018-05-17 02:20:27,0,0,1,0
8jzgaq,2018-05-16 23:16:35,9,r/marvelstudios,69,2018-05-17 02:20:58,0,0,1,0
8jzgaq,2018-05-16 23:16:35,9,r/marvelstudios,70,2018-05-17 02:21:43,0,0,1,0
8jzgaq,2018-05-16 23:16:35,9,r/marvelstudios,71,2018-05-17 02:21:58,0,0,1,0
8jzgaq,2018-05-16 23:16:35,9,r/marvelstudios,72,2018-05-17 02:23:41,0,0,1,0
8jzgaq,2018-05-16 23:16:35,9,r/marvelstudios,73,2018-05-17 02:26:47,0,0,1,0
8jzgaq,2018-05-16 23:16:35,9,r/marvelstudios,74,2018-05-17 02:28:16,0,0,1,0
8jzgaq,2018-05-16 23:16:35,9,r/marvelstudios,75,2018-05-17 02:30:31,0,0,1,0
8jzgaq,2018-05-16 23:16:35,9,r/marvelstudios,76,2018-05-17 02:31:17,0,0,1,0
8jzgaq,2018-05-16 23:16:35,9,r/marvelstudios,77,2018-05-17 02:37:38,0,0,1,0
8jzgaq,2018-05-16 23:16:35,9,r/marvelstudios,78,2018-05-17 02:37:43,0,0,1,0
8jzgaq,2018-05-16 23:16:35,9,r/marvelstudios,79,2018-05-17 02:38:22,0,0,1,0
8jzgaq,2018-05-16 23:16:35,9,r/marvelstudios,80,2018-05-17 02:38:31,0,0,1,0
8jzgaq,2018-05-16 23:16:35,9,r/marvelstudios,81,2018-05-17 02:38:54,0,0,1,0
8jzgaq,2018-05-16 23:16:35,9,r/marvelstudios,82,2018-05-17 02:40:11,0,0,1,0
8jzgaq,2018-05-16 23:16:35,9,r/marvelstudios,83,2018-05-17 02:42:34,0,0,1,0
8jzgaq,2018-05-16 23:16:35,9,r/marvelstudios,84,2018-05-17 02:45:27,0,0,1,0
8jzgaq,2018-05-16 23:16:35,9,r/marvelstudios,85,2018-05-17 02:46:48,0,0,1,0
8jzgaq,2018-05-16 23:16:35,9,r/marvelstudios,86,2018-05-17 02:49:21,0,0,1,0
8jzgaq,2018-05-16 23:16:35,9,r/marvelstudios,87,2018-05-17 02:54:30,0,0,1,0
8jzgaq,2018-05-16 23:16:35,9,r/marvelstudios,88,2018-05-17 02:54:58,0,0,1,0
8jzgaq,2018-05-16 23:16:35,9,r/marvelstudios,89,2018-05-17 02:55:30,0,0,1,0
8jzgaq,2018-05-16 23:16:35,9,r/marvelstudios,90,2018-05-17 02:59:33,0,0,1,0
8jzgaq,2018-05-16 23:16:35,9,r/marvelstudios,91,2018-05-17 03:04:58,0,0,1,0
8jzgaq,2018-05-16 23:16:35,9,r/marvelstudios,92,2018-05-17 03:07:09,0,0,1,0
8jzgaq,2018-05-16 23:16:35,9,r/marvelstudios,93,2018-05-17 03:11:51,0,0,1,0
8jzgaq,2018-05-16 23:16:35,9,r/marvelstudios,94,2018-05-17 03:14:51,0,0,1,0
8jzgaq,2018-05-16 23:16:35,9,r/marvelstudios,95,2018-05-17 03:16:50,0,0,1,0
8jzgaq,2018-05-16 23:16:35,9,r/marvelstudios,96,2018-05-17 03:17:11,0,0,1,0
8jzgaq,2018-05-16 23:16:35,9,r/marvelstudios,97,2018-05-17 03:18:29,0,0,1,0
8jzgaq,2018-05-16 23:16:35,9,r/marvelstudios,98,2018-05-17 03:19:29,0,0,1,0
8jzgaq,2018-05-16 23:16:35,9,r/marvelstudios,99,2018-05-17 03:21:10,0,0,1,0
8jzgaq,2018-05-16 23:16:35,9,r/marvelstudios,100,2018-05-17 03:21:24,0,0,1,0
8jzgaq,2018-05-16 23:16:35,9,r/marvelstudios,101,2018-05-17 03:23:51,0,0,1,0
8jzgaq,2018-05-16 23:16:35,9,r/marvelstudios,102,2018-05-17 03:24:31,0,0,1,0
8jzgaq,2018-05-16 23:16:35,9,r/marvelstudios,103,2018-05-17 03:25:27,0,0,1,0
8jzgaq,2018-05-16 23:16:35,9,r/marvelstudios,104,2018-05-17 03:29:38,0,0,1,0
8jzgaq,2018-05-16 23:16:35,9,r/marvelstudios,105,2018-05-17 03:31:27,0,0,1,0
8jzgaq,2018-05-16 23:16:35,9,r/marvelstudios,106,2018-05-17 03:33:08,0,0,1,0
8jzgaq,2018-05-16 23:16:35,9,r/marvelstudios,107,2018-05-17 03:35:18,0,0,1,0
8jzgaq,2018-05-16 23:16:35,9,r/marvelstudios,108,2018-05-17 03:39:25,0,0,1,0
8jzgaq,2018-05-16 23:16:35,9,r/marvelstudios,109,2018-05-17 03:41:07,0,0,1,0
8jzgaq,2018-05-16 23:16:35,9,r/marvelstudios,110,2018-05-17 03:42:06,0,0,1,0
8jzgaq,2018-05-16 23:16:35,9,r/marvelstudios,111,2018-05-17 03:42:58,0,0,1,0
8jzgaq,2018-05-16 23:16:35,9,r/marvelstudios,112,2018-05-17 03:48:21,0,0,1,0
8jzgaq,2018-05-16 23:16:35,9,r/marvelstudios,113,2018-05-17 03:48:48,0,0,1,0
8jzgaq,2018-05-16 23:16:35,9,r/marvelstudios,114,2018-05-17 03:50:13,0,0,1,0
8jzgaq,2018-05-16 23:16:35,9,r/marvelstudios,115,2018-05-17 03:52:52,0,0,1,0
8jzgaq,2018-05-16 23:16:35,9,r/marvelstudios,116,2018-05-17 03:54:03,0,0,1,0
8jzgaq,2018-05-16 23:16:35,9,r/marvelstudios,117,2018-05-17 03:58:15,0,0,1,0
8jzgaq,2018-05-16 23:16:35,9,r/marvelstudios,118,2018-05-17 04:11:57,0,0,1,0
8jzgaq,2018-05-16 23:16:35,9,r/marvelstudios,119,2018-05-17 04:15:57,0,0,1,0
8jzgaq,2018-05-16 23:16:35,9,r/marvelstudios,120,2018-05-17 04:25:40,0,0,1,0
8jzgaq,2018-05-16 23:16:35,9,r/marvelstudios,121,2018-05-17 04:26:20,0,0,1,0
8jzgaq,2018-05-16 23:16:35,9,r/marvelstudios,122,2018-05-17 04:26:48,0,0,1,0
8jzgaq,2018-05-16 23:16:35,9,r/marvelstudios,123,2018-05-17 04:29:08,0,0,1,0
8jzgaq,2018-05-16 23:16:35,9,r/marvelstudios,124,2018-05-17 04:29:33,0,0,1,0
8jzgaq,2018-05-16 23:16:35,9,r/marvelstudios,125,2018-05-17 04:31:46,0,0,1,0
8jzgaq,2018-05-16 23:16:35,9,r/marvelstudios,126,2018-05-17 04:33:24,0,0,1,0
8jzgaq,2018-05-16 23:16:35,9,r/marvelstudios,127,2018-05-17 04:40:04,0,0,1,0
8jzgaq,2018-05-16 23:16:35,9,r/marvelstudios,128,2018-05-17 04:43:45,0,0,1,0
8jzgaq,2018-05-16 23:16:35,9,r/marvelstudios,129,2018-05-17 04:46:25,0,0,1,0
8jzgaq,2018-05-16 23:16:35,9,r/marvelstudios,130,2018-05-17 04:49:33,0,0,1,0
8jzgaq,2018-05-16 23:16:35,9,r/marvelstudios,131,2018-05-17 04:51:34,0,0,1,0
8jzgaq,2018-05-16 23:16:35,9,r/marvelstudios,132,2018-05-17 04:57:45,0,0,1,0
8jzgaq,2018-05-16 23:16:35,9,r/marvelstudios,133,2018-05-17 04:59:20,0,0,1,0
8jzgaq,2018-05-16 23:16:35,9,r/marvelstudios,134,2018-05-17 05:00:17,0,0,1,0
8jzgaq,2018-05-16 23:16:35,9,r/marvelstudios,135,2018-05-17 05:02:03,0,0,1,0
8jzgaq,2018-05-16 23:16:35,9,r/marvelstudios,136,2018-05-17 05:09:37,0,0,1,0
8jzgaq,2018-05-16 23:16:35,9,r/marvelstudios,137,2018-05-17 05:10:35,0,0,1,0
8jzgaq,2018-05-16 23:16:35,9,r/marvelstudios,138,2018-05-17 05:13:58,0,0,1,0
8jzgaq,2018-05-16 23:16:35,9,r/marvelstudios,139,2018-05-17 05:16:14,0,0,1,0
8jzgaq,2018-05-16 23:16:35,9,r/marvelstudios,140,2018-05-17 05:16:26,0,0,1,0
8jzgaq,2018-05-16 23:16:35,9,r/marvelstudios,141,2018-05-17 05:17:06,0,0,1,0
8jzgaq,2018-05-16 23:16:35,9,r/marvelstudios,142,2018-05-17 02:00:25,0,0,0,0
8jzgaq,2018-05-16 23:16:35,9,r/marvelstudios,143,2018-05-17 02:26:07,0,0,-1,0
8jzbd0,2018-05-16 22:57:24,10,r/WhitePeopleTwitter,0,2018-05-16 23:44:55,0,3,1776,0
8jzbd0,2018-05-16 22:57:24,10,r/WhitePeopleTwitter,0,2018-05-17 01:35:14,1,2,518,0
8jzbd0,2018-05-16 22:57:24,10,r/WhitePeopleTwitter,0,2018-05-17 02:07:35,2,4,265,0
8jzbd0,2018-05-16 22:57:24,10,r/WhitePeopleTwitter,0,2018-05-17 02:15:18,3,2,446,0
8jzbd0,2018-05-16 22:57:24,10,r/WhitePeopleTwitter,0,2018-05-17 02:16:38,4,3,170,0
8jzbd0,2018-05-16 22:57:24,10,r/WhitePeopleTwitter,0,2018-05-17 02:29:44,5,4,110,0
8jzbd0,2018-05-16 22:57:24,10,r/WhitePeopleTwitter,0,2018-05-17 03:31:06,6,0,19,0
8jzbd0,2018-05-16 22:57:24,10,r/WhitePeopleTwitter,0,2018-05-17 04:00:55,6,1,7,0
8jzbd0,2018-05-16 22:57:24,10,r/WhitePeopleTwitter,0,2018-05-17 04:48:40,7,0,2,0
8jzbd0,2018-05-16 22:57:24,10,r/WhitePeopleTwitter,0,2018-05-17 04:02:32,6,0,3,0
8jzbd0,2018-05-16 22:57:24,10,r/WhitePeopleTwitter,0,2018-05-17 03:02:33,6,3,-29,0
8jzbd0,2018-05-16 22:57:24,10,r/WhitePeopleTwitter,0,2018-05-17 03:25:53,7,0,9,0
8jzbd0,2018-05-16 22:57:24,10,r/WhitePeopleTwitter,0,2018-05-17 03:40:59,7,0,4,0
8jzbd0,2018-05-16 22:57:24,10,r/WhitePeopleTwitter,0,2018-05-17 03:37:26,7,0,3,0
8jzbd0,2018-05-16 22:57:24,10,r/WhitePeopleTwitter,0,2018-05-17 04:31:50,5,0,1,0
8jzbd0,2018-05-16 22:57:24,10,r/WhitePeopleTwitter,0,2018-05-17 02:49:42,5,0,1,0
8jzbd0,2018-05-16 22:57:24,10,r/WhitePeopleTwitter,0,2018-05-17 02:31:49,4,1,-6,0
8jzbd0,2018-05-16 22:57:24,10,r/WhitePeopleTwitter,0,2018-05-17 02:51:30,5,1,20,0
8jzbd0,2018-05-16 22:57:24,10,r/WhitePeopleTwitter,0,2018-05-17 03:14:29,6,2,16,0
8jzbd0,2018-05-16 22:57:24,10,r/WhitePeopleTwitter,0,2018-05-17 03:45:44,7,1,7,0
8jzbd0,2018-05-16 22:57:24,10,r/WhitePeopleTwitter,0,2018-05-17 04:06:16,8,0,3,0
8jzbd0,2018-05-16 22:57:24,10,r/WhitePeopleTwitter,0,2018-05-17 03:33:15,7,0,1,0
8jzbd0,2018-05-16 22:57:24,10,r/WhitePeopleTwitter,0,2018-05-17 03:12:11,3,0,2,0
8jzbd0,2018-05-16 22:57:24,10,r/WhitePeopleTwitter,0,2018-05-17 03:45:03,3,1,1,0
8jzbd0,2018-05-16 22:57:24,10,r/WhitePeopleTwitter,0,2018-05-17 04:09:23,4,0,1,0
8jzbd0,2018-05-16 22:57:24,10,r/WhitePeopleTwitter,0,2018-05-17 03:20:24,3,0,1,0
8jzbd0,2018-05-16 22:57:24,10,r/WhitePeopleTwitter,0,2018-05-17 03:07:05,2,0,34,0
8jzbd0,2018-05-16 22:57:24,10,r/WhitePeopleTwitter,0,2018-05-17 02:57:16,1,1,18,0
8jzbd0,2018-05-16 22:57:24,10,r/WhitePeopleTwitter,0,2018-05-17 03:22:27,2,1,12,0
8jzbd0,2018-05-16 22:57:24,10,r/WhitePeopleTwitter,0,2018-05-17 04:09:53,3,0,7,0
8jzbd0,2018-05-16 22:57:24,10,r/WhitePeopleTwitter,0,2018-05-17 04:21:29,1,0,1,0
8jzbd0,2018-05-16 22:57:24,10,r/WhitePeopleTwitter,1,2018-05-17 01:20:44,0,4,432,0
8jzbd0,2018-05-16 22:57:24,10,r/WhitePeopleTwitter,1,2018-05-17 02:44:45,1,2,40,0
8jzbd0,2018-05-16 22:57:24,10,r/WhitePeopleTwitter,1,2018-05-17 03:11:32,2,1,13,0
8jzbd0,2018-05-16 22:57:24,10,r/WhitePeopleTwitter,1,2018-05-17 03:13:30,3,2,23,0
8jzbd0,2018-05-16 22:57:24,10,r/WhitePeopleTwitter,1,2018-05-17 03:15:24,4,2,7,0
8jzbd0,2018-05-16 22:57:24,10,r/WhitePeopleTwitter,1,2018-05-17 03:19:52,5,2,5,0
8jzbd0,2018-05-16 22:57:24,10,r/WhitePeopleTwitter,1,2018-05-17 03:45:29,6,1,8,0
8jzbd0,2018-05-16 22:57:24,10,r/WhitePeopleTwitter,1,2018-05-17 04:32:51,7,0,4,0
8jzbd0,2018-05-16 22:57:24,10,r/WhitePeopleTwitter,1,2018-05-17 03:29:34,6,0,1,0
8jzbd0,2018-05-16 22:57:24,10,r/WhitePeopleTwitter,1,2018-05-17 04:20:08,5,1,4,0
8jzbd0,2018-05-16 22:57:24,10,r/WhitePeopleTwitter,1,2018-05-17 04:45:00,6,0,2,0
8jzbd0,2018-05-16 22:57:24,10,r/WhitePeopleTwitter,1,2018-05-17 04:00:59,4,0,5,0
8jzbd0,2018-05-16 22:57:24,10,r/WhitePeopleTwitter,1,2018-05-17 04:26:57,2,2,2,0
8jzbd0,2018-05-16 22:57:24,10,r/WhitePeopleTwitter,1,2018-05-17 04:33:39,3,0,1,0
8jzbd0,2018-05-16 22:57:24,10,r/WhitePeopleTwitter,1,2018-05-17 05:05:07,3,0,1,0
8jzbd0,2018-05-16 22:57:24,10,r/WhitePeopleTwitter,1,2018-05-17 04:08:42,1,1,4,0
8jzbd0,2018-05-16 22:57:24,10,r/WhitePeopleTwitter,1,2018-05-17 04:08:49,2,0,1,0
8jzbd0,2018-05-16 22:57:24,10,r/WhitePeopleTwitter,1,2018-05-17 04:03:21,1,0,2,0
8jzbd0,2018-05-16 22:57:24,10,r/WhitePeopleTwitter,1,2018-05-17 04:33:08,1,0,1,0
8jzbd0,2018-05-16 22:57:24,10,r/WhitePeopleTwitter,2,2018-05-17 01:55:59,0,8,210,0
8jzbd0,2018-05-16 22:57:24,10,r/WhitePeopleTwitter,2,2018-05-17 02:05:46,1,2,68,0
8jzbd0,2018-05-16 22:57:24,10,r/WhitePeopleTwitter,2,2018-05-17 03:05:06,2,5,-32,0
8jzbd0,2018-05-16 22:57:24,10,r/WhitePeopleTwitter,2,2018-05-17 03:06:33,3,0,23,0
8jzbd0,2018-05-16 22:57:24,10,r/WhitePeopleTwitter,2,2018-05-17 03:10:41,3,0,14,0
8jzbd0,2018-05-16 22:57:24,10,r/WhitePeopleTwitter,2,2018-05-17 03:19:08,3,0,9,0
8jzbd0,2018-05-16 22:57:24,10,r/WhitePeopleTwitter,2,2018-05-17 03:11:13,3,0,7,0
8jzbd0,2018-05-16 22:57:24,10,r/WhitePeopleTwitter,2,2018-05-17 03:13:45,3,1,-8,0
8jzbd0,2018-05-16 22:57:24,10,r/WhitePeopleTwitter,2,2018-05-17 03:30:06,4,1,10,0
8jzbd0,2018-05-16 22:57:24,10,r/WhitePeopleTwitter,2,2018-05-17 03:34:57,5,1,0,0
8jzbd0,2018-05-16 22:57:24,10,r/WhitePeopleTwitter,2,2018-05-17 03:40:02,6,1,0,0
8jzbd0,2018-05-16 22:57:24,10,r/WhitePeopleTwitter,2,2018-05-17 04:06:28,7,1,2,0
8jzbd0,2018-05-16 22:57:24,10,r/WhitePeopleTwitter,2,2018-05-17 04:09:41,8,1,2,0
8jzbd0,2018-05-16 22:57:24,10,r/WhitePeopleTwitter,2,2018-05-17 04:45:15,9,0,1,0
8jzbd0,2018-05-16 22:57:24,10,r/WhitePeopleTwitter,2,2018-05-17 03:20:04,2,6,-25,0
8jzbd0,2018-05-16 22:57:24,10,r/WhitePeopleTwitter,2,2018-05-17 03:23:20,3,0,10,0
8jzbd0,2018-05-16 22:57:24,10,r/WhitePeopleTwitter,2,2018-05-17 03:47:21,3,1,9,0
8jzbd0,2018-05-16 22:57:24,10,r/WhitePeopleTwitter,2,2018-05-17 04:34:28,4,0,1,0
8jzbd0,2018-05-16 22:57:24,10,r/WhitePeopleTwitter,2,2018-05-17 03:31:45,3,1,8,0
8jzbd0,2018-05-16 22:57:24,10,r/WhitePeopleTwitter,2,2018-05-17 03:34:09,4,0,-7,0
8jzbd0,2018-05-16 22:57:24,10,r/WhitePeopleTwitter,2,2018-05-17 03:41:11,3,0,5,0
8jzbd0,2018-05-16 22:57:24,10,r/WhitePeopleTwitter,2,2018-05-17 03:51:29,3,0,4,0
8jzbd0,2018-05-16 22:57:24,10,r/WhitePeopleTwitter,2,2018-05-17 04:18:30,3,0,4,0
8jzbd0,2018-05-16 22:57:24,10,r/WhitePeopleTwitter,2,2018-05-17 02:41:19,1,1,31,0
8jzbd0,2018-05-16 22:57:24,10,r/WhitePeopleTwitter,2,2018-05-17 02:56:58,2,2,11,0
8jzbd0,2018-05-16 22:57:24,10,r/WhitePeopleTwitter,2,2018-05-17 03:01:10,3,1,8,0
8jzbd0,2018-05-16 22:57:24,10,r/WhitePeopleTwitter,2,2018-05-17 03:18:59,4,1,5,0
8jzbd0,2018-05-16 22:57:24,10,r/WhitePeopleTwitter,2,2018-05-17 03:30:26,5,1,10,0
8jzbd0,2018-05-16 22:57:24,10,r/WhitePeopleTwitter,2,2018-05-17 03:43:03,6,0,4,0
8jzbd0,2018-05-16 22:57:24,10,r/WhitePeopleTwitter,2,2018-05-17 03:50:12,3,1,3,0
8jzbd0,2018-05-16 22:57:24,10,r/WhitePeopleTwitter,2,2018-05-17 05:05:40,4,0,2,0
8jzbd0,2018-05-16 22:57:24,10,r/WhitePeopleTwitter,2,2018-05-17 02:50:05,1,0,5,0
8jzbd0,2018-05-16 22:57:24,10,r/WhitePeopleTwitter,2,2018-05-17 03:28:01,1,0,5,0
8jzbd0,2018-05-16 22:57:24,10,r/WhitePeopleTwitter,2,2018-05-17 04:08:34,1,0,3,0
8jzbd0,2018-05-16 22:57:24,10,r/WhitePeopleTwitter,2,2018-05-17 02:53:39,1,0,2,0
8jzbd0,2018-05-16 22:57:24,10,r/WhitePeopleTwitter,2,2018-05-17 04:02:04,1,0,2,0
8jzbd0,2018-05-16 22:57:24,10,r/WhitePeopleTwitter,2,2018-05-17 03:00:11,1,0,1,0
8jzbd0,2018-05-16 22:57:24,10,r/WhitePeopleTwitter,3,2018-05-17 01:54:44,0,2,28,0
8jzbd0,2018-05-16 22:57:24,10,r/WhitePeopleTwitter,3,2018-05-17 03:16:47,1,0,13,0
8jzbd0,2018-05-16 22:57:24,10,r/WhitePeopleTwitter,3,2018-05-17 03:26:58,1,0,7,0
8jzbd0,2018-05-16 22:57:24,10,r/WhitePeopleTwitter,4,2018-05-17 02:55:14,0,0,19,0
8jzbd0,2018-05-16 22:57:24,10,r/WhitePeopleTwitter,5,2018-05-17 02:45:16,0,0,17,0
8jzbd0,2018-05-16 22:57:24,10,r/WhitePeopleTwitter,6,2018-05-17 00:31:51,0,6,30,0
8jzbd0,2018-05-16 22:57:24,10,r/WhitePeopleTwitter,6,2018-05-17 01:09:48,1,1,92,0
8jzbd0,2018-05-16 22:57:24,10,r/WhitePeopleTwitter,6,2018-05-17 02:51:45,2,1,9,0
8jzbd0,2018-05-16 22:57:24,10,r/WhitePeopleTwitter,6,2018-05-17 04:40:56,3,0,1,0
8jzbd0,2018-05-16 22:57:24,10,r/WhitePeopleTwitter,6,2018-05-17 02:05:58,1,0,34,0
8jzbd0,2018-05-16 22:57:24,10,r/WhitePeopleTwitter,6,2018-05-17 01:08:25,1,0,19,0
8jzbd0,2018-05-16 22:57:24,10,r/WhitePeopleTwitter,6,2018-05-17 03:19:27,1,0,3,0
8jzbd0,2018-05-16 22:57:24,10,r/WhitePeopleTwitter,6,2018-05-17 03:44:21,1,0,1,0
8jzbd0,2018-05-16 22:57:24,10,r/WhitePeopleTwitter,6,2018-05-17 02:28:30,1,1,-7,0
8jzbd0,2018-05-16 22:57:24,10,r/WhitePeopleTwitter,6,2018-05-17 03:10:32,2,1,7,0
8jzbd0,2018-05-16 22:57:24,10,r/WhitePeopleTwitter,6,2018-05-17 03:39:45,3,0,3,0
8jzbd0,2018-05-16 22:57:24,10,r/WhitePeopleTwitter,7,2018-05-17 03:41:31,0,0,3,0
8jzbd0,2018-05-16 22:57:24,10,r/WhitePeopleTwitter,8,2018-05-17 02:16:55,0,0,6,0
8jzbd0,2018-05-16 22:57:24,10,r/WhitePeopleTwitter,9,2018-05-17 02:34:57,0,3,7,0
8jzbd0,2018-05-16 22:57:24,10,r/WhitePeopleTwitter,9,2018-05-17 03:04:40,1,1,5,0
8jzbd0,2018-05-16 22:57:24,10,r/WhitePeopleTwitter,9,2018-05-17 03:18:28,2,0,2,0
8jzbd0,2018-05-16 22:57:24,10,r/WhitePeopleTwitter,9,2018-05-17 03:16:46,1,2,2,0
8jzbd0,2018-05-16 22:57:24,10,r/WhitePeopleTwitter,9,2018-05-17 04:06:51,2,0,2,0
8jzbd0,2018-05-16 22:57:24,10,r/WhitePeopleTwitter,9,2018-05-17 05:17:22,2,0,1,0
8jzbd0,2018-05-16 22:57:24,10,r/WhitePeopleTwitter,9,2018-05-17 02:50:55,1,0,4,0
8jzbd0,2018-05-16 22:57:24,10,r/WhitePeopleTwitter,10,2018-05-17 02:43:49,0,0,4,0
8jzbd0,2018-05-16 22:57:24,10,r/WhitePeopleTwitter,11,2018-05-16 23:37:41,0,3,7,0
8jzbd0,2018-05-16 22:57:24,10,r/WhitePeopleTwitter,11,2018-05-17 00:27:58,1,4,47,0
8jzbd0,2018-05-16 22:57:24,10,r/WhitePeopleTwitter,11,2018-05-17 01:25:16,2,0,14,0
8jzbd0,2018-05-16 22:57:24,10,r/WhitePeopleTwitter,11,2018-05-17 02:17:00,2,0,13,0
8jzbd0,2018-05-16 22:57:24,10,r/WhitePeopleTwitter,11,2018-05-17 02:47:43,2,0,1,0
8jzbd0,2018-05-16 22:57:24,10,r/WhitePeopleTwitter,11,2018-05-17 04:03:24,2,0,1,0
8jzbd0,2018-05-16 22:57:24,10,r/WhitePeopleTwitter,11,2018-05-17 02:01:35,1,2,13,0
8jzbd0,2018-05-16 22:57:24,10,r/WhitePeopleTwitter,11,2018-05-17 02:35:33,2,0,3,0
8jzbd0,2018-05-16 22:57:24,10,r/WhitePeopleTwitter,11,2018-05-17 02:06:29,2,1,1,0
8jzbd0,2018-05-16 22:57:24,10,r/WhitePeopleTwitter,11,2018-05-17 02:20:21,3,1,1,0
8jzbd0,2018-05-16 22:57:24,10,r/WhitePeopleTwitter,11,2018-05-17 02:31:22,4,1,0,0
8jzbd0,2018-05-16 22:57:24,10,r/WhitePeopleTwitter,11,2018-05-17 02:34:57,5,1,0,0
8jzbd0,2018-05-16 22:57:24,10,r/WhitePeopleTwitter,11,2018-05-17 02:43:27,6,1,0,0
8jzbd0,2018-05-16 22:57:24,10,r/WhitePeopleTwitter,11,2018-05-17 03:05:54,7,0,0,0
8jzbd0,2018-05-16 22:57:24,10,r/WhitePeopleTwitter,11,2018-05-17 03:16:12,1,1,1,0
8jzbd0,2018-05-16 22:57:24,10,r/WhitePeopleTwitter,11,2018-05-17 03:27:37,2,0,1,0
8jzbd0,2018-05-16 22:57:24,10,r/WhitePeopleTwitter,12,2018-05-17 02:09:59,0,0,2,0
8jzbd0,2018-05-16 22:57:24,10,r/WhitePeopleTwitter,13,2018-05-17 02:58:25,0,0,2,0
8jzbd0,2018-05-16 22:57:24,10,r/WhitePeopleTwitter,14,2018-05-17 01:46:49,0,0,1,0
8jzbd0,2018-05-16 22:57:24,10,r/WhitePeopleTwitter,15,2018-05-17 03:00:09,0,0,1,0
8jzbd0,2018-05-16 22:57:24,10,r/WhitePeopleTwitter,16,2018-05-17 03:12:47,0,0,1,0
8jzbd0,2018-05-16 22:57:24,10,r/WhitePeopleTwitter,17,2018-05-17 03:14:34,0,0,1,0
8jzbd0,2018-05-16 22:57:24,10,r/WhitePeopleTwitter,18,2018-05-17 03:25:26,0,0,1,0
8jzbd0,2018-05-16 22:57:24,10,r/WhitePeopleTwitter,19,2018-05-17 03:45:21,0,0,1,0
8jzbd0,2018-05-16 22:57:24,10,r/WhitePeopleTwitter,20,2018-05-17 04:06:10,0,0,1,0
8jzbd0,2018-05-16 22:57:24,10,r/WhitePeopleTwitter,21,2018-05-17 04:08:46,0,0,1,0
8jzbd0,2018-05-16 22:57:24,10,r/WhitePeopleTwitter,22,2018-05-17 04:09:09,0,0,1,0
8jzbd0,2018-05-16 22:57:24,10,r/WhitePeopleTwitter,23,2018-05-17 04:14:58,0,0,1,0
8jzbd0,2018-05-16 22:57:24,10,r/WhitePeopleTwitter,24,2018-05-17 04:16:01,0,0,1,0
8jzbd0,2018-05-16 22:57:24,10,r/WhitePeopleTwitter,25,2018-05-17 04:27:24,0,0,1,0
8jzbd0,2018-05-16 22:57:24,10,r/WhitePeopleTwitter,26,2018-05-17 04:31:04,0,0,1,0
8jzbd0,2018-05-16 22:57:24,10,r/WhitePeopleTwitter,27,2018-05-17 04:37:04,0,0,1,0
8jzbd0,2018-05-16 22:57:24,10,r/WhitePeopleTwitter,28,2018-05-17 04:43:41,0,0,1,0
8jzbd0,2018-05-16 22:57:24,10,r/WhitePeopleTwitter,29,2018-05-17 04:48:40,0,0,1,0
8jzbd0,2018-05-16 22:57:24,10,r/WhitePeopleTwitter,30,2018-05-17 04:57:33,0,0,1,0
8jzbd0,2018-05-16 22:57:24,10,r/WhitePeopleTwitter,31,2018-05-17 05:02:28,0,0,1,0
8jzbd0,2018-05-16 22:57:24,10,r/WhitePeopleTwitter,32,2018-05-17 05:03:08,0,0,1,0
8jzbd0,2018-05-16 22:57:24,10,r/WhitePeopleTwitter,33,2018-05-17 05:09:04,0,0,1,0
8jzbd0,2018-05-16 22:57:24,10,r/WhitePeopleTwitter,34,2018-05-17 05:10:23,0,0,1,0
8jzbd0,2018-05-16 22:57:24,10,r/WhitePeopleTwitter,35,2018-05-17 01:43:21,0,1,-2,0
8jzbd0,2018-05-16 22:57:24,10,r/WhitePeopleTwitter,35,2018-05-17 02:01:46,1,0,7,0
8jzbd0,2018-05-16 22:57:24,10,r/WhitePeopleTwitter,36,2018-05-17 03:01:26,0,0,1,0
8jzbd0,2018-05-16 22:57:24,10,r/WhitePeopleTwitter,37,2018-05-17 03:24:17,0,1,1,0
8jzbd0,2018-05-16 22:57:24,10,r/WhitePeopleTwitter,37,2018-05-17 03:33:10,1,0,1,0
8jzbd0,2018-05-16 22:57:24,10,r/WhitePeopleTwitter,38,2018-05-17 03:30:34,0,0,1,0
8jzbd0,2018-05-16 22:57:24,10,r/WhitePeopleTwitter,39,2018-05-17 00:10:21,0,4,-5,0
8jzbd0,2018-05-16 22:57:24,10,r/WhitePeopleTwitter,39,2018-05-17 01:55:28,1,0,10,0
8jzbd0,2018-05-16 22:57:24,10,r/WhitePeopleTwitter,39,2018-05-17 02:14:17,1,0,7,0
8jzbd0,2018-05-16 22:57:24,10,r/WhitePeopleTwitter,39,2018-05-17 01:54:01,1,0,6,0
8jzbd0,2018-05-16 22:57:24,10,r/WhitePeopleTwitter,39,2018-05-17 02:36:57,1,0,1,0
8jzbd0,2018-05-16 22:57:24,10,r/WhitePeopleTwitter,40,2018-05-17 02:43:51,0,0,0,0
8jzbd0,2018-05-16 22:57:24,10,r/WhitePeopleTwitter,41,2018-05-17 01:59:58,0,1,-3,0
8jzbd0,2018-05-16 22:57:24,10,r/WhitePeopleTwitter,41,2018-05-17 02:15:06,1,0,2,0
8jzbd0,2018-05-16 22:57:24,10,r/WhitePeopleTwitter,42,2018-05-17 02:27:38,0,0,-1,0
8jz4wg,2018-05-16 22:30:54,11,r/DesignPorn,0,2018-05-17 01:48:53,0,26,2276,0
8jz4wg,2018-05-16 22:30:54,11,r/DesignPorn,0,2018-05-17 02:08:05,1,6,782,0
8jz4wg,2018-05-16 22:30:54,11,r/DesignPorn,0,2018-05-17 02:49:23,2,3,221,0
8jz4wg,2018-05-16 22:30:54,11,r/DesignPorn,0,2018-05-17 02:52:23,3,2,74,0
8jz4wg,2018-05-16 22:30:54,11,r/DesignPorn,0,2018-05-17 02:56:08,4,5,149,0
8jz4wg,2018-05-16 22:30:54,11,r/DesignPorn,0,2018-05-17 02:58:16,5,1,24,0
8jz4wg,2018-05-16 22:30:54,11,r/DesignPorn,0,2018-05-17 04:10:16,6,1,8,0
8jz4wg,2018-05-16 22:30:54,11,r/DesignPorn,0,2018-05-17 04:32:52,7,1,7,0
8jz4wg,2018-05-16 22:30:54,11,r/DesignPorn,0,2018-05-17 04:42:50,8,0,10,0
8jz4wg,2018-05-16 22:30:54,11,r/DesignPorn,0,2018-05-17 03:05:40,5,4,-3,0
8jz4wg,2018-05-16 22:30:54,11,r/DesignPorn,0,2018-05-17 03:17:51,6,0,16,0
8jz4wg,2018-05-16 22:30:54,11,r/DesignPorn,0,2018-05-17 03:10:09,6,0,7,0
8jz4wg,2018-05-16 22:30:54,11,r/DesignPorn,0,2018-05-17 03:19:13,6,1,7,0
8jz4wg,2018-05-16 22:30:54,11,r/DesignPorn,0,2018-05-17 03:24:43,7,1,8,0
8jz4wg,2018-05-16 22:30:54,11,r/DesignPorn,0,2018-05-17 03:38:36,8,0,3,0
8jz4wg,2018-05-16 22:30:54,11,r/DesignPorn,0,2018-05-17 03:21:49,6,0,1,0
8jz4wg,2018-05-16 22:30:54,11,r/DesignPorn,0,2018-05-17 02:57:30,5,1,-4,0
8jz4wg,2018-05-16 22:30:54,11,r/DesignPorn,0,2018-05-17 03:03:07,6,0,-4,0
8jz4wg,2018-05-16 22:30:54,11,r/DesignPorn,0,2018-05-17 03:29:13,5,0,0,0
8jz4wg,2018-05-16 22:30:54,11,r/DesignPorn,0,2018-05-17 04:10:49,5,0,0,0
8jz4wg,2018-05-16 22:30:54,11,r/DesignPorn,0,2018-05-17 05:17:42,4,0,1,0
8jz4wg,2018-05-16 22:30:54,11,r/DesignPorn,0,2018-05-17 03:42:39,3,0,7,0
8jz4wg,2018-05-16 22:30:54,11,r/DesignPorn,0,2018-05-17 03:04:12,3,0,2,0
8jz4wg,2018-05-16 22:30:54,11,r/DesignPorn,0,2018-05-17 03:33:15,2,0,3,0
8jz4wg,2018-05-16 22:30:54,11,r/DesignPorn,0,2018-05-17 02:52:10,2,0,3,0
8jz4wg,2018-05-16 22:30:54,11,r/DesignPorn,0,2018-05-17 03:58:49,2,0,1,0
8jz4wg,2018-05-16 22:30:54,11,r/DesignPorn,0,2018-05-17 04:08:58,2,0,1,0
8jz4wg,2018-05-16 22:30:54,11,r/DesignPorn,0,2018-05-17 03:07:09,2,2,-2,0
8jz4wg,2018-05-16 22:30:54,11,r/DesignPorn,0,2018-05-17 03:12:23,3,1,23,0
8jz4wg,2018-05-16 22:30:54,11,r/DesignPorn,0,2018-05-17 04:04:54,4,0,1,0
8jz4wg,2018-05-16 22:30:54,11,r/DesignPorn,0,2018-05-17 03:42:18,3,2,5,0
8jz4wg,2018-05-16 22:30:54,11,r/DesignPorn,0,2018-05-17 04:04:13,4,0,2,0
8jz4wg,2018-05-16 22:30:54,11,r/DesignPorn,0,2018-05-17 03:54:37,4,0,-3,0
8jz4wg,2018-05-16 22:30:54,11,r/DesignPorn,0,2018-05-17 02:24:35,1,3,266,0
8jz4wg,2018-05-16 22:30:54,11,r/DesignPorn,0,2018-05-17 02:43:41,2,6,113,0
8jz4wg,2018-05-16 22:30:54,11,r/DesignPorn,0,2018-05-17 02:51:28,3,4,69,0
8jz4wg,2018-05-16 22:30:54,11,r/DesignPorn,0,2018-05-17 03:08:38,4,2,61,0
8jz4wg,2018-05-16 22:30:54,11,r/DesignPorn,0,2018-05-17 03:10:56,5,2,42,0
8jz4wg,2018-05-16 22:30:54,11,r/DesignPorn,0,2018-05-17 03:14:33,6,1,21,0
8jz4wg,2018-05-16 22:30:54,11,r/DesignPorn,0,2018-05-17 03:57:56,7,2,11,0
8jz4wg,2018-05-16 22:30:54,11,r/DesignPorn,0,2018-05-17 04:27:22,8,0,2,0
8jz4wg,2018-05-16 22:30:54,11,r/DesignPorn,0,2018-05-17 04:28:01,8,0,1,0
8jz4wg,2018-05-16 22:30:54,11,r/DesignPorn,0,2018-05-17 04:54:04,6,0,1,0
8jz4wg,2018-05-16 22:30:54,11,r/DesignPorn,0,2018-05-17 03:30:21,5,1,5,0
8jz4wg,2018-05-16 22:30:54,11,r/DesignPorn,0,2018-05-17 04:06:38,6,0,1,0
8jz4wg,2018-05-16 22:30:54,11,r/DesignPorn,0,2018-05-17 03:08:56,4,0,3,0
8jz4wg,2018-05-16 22:30:54,11,r/DesignPorn,0,2018-05-17 03:05:11,4,1,2,0
8jz4wg,2018-05-16 22:30:54,11,r/DesignPorn,0,2018-05-17 04:26:51,5,1,1,0
8jz4wg,2018-05-16 22:30:54,11,r/DesignPorn,0,2018-05-17 04:42:41,6,0,1,0
8jz4wg,2018-05-16 22:30:54,11,r/DesignPorn,0,2018-05-17 04:10:32,4,1,2,0
8jz4wg,2018-05-16 22:30:54,11,r/DesignPorn,0,2018-05-17 04:22:15,5,0,1,0
8jz4wg,2018-05-16 22:30:54,11,r/DesignPorn,0,2018-05-17 02:48:32,3,1,10,0
8jz4wg,2018-05-16 22:30:54,11,r/DesignPorn,0,2018-05-17 02:52:12,4,1,6,0
8jz4wg,2018-05-16 22:30:54,11,r/DesignPorn,0,2018-05-17 02:53:55,5,1,3,0
8jz4wg,2018-05-16 22:30:54,11,r/DesignPorn,0,2018-05-17 03:02:48,6,0,5,0
8jz4wg,2018-05-16 22:30:54,11,r/DesignPorn,0,2018-05-17 03:23:44,3,1,5,0
8jz4wg,2018-05-16 22:30:54,11,r/DesignPorn,0,2018-05-17 04:06:41,4,1,1,0
8jz4wg,2018-05-16 22:30:54,11,r/DesignPorn,0,2018-05-17 04:36:52,5,0,-2,0
8jz4wg,2018-05-16 22:30:54,11,r/DesignPorn,0,2018-05-17 02:55:55,3,1,2,0
8jz4wg,2018-05-16 22:30:54,11,r/DesignPorn,0,2018-05-17 04:22:44,4,0,1,0
8jz4wg,2018-05-16 22:30:54,11,r/DesignPorn,0,2018-05-17 03:41:53,3,1,2,0
8jz4wg,2018-05-16 22:30:54,11,r/DesignPorn,0,2018-05-17 03:58:27,4,0,2,0
8jz4wg,2018-05-16 22:30:54,11,r/DesignPorn,0,2018-05-17 04:39:48,3,0,1,0
8jz4wg,2018-05-16 22:30:54,11,r/DesignPorn,0,2018-05-17 02:44:45,2,1,6,0
8jz4wg,2018-05-16 22:30:54,11,r/DesignPorn,0,2018-05-17 02:46:13,3,0,6,0
8jz4wg,2018-05-16 22:30:54,11,r/DesignPorn,0,2018-05-17 04:34:48,2,0,1,0
8jz4wg,2018-05-16 22:30:54,11,r/DesignPorn,0,2018-05-17 02:28:23,1,5,45,0
8jz4wg,2018-05-16 22:30:54,11,r/DesignPorn,0,2018-05-17 02:42:37,2,1,27,0
8jz4wg,2018-05-16 22:30:54,11,r/DesignPorn,0,2018-05-17 02:53:06,3,0,7,0
8jz4wg,2018-05-16 22:30:54,11,r/DesignPorn,0,2018-05-17 02:35:22,2,0,14,0
8jz4wg,2018-05-16 22:30:54,11,r/DesignPorn,0,2018-05-17 02:44:30,2,0,3,0
8jz4wg,2018-05-16 22:30:54,11,r/DesignPorn,0,2018-05-17 03:01:28,2,1,1,0
8jz4wg,2018-05-16 22:30:54,11,r/DesignPorn,0,2018-05-17 03:01:31,3,0,1,0
8jz4wg,2018-05-16 22:30:54,11,r/DesignPorn,0,2018-05-17 03:17:14,2,0,1,0
8jz4wg,2018-05-16 22:30:54,11,r/DesignPorn,0,2018-05-17 02:39:31,1,2,13,0
8jz4wg,2018-05-16 22:30:54,11,r/DesignPorn,0,2018-05-17 03:01:03,2,2,19,0
8jz4wg,2018-05-16 22:30:54,11,r/DesignPorn,0,2018-05-17 03:06:59,3,1,12,0
8jz4wg,2018-05-16 22:30:54,11,r/DesignPorn,0,2018-05-17 03:08:02,4,0,5,0
8jz4wg,2018-05-16 22:30:54,11,r/DesignPorn,0,2018-05-17 03:39:02,3,0,1,0
8jz4wg,2018-05-16 22:30:54,11,r/DesignPorn,0,2018-05-17 02:46:26,2,1,2,0
8jz4wg,2018-05-16 22:30:54,11,r/DesignPorn,0,2018-05-17 04:34:11,3,0,1,0
8jz4wg,2018-05-16 22:30:54,11,r/DesignPorn,0,2018-05-17 02:12:09,1,0,8,0
8jz4wg,2018-05-16 22:30:54,11,r/DesignPorn,0,2018-05-17 02:30:20,1,0,9,0
8jz4wg,2018-05-16 22:30:54,11,r/DesignPorn,0,2018-05-17 02:29:46,1,2,12,0
8jz4wg,2018-05-16 22:30:54,11,r/DesignPorn,0,2018-05-17 02:32:00,2,0,49,0
8jz4wg,2018-05-16 22:30:54,11,r/DesignPorn,0,2018-05-17 03:03:04,2,2,2,0
8jz4wg,2018-05-16 22:30:54,11,r/DesignPorn,0,2018-05-17 03:38:59,3,0,2,0
8jz4wg,2018-05-16 22:30:54,11,r/DesignPorn,0,2018-05-17 04:09:31,3,0,1,0
8jz4wg,2018-05-16 22:30:54,11,r/DesignPorn,0,2018-05-17 02:29:57,1,1,15,0
8jz4wg,2018-05-16 22:30:54,11,r/DesignPorn,0,2018-05-17 02:46:53,2,2,-5,0
8jz4wg,2018-05-16 22:30:54,11,r/DesignPorn,0,2018-05-17 03:00:50,3,1,3,0
8jz4wg,2018-05-16 22:30:54,11,r/DesignPorn,0,2018-05-17 03:03:24,4,1,0,0
8jz4wg,2018-05-16 22:30:54,11,r/DesignPorn,0,2018-05-17 03:27:38,5,2,3,0
8jz4wg,2018-05-16 22:30:54,11,r/DesignPorn,0,2018-05-17 03:30:05,6,0,1,0
8jz4wg,2018-05-16 22:30:54,11,r/DesignPorn,0,2018-05-17 03:52:16,6,0,1,0
8jz4wg,2018-05-16 22:30:54,11,r/DesignPorn,0,2018-05-17 03:06:09,3,1,1,0
8jz4wg,2018-05-16 22:30:54,11,r/DesignPorn,0,2018-05-17 03:06:54,4,1,1,0
8jz4wg,2018-05-16 22:30:54,11,r/DesignPorn,0,2018-05-17 03:11:18,5,0,1,0
8jz4wg,2018-05-16 22:30:54,11,r/DesignPorn,0,2018-05-17 02:49:49,1,1,3,0
8jz4wg,2018-05-16 22:30:54,11,r/DesignPorn,0,2018-05-17 04:40:59,2,0,1,0
8jz4wg,2018-05-16 22:30:54,11,r/DesignPorn,0,2018-05-17 02:50:44,1,0,3,0
8jz4wg,2018-05-16 22:30:54,11,r/DesignPorn,0,2018-05-17 02:32:10,1,2,7,0
8jz4wg,2018-05-16 22:30:54,11,r/DesignPorn,0,2018-05-17 02:43:08,2,3,16,0
8jz4wg,2018-05-16 22:30:54,11,r/DesignPorn,0,2018-05-17 02:45:11,3,2,2,0
8jz4wg,2018-05-16 22:30:54,11,r/DesignPorn,0,2018-05-17 03:31:58,4,0,2,0
8jz4wg,2018-05-16 22:30:54,11,r/DesignPorn,0,2018-05-17 03:00:05,4,1,3,0
8jz4wg,2018-05-16 22:30:54,11,r/DesignPorn,0,2018-05-17 03:52:05,5,0,3,0
8jz4wg,2018-05-16 22:30:54,11,r/DesignPorn,0,2018-05-17 05:16:43,3,0,1,0
8jz4wg,2018-05-16 22:30:54,11,r/DesignPorn,0,2018-05-17 04:12:18,3,0,-2,0
8jz4wg,2018-05-16 22:30:54,11,r/DesignPorn,0,2018-05-17 02:43:06,2,0,4,0
8jz4wg,2018-05-16 22:30:54,11,r/DesignPorn,0,2018-05-17 02:58:22,1,0,2,0
8jz4wg,2018-05-16 22:30:54,11,r/DesignPorn,0,2018-05-17 03:04:50,1,0,2,0
8jz4wg,2018-05-16 22:30:54,11,r/DesignPorn,0,2018-05-17 02:44:11,1,0,1,0
8jz4wg,2018-05-16 22:30:54,11,r/DesignPorn,0,2018-05-17 02:45:59,1,0,1,0
8jz4wg,2018-05-16 22:30:54,11,r/DesignPorn,0,2018-05-17 02:57:24,1,0,1,0
8jz4wg,2018-05-16 22:30:54,11,r/DesignPorn,0,2018-05-17 03:16:32,1,0,1,0
8jz4wg,2018-05-16 22:30:54,11,r/DesignPorn,0,2018-05-17 03:16:46,1,0,1,0
8jz4wg,2018-05-16 22:30:54,11,r/DesignPorn,0,2018-05-17 03:19:39,1,0,1,0
8jz4wg,2018-05-16 22:30:54,11,r/DesignPorn,0,2018-05-17 03:31:40,1,0,1,0
8jz4wg,2018-05-16 22:30:54,11,r/DesignPorn,0,2018-05-17 03:34:18,1,0,1,0
8jz4wg,2018-05-16 22:30:54,11,r/DesignPorn,0,2018-05-17 03:41:21,1,0,1,0
8jz4wg,2018-05-16 22:30:54,11,r/DesignPorn,0,2018-05-17 03:44:45,1,0,1,0
8jz4wg,2018-05-16 22:30:54,11,r/DesignPorn,0,2018-05-17 04:33:03,1,0,1,0
8jz4wg,2018-05-16 22:30:54,11,r/DesignPorn,0,2018-05-17 04:52:13,1,0,1,0
8jz4wg,2018-05-16 22:30:54,11,r/DesignPorn,0,2018-05-17 05:09:01,1,0,1,0
8jz4wg,2018-05-16 22:30:54,11,r/DesignPorn,1,2018-05-16 22:38:51,0,3,1405,0
8jz4wg,2018-05-16 22:30:54,11,r/DesignPorn,1,2018-05-17 02:10:52,1,2,391,0
8jz4wg,2018-05-16 22:30:54,11,r/DesignPorn,1,2018-05-17 02:45:17,2,0,18,0
8jz4wg,2018-05-16 22:30:54,11,r/DesignPorn,1,2018-05-17 02:22:59,2,3,37,0
8jz4wg,2018-05-16 22:30:54,11,r/DesignPorn,1,2018-05-17 02:27:53,3,4,111,0
8jz4wg,2018-05-16 22:30:54,11,r/DesignPorn,1,2018-05-17 03:46:29,4,0,6,0
8jz4wg,2018-05-16 22:30:54,11,r/DesignPorn,1,2018-05-17 02:41:45,4,0,25,0
8jz4wg,2018-05-16 22:30:54,11,r/DesignPorn,1,2018-05-17 04:04:46,4,0,2,0
8jz4wg,2018-05-16 22:30:54,11,r/DesignPorn,1,2018-05-17 04:09:55,4,0,2,0
8jz4wg,2018-05-16 22:30:54,11,r/DesignPorn,1,2018-05-17 02:25:33,3,0,9,0
8jz4wg,2018-05-16 22:30:54,11,r/DesignPorn,1,2018-05-17 02:38:18,3,2,-6,0
8jz4wg,2018-05-16 22:30:54,11,r/DesignPorn,1,2018-05-17 03:24:05,4,0,2,0
8jz4wg,2018-05-16 22:30:54,11,r/DesignPorn,1,2018-05-17 03:06:45,4,1,1,0
8jz4wg,2018-05-16 22:30:54,11,r/DesignPorn,1,2018-05-17 03:24:56,5,0,0,0
8jz4wg,2018-05-16 22:30:54,11,r/DesignPorn,1,2018-05-17 02:08:15,1,0,-8,0
8jz4wg,2018-05-16 22:30:54,11,r/DesignPorn,1,2018-05-17 02:33:58,1,0,1,0
8jz4wg,2018-05-16 22:30:54,11,r/DesignPorn,2,2018-05-17 01:48:56,0,3,142,0
8jz4wg,2018-05-16 22:30:54,11,r/DesignPorn,2,2018-05-17 02:26:13,1,1,51,0
8jz4wg,2018-05-16 22:30:54,11,r/DesignPorn,2,2018-05-17 04:41:50,2,0,1,0
8jz4wg,2018-05-16 22:30:54,11,r/DesignPorn,2,2018-05-17 03:29:31,1,1,11,0
8jz4wg,2018-05-16 22:30:54,11,r/DesignPorn,2,2018-05-17 04:05:38,2,1,14,0
8jz4wg,2018-05-16 22:30:54,11,r/DesignPorn,2,2018-05-17 04:39:31,3,0,2,0
8jz4wg,2018-05-16 22:30:54,11,r/DesignPorn,2,2018-05-17 04:22:28,1,0,1,0
8jz4wg,2018-05-16 22:30:54,11,r/DesignPorn,3,2018-05-17 00:13:36,0,2,327,0
8jz4wg,2018-05-16 22:30:54,11,r/DesignPorn,3,2018-05-17 02:30:45,1,1,47,0
8jz4wg,2018-05-16 22:30:54,11,r/DesignPorn,3,2018-05-17 02:37:03,2,1,18,0
8jz4wg,2018-05-16 22:30:54,11,r/DesignPorn,3,2018-05-17 02:37:41,3,1,4,0
8jz4wg,2018-05-16 22:30:54,11,r/DesignPorn,3,2018-05-17 02:46:25,4,0,3,0
8jz4wg,2018-05-16 22:30:54,11,r/DesignPorn,3,2018-05-17 03:39:37,1,0,0,0
8jz4wg,2018-05-16 22:30:54,11,r/DesignPorn,4,2018-05-17 01:45:26,0,6,244,0
8jz4wg,2018-05-16 22:30:54,11,r/DesignPorn,4,2018-05-17 02:00:15,1,5,241,0
8jz4wg,2018-05-16 22:30:54,11,r/DesignPorn,4,2018-05-17 02:46:26,2,2,70,0
8jz4wg,2018-05-16 22:30:54,11,r/DesignPorn,4,2018-05-17 02:54:27,3,0,27,0
8jz4wg,2018-05-16 22:30:54,11,r/DesignPorn,4,2018-05-17 03:50:42,3,0,6,0
8jz4wg,2018-05-16 22:30:54,11,r/DesignPorn,4,2018-05-17 02:41:35,2,6,49,0
8jz4wg,2018-05-16 22:30:54,11,r/DesignPorn,4,2018-05-17 03:00:25,3,1,12,0
8jz4wg,2018-05-16 22:30:54,11,r/DesignPorn,4,2018-05-17 04:33:11,4,0,0,0
8jz4wg,2018-05-16 22:30:54,11,r/DesignPorn,4,2018-05-17 03:00:52,3,1,7,0
8jz4wg,2018-05-16 22:30:54,11,r/DesignPorn,4,2018-05-17 04:27:11,4,0,1,0
8jz4wg,2018-05-16 22:30:54,11,r/DesignPorn,4,2018-05-17 03:03:47,3,1,5,0
8jz4wg,2018-05-16 22:30:54,11,r/DesignPorn,4,2018-05-17 03:41:35,4,0,2,0
8jz4wg,2018-05-16 22:30:54,11,r/DesignPorn,4,2018-05-17 03:16:13,3,0,3,0
8jz4wg,2018-05-16 22:30:54,11,r/DesignPorn,4,2018-05-17 03:23:35,3,0,1,0
8jz4wg,2018-05-16 22:30:54,11,r/DesignPorn,4,2018-05-17 04:15:13,3,0,1,0
8jz4wg,2018-05-16 22:30:54,11,r/DesignPorn,4,2018-05-17 03:07:00,2,0,6,0
8jz4wg,2018-05-16 22:30:54,11,r/DesignPorn,4,2018-05-17 02:55:31,2,0,4,0
8jz4wg,2018-05-16 22:30:54,11,r/DesignPorn,4,2018-05-17 04:12:42,2,0,1,0
8jz4wg,2018-05-16 22:30:54,11,r/DesignPorn,4,2018-05-17 03:28:27,1,1,6,0
8jz4wg,2018-05-16 22:30:54,11,r/DesignPorn,4,2018-05-17 04:19:18,2,0,0,0
8jz4wg,2018-05-16 22:30:54,11,r/DesignPorn,4,2018-05-17 03:07:49,1,2,9,0
8jz4wg,2018-05-16 22:30:54,11,r/DesignPorn,4,2018-05-17 03:34:49,2,1,5,0
8jz4wg,2018-05-16 22:30:54,11,r/DesignPorn,4,2018-05-17 03:53:01,3,0,1,0
8jz4wg,2018-05-16 22:30:54,11,r/DesignPorn,4,2018-05-17 03:41:52,2,0,6,0
8jz4wg,2018-05-16 22:30:54,11,r/DesignPorn,4,2018-05-17 02:48:49,1,0,2,0
8jz4wg,2018-05-16 22:30:54,11,r/DesignPorn,4,2018-05-17 03:54:28,1,0,1,0
8jz4wg,2018-05-16 22:30:54,11,r/DesignPorn,4,2018-05-17 03:04:44,1,1,-3,0
8jz4wg,2018-05-16 22:30:54,11,r/DesignPorn,4,2018-05-17 05:13:50,2,0,0,0
8jz4wg,2018-05-16 22:30:54,11,r/DesignPorn,5,2018-05-16 23:50:52,0,3,278,0
8jz4wg,2018-05-16 22:30:54,11,r/DesignPorn,5,2018-05-17 02:26:15,1,4,70,0
8jz4wg,2018-05-16 22:30:54,11,r/DesignPorn,5,2018-05-17 02:33:18,2,0,20,0
8jz4wg,2018-05-16 22:30:54,11,r/DesignPorn,5,2018-05-17 02:32:16,2,0,24,0
8jz4wg,2018-05-16 22:30:54,11,r/DesignPorn,5,2018-05-17 02:38:38,2,0,5,0
8jz4wg,2018-05-16 22:30:54,11,r/DesignPorn,5,2018-05-17 03:20:31,2,0,1,0
8jz4wg,2018-05-16 22:30:54,11,r/DesignPorn,5,2018-05-17 02:32:52,1,0,6,0
8jz4wg,2018-05-16 22:30:54,11,r/DesignPorn,5,2018-05-17 04:07:52,1,0,1,0
8jz4wg,2018-05-16 22:30:54,11,r/DesignPorn,6,2018-05-16 22:54:16,0,3,420,0
8jz4wg,2018-05-16 22:30:54,11,r/DesignPorn,6,2018-05-17 00:13:07,1,4,312,0
8jz4wg,2018-05-16 22:30:54,11,r/DesignPorn,6,2018-05-17 01:34:22,2,2,69,0
8jz4wg,2018-05-16 22:30:54,11,r/DesignPorn,6,2018-05-17 02:22:25,3,1,15,0
8jz4wg,2018-05-16 22:30:54,11,r/DesignPorn,6,2018-05-17 02:27:17,4,3,14,0
8jz4wg,2018-05-16 22:30:54,11,r/DesignPorn,6,2018-05-17 02:42:38,5,1,7,0
8jz4wg,2018-05-16 22:30:54,11,r/DesignPorn,6,2018-05-17 02:47:35,6,0,6,0
8jz4wg,2018-05-16 22:30:54,11,r/DesignPorn,6,2018-05-17 02:53:31,5,0,3,0
8jz4wg,2018-05-16 22:30:54,11,r/DesignPorn,6,2018-05-17 04:36:57,5,0,1,0
8jz4wg,2018-05-16 22:30:54,11,r/DesignPorn,6,2018-05-17 02:57:47,3,1,3,0
8jz4wg,2018-05-16 22:30:54,11,r/DesignPorn,6,2018-05-17 02:58:54,4,0,1,0
8jz4wg,2018-05-16 22:30:54,11,r/DesignPorn,6,2018-05-17 01:03:21,2,0,20,0
8jz4wg,2018-05-16 22:30:54,11,r/DesignPorn,6,2018-05-17 02:06:25,2,1,8,0
8jz4wg,2018-05-16 22:30:54,11,r/DesignPorn,6,2018-05-17 02:17:04,3,0,3,0
8jz4wg,2018-05-16 22:30:54,11,r/DesignPorn,6,2018-05-17 03:58:44,2,0,1,0
8jz4wg,2018-05-16 22:30:54,11,r/DesignPorn,6,2018-05-17 04:19:13,1,0,7,0
8jz4wg,2018-05-16 22:30:54,11,r/DesignPorn,6,2018-05-17 02:30:09,1,1,2,0
8jz4wg,2018-05-16 22:30:54,11,r/DesignPorn,6,2018-05-17 05:08:51,2,0,1,0
8jz4wg,2018-05-16 22:30:54,11,r/DesignPorn,7,2018-05-16 23:52:20,0,4,206,0
8jz4wg,2018-05-16 22:30:54,11,r/DesignPorn,7,2018-05-17 00:27:55,1,1,165,0
8jz4wg,2018-05-16 22:30:54,11,r/DesignPorn,7,2018-05-17 01:39:28,2,0,49,0
8jz4wg,2018-05-16 22:30:54,11,r/DesignPorn,7,2018-05-17 02:37:17,1,0,7,0
8jz4wg,2018-05-16 22:30:54,11,r/DesignPorn,7,2018-05-17 00:36:56,1,2,26,0
8jz4wg,2018-05-16 22:30:54,11,r/DesignPorn,7,2018-05-17 03:40:35,2,0,2,0
8jz4wg,2018-05-16 22:30:54,11,r/DesignPorn,7,2018-05-17 03:38:24,2,1,1,0
8jz4wg,2018-05-16 22:30:54,11,r/DesignPorn,7,2018-05-17 03:45:49,3,1,2,0
8jz4wg,2018-05-16 22:30:54,11,r/DesignPorn,7,2018-05-17 03:50:33,4,0,2,0
8jz4wg,2018-05-16 22:30:54,11,r/DesignPorn,7,2018-05-17 01:05:50,1,0,6,0
8jz4wg,2018-05-16 22:30:54,11,r/DesignPorn,8,2018-05-17 01:14:38,0,5,46,0
8jz4wg,2018-05-16 22:30:54,11,r/DesignPorn,8,2018-05-17 02:26:51,1,2,28,0
8jz4wg,2018-05-16 22:30:54,11,r/DesignPorn,8,2018-05-17 02:35:10,2,1,15,0
8jz4wg,2018-05-16 22:30:54,11,r/DesignPorn,8,2018-05-17 04:41:50,3,0,3,0
8jz4wg,2018-05-16 22:30:54,11,r/DesignPorn,8,2018-05-17 04:37:39,2,0,1,0
8jz4wg,2018-05-16 22:30:54,11,r/DesignPorn,8,2018-05-17 01:24:56,1,1,14,0
8jz4wg,2018-05-16 22:30:54,11,r/DesignPorn,8,2018-05-17 01:43:00,2,0,3,0
8jz4wg,2018-05-16 22:30:54,11,r/DesignPorn,8,2018-05-17 02:27:04,1,0,1,0
8jz4wg,2018-05-16 22:30:54,11,r/DesignPorn,8,2018-05-17 03:24:34,1,0,1,0
8jz4wg,2018-05-16 22:30:54,11,r/DesignPorn,8,2018-05-17 02:22:17,1,1,-4,0
8jz4wg,2018-05-16 22:30:54,11,r/DesignPorn,8,2018-05-17 02:32:18,2,0,1,0
8jz4wg,2018-05-16 22:30:54,11,r/DesignPorn,9,2018-05-17 02:31:53,0,4,8,0
8jz4wg,2018-05-16 22:30:54,11,r/DesignPorn,9,2018-05-17 03:20:30,1,0,4,0
8jz4wg,2018-05-16 22:30:54,11,r/DesignPorn,9,2018-05-17 02:49:26,1,2,1,0
8jz4wg,2018-05-16 22:30:54,11,r/DesignPorn,9,2018-05-17 03:37:40,2,1,1,0
8jz4wg,2018-05-16 22:30:54,11,r/DesignPorn,9,2018-05-17 03:54:43,3,1,1,0
8jz4wg,2018-05-16 22:30:54,11,r/DesignPorn,9,2018-05-17 04:46:58,4,0,1,0
8jz4wg,2018-05-16 22:30:54,11,r/DesignPorn,9,2018-05-17 04:51:11,2,0,1,0
8jz4wg,2018-05-16 22:30:54,11,r/DesignPorn,9,2018-05-17 03:23:41,1,0,1,0
8jz4wg,2018-05-16 22:30:54,11,r/DesignPorn,9,2018-05-17 03:40:41,1,0,1,0
8jz4wg,2018-05-16 22:30:54,11,r/DesignPorn,10,2018-05-17 02:35:15,0,1,7,0
8jz4wg,2018-05-16 22:30:54,11,r/DesignPorn,10,2018-05-17 02:40:29,1,1,5,0
8jz4wg,2018-05-16 22:30:54,11,r/DesignPorn,10,2018-05-17 02:42:32,2,0,5,0
8jz4wg,2018-05-16 22:30:54,11,r/DesignPorn,11,2018-05-16 23:37:25,0,3,36,0
8jz4wg,2018-05-16 22:30:54,11,r/DesignPorn,11,2018-05-17 00:19:52,1,0,64,0
8jz4wg,2018-05-16 22:30:54,11,r/DesignPorn,11,2018-05-17 01:32:24,1,0,11,0
8jz4wg,2018-05-16 22:30:54,11,r/DesignPorn,11,2018-05-17 02:34:45,1,0,1,0
8jz4wg,2018-05-16 22:30:54,11,r/DesignPorn,12,2018-05-17 01:12:29,0,1,4,0
8jz4wg,2018-05-16 22:30:54,11,r/DesignPorn,12,2018-05-17 02:43:03,1,1,2,0
8jz4wg,2018-05-16 22:30:54,11,r/DesignPorn,12,2018-05-17 02:43:42,2,1,1,0
8jz4wg,2018-05-16 22:30:54,11,r/DesignPorn,12,2018-05-17 02:44:44,3,0,2,0
8jz4wg,2018-05-16 22:30:54,11,r/DesignPorn,13,2018-05-17 01:49:34,0,0,4,0
8jz4wg,2018-05-16 22:30:54,11,r/DesignPorn,14,2018-05-17 01:34:23,0,0,3,0
8jz4wg,2018-05-16 22:30:54,11,r/DesignPorn,15,2018-05-17 03:26:13,0,0,3,0
8jz4wg,2018-05-16 22:30:54,11,r/DesignPorn,16,2018-05-17 03:51:24,0,1,3,0
8jz4wg,2018-05-16 22:30:54,11,r/DesignPorn,16,2018-05-17 04:07:06,1,0,1,0
8jz4wg,2018-05-16 22:30:54,11,r/DesignPorn,17,2018-05-17 04:20:57,0,1,3,0
8jz4wg,2018-05-16 22:30:54,11,r/DesignPorn,17,2018-05-17 04:27:59,1,1,4,0
8jz4wg,2018-05-16 22:30:54,11,r/DesignPorn,17,2018-05-17 04:29:17,2,0,4,0
8jz4wg,2018-05-16 22:30:54,11,r/DesignPorn,18,2018-05-16 23:02:33,0,0,9,0
8jz4wg,2018-05-16 22:30:54,11,r/DesignPorn,19,2018-05-17 00:56:27,0,0,2,0
8jz4wg,2018-05-16 22:30:54,11,r/DesignPorn,20,2018-05-17 01:44:25,0,0,2,0
8jz4wg,2018-05-16 22:30:54,11,r/DesignPorn,21,2018-05-17 01:56:44,0,0,2,0
8jz4wg,2018-05-16 22:30:54,11,r/DesignPorn,22,2018-05-17 02:25:19,0,0,2,0
8jz4wg,2018-05-16 22:30:54,11,r/DesignPorn,23,2018-05-17 02:29:41,0,1,2,0
8jz4wg,2018-05-16 22:30:54,11,r/DesignPorn,23,2018-05-17 02:35:48,1,1,1,0
8jz4wg,2018-05-16 22:30:54,11,r/DesignPorn,23,2018-05-17 03:43:23,2,1,1,0
8jz4wg,2018-05-16 22:30:54,11,r/DesignPorn,23,2018-05-17 04:03:13,3,0,1,0
8jz4wg,2018-05-16 22:30:54,11,r/DesignPorn,24,2018-05-17 02:37:08,0,0,2,0
8jz4wg,2018-05-16 22:30:54,11,r/DesignPorn,25,2018-05-17 02:37:16,0,0,2,0
8jz4wg,2018-05-16 22:30:54,11,r/DesignPorn,26,2018-05-17 02:39:44,0,0,2,0
8jz4wg,2018-05-16 22:30:54,11,r/DesignPorn,27,2018-05-17 02:39:48,0,0,2,0
8jz4wg,2018-05-16 22:30:54,11,r/DesignPorn,28,2018-05-17 02:41:44,0,0,2,0
8jz4wg,2018-05-16 22:30:54,11,r/DesignPorn,29,2018-05-17 02:46:19,0,0,2,0
8jz4wg,2018-05-16 22:30:54,11,r/DesignPorn,30,2018-05-17 02:53:38,0,0,2,0
8jz4wg,2018-05-16 22:30:54,11,r/DesignPorn,31,2018-05-17 03:09:43,0,0,2,0
8jz4wg,2018-05-16 22:30:54,11,r/DesignPorn,32,2018-05-17 03:56:29,0,0,2,0
8jz4wg,2018-05-16 22:30:54,11,r/DesignPorn,33,2018-05-17 03:58:56,0,0,2,0
8jz4wg,2018-05-16 22:30:54,11,r/DesignPorn,34,2018-05-17 04:00:17,0,0,2,0
8jz4wg,2018-05-16 22:30:54,11,r/DesignPorn,35,2018-05-17 04:01:19,0,0,2,0
8jz4wg,2018-05-16 22:30:54,11,r/DesignPorn,36,2018-05-17 04:10:07,0,0,2,0
8jz4wg,2018-05-16 22:30:54,11,r/DesignPorn,37,2018-05-17 04:12:01,0,0,2,0
8jz4wg,2018-05-16 22:30:54,11,r/DesignPorn,38,2018-05-17 04:18:36,0,0,2,0
8jz4wg,2018-05-16 22:30:54,11,r/DesignPorn,39,2018-05-17 02:21:09,0,2,2,0
8jz4wg,2018-05-16 22:30:54,11,r/DesignPorn,39,2018-05-17 04:12:16,1,0,1,0
8jz4wg,2018-05-16 22:30:54,11,r/DesignPorn,39,2018-05-17 04:24:17,1,0,1,0
8jz4wg,2018-05-16 22:30:54,11,r/DesignPorn,40,2018-05-17 02:31:47,0,0,2,0
8jz4wg,2018-05-16 22:30:54,11,r/DesignPorn,41,2018-05-17 01:46:43,0,0,1,0
8jz4wg,2018-05-16 22:30:54,11,r/DesignPorn,42,2018-05-17 01:47:52,0,0,1,0
8jz4wg,2018-05-16 22:30:54,11,r/DesignPorn,43,2018-05-17 01:51:45,0,0,1,0
8jz4wg,2018-05-16 22:30:54,11,r/DesignPorn,44,2018-05-17 01:53:02,0,0,1,0
8jz4wg,2018-05-16 22:30:54,11,r/DesignPorn,45,2018-05-17 02:06:47,0,0,1,0
8jz4wg,2018-05-16 22:30:54,11,r/DesignPorn,46,2018-05-17 02:15:01,0,1,1,0
8jz4wg,2018-05-16 22:30:54,11,r/DesignPorn,46,2018-05-17 04:19:08,1,1,2,0
8jz4wg,2018-05-16 22:30:54,11,r/DesignPorn,46,2018-05-17 04:22:14,2,0,2,0
8jz4wg,2018-05-16 22:30:54,11,r/DesignPorn,47,2018-05-17 02:15:46,0,1,1,0
8jz4wg,2018-05-16 22:30:54,11,r/DesignPorn,47,2018-05-17 02:16:59,1,0,1,0
8jz4wg,2018-05-16 22:30:54,11,r/DesignPorn,48,2018-05-17 02:17:10,0,0,1,0
8jz4wg,2018-05-16 22:30:54,11,r/DesignPorn,49,2018-05-17 02:17:23,0,0,1,0
8jz4wg,2018-05-16 22:30:54,11,r/DesignPorn,50,2018-05-17 02:17:27,0,0,1,0
8jz4wg,2018-05-16 22:30:54,11,r/DesignPorn,51,2018-05-17 02:20:13,0,0,1,0
8jz4wg,2018-05-16 22:30:54,11,r/DesignPorn,52,2018-05-17 02:27:13,0,0,1,0
8jz4wg,2018-05-16 22:30:54,11,r/DesignPorn,53,2018-05-17 02:28:41,0,1,1,0
8jz4wg,2018-05-16 22:30:54,11,r/DesignPorn,53,2018-05-17 02:52:15,1,0,1,0
8jz4wg,2018-05-16 22:30:54,11,r/DesignPorn,54,2018-05-17 02:30:49,0,0,1,0
8jz4wg,2018-05-16 22:30:54,11,r/DesignPorn,55,2018-05-17 02:34:01,0,0,1,0
8jz4wg,2018-05-16 22:30:54,11,r/DesignPorn,56,2018-05-17 02:35:29,0,1,1,0
8jz4wg,2018-05-16 22:30:54,11,r/DesignPorn,56,2018-05-17 02:48:22,1,0,1,0
8jz4wg,2018-05-16 22:30:54,11,r/DesignPorn,57,2018-05-17 02:35:30,0,0,1,0
8jz4wg,2018-05-16 22:30:54,11,r/DesignPorn,58,2018-05-17 02:38:57,0,0,1,0
8jz4wg,2018-05-16 22:30:54,11,r/DesignPorn,59,2018-05-17 02:39:06,0,0,1,0
8jz4wg,2018-05-16 22:30:54,11,r/DesignPorn,60,2018-05-17 02:39:17,0,0,1,0
8jz4wg,2018-05-16 22:30:54,11,r/DesignPorn,61,2018-05-17 02:39:50,0,0,1,0
8jz4wg,2018-05-16 22:30:54,11,r/DesignPorn,62,2018-05-17 02:41:41,0,0,1,0
8jz4wg,2018-05-16 22:30:54,11,r/DesignPorn,63,2018-05-17 02:41:58,0,0,1,0
8jz4wg,2018-05-16 22:30:54,11,r/DesignPorn,64,2018-05-17 02:42:09,0,0,1,0
8jz4wg,2018-05-16 22:30:54,11,r/DesignPorn,65,2018-05-17 02:42:56,0,0,1,0
8jz4wg,2018-05-16 22:30:54,11,r/DesignPorn,66,2018-05-17 02:42:57,0,0,1,0
8jz4wg,2018-05-16 22:30:54,11,r/DesignPorn,67,2018-05-17 02:43:52,0,0,1,0
8jz4wg,2018-05-16 22:30:54,11,r/DesignPorn,68,2018-05-17 02:46:58,0,0,1,0
8jz4wg,2018-05-16 22:30:54,11,r/DesignPorn,69,2018-05-17 02:48:56,0,0,1,0
8jz4wg,2018-05-16 22:30:54,11,r/DesignPorn,70,2018-05-17 02:51:29,0,0,1,0
8jz4wg,2018-05-16 22:30:54,11,r/DesignPorn,71,2018-05-17 02:51:40,0,0,1,0
8jz4wg,2018-05-16 22:30:54,11,r/DesignPorn,72,2018-05-17 02:56:05,0,0,1,0
8jz4wg,2018-05-16 22:30:54,11,r/DesignPorn,73,2018-05-17 02:56:52,0,0,1,0
8jz4wg,2018-05-16 22:30:54,11,r/DesignPorn,74,2018-05-17 03:02:17,0,0,1,0
8jz4wg,2018-05-16 22:30:54,11,r/DesignPorn,75,2018-05-17 03:05:19,0,0,1,0
8jz4wg,2018-05-16 22:30:54,11,r/DesignPorn,76,2018-05-17 03:05:40,0,0,1,0
8jz4wg,2018-05-16 22:30:54,11,r/DesignPorn,77,2018-05-17 03:09:07,0,0,1,0
8jz4wg,2018-05-16 22:30:54,11,r/DesignPorn,78,2018-05-17 03:15:46,0,0,1,0
8jz4wg,2018-05-16 22:30:54,11,r/DesignPorn,79,2018-05-17 03:16:23,0,0,1,0
8jz4wg,2018-05-16 22:30:54,11,r/DesignPorn,80,2018-05-17 03:18:46,0,0,1,0
8jz4wg,2018-05-16 22:30:54,11,r/DesignPorn,81,2018-05-17 03:21:06,0,0,1,0
8jz4wg,2018-05-16 22:30:54,11,r/DesignPorn,82,2018-05-17 03:22:16,0,0,1,0
8jz4wg,2018-05-16 22:30:54,11,r/DesignPorn,83,2018-05-17 03:30:30,0,0,1,0
8jz4wg,2018-05-16 22:30:54,11,r/DesignPorn,84,2018-05-17 03:32:12,0,0,1,0
8jz4wg,2018-05-16 22:30:54,11,r/DesignPorn,85,2018-05-17 03:34:26,0,0,1,0
8jz4wg,2018-05-16 22:30:54,11,r/DesignPorn,86,2018-05-17 03:37:53,0,0,1,0
8jz4wg,2018-05-16 22:30:54,11,r/DesignPorn,87,2018-05-17 03:41:48,0,0,1,0
8jz4wg,2018-05-16 22:30:54,11,r/DesignPorn,88,2018-05-17 03:42:16,0,0,1,0
8jz4wg,2018-05-16 22:30:54,11,r/DesignPorn,89,2018-05-17 03:46:24,0,0,1,0
8jz4wg,2018-05-16 22:30:54,11,r/DesignPorn,90,2018-05-17 03:49:35,0,0,1,0
8jz4wg,2018-05-16 22:30:54,11,r/DesignPorn,91,2018-05-17 03:54:52,0,0,1,0
8jz4wg,2018-05-16 22:30:54,11,r/DesignPorn,92,2018-05-17 04:19:49,0,0,1,0
8jz4wg,2018-05-16 22:30:54,11,r/DesignPorn,93,2018-05-17 04:30:52,0,0,1,0
8jz4wg,2018-05-16 22:30:54,11,r/DesignPorn,94,2018-05-17 04:33:51,0,0,1,0
8jz4wg,2018-05-16 22:30:54,11,r/DesignPorn,95,2018-05-17 04:34:20,0,0,1,0
8jz4wg,2018-05-16 22:30:54,11,r/DesignPorn,96,2018-05-17 04:42:04,0,0,1,0
8jz4wg,2018-05-16 22:30:54,11,r/DesignPorn,97,2018-05-17 04:48:33,0,0,1,0
8jz4wg,2018-05-16 22:30:54,11,r/DesignPorn,98,2018-05-17 04:51:23,0,0,1,0
8jz4wg,2018-05-16 22:30:54,11,r/DesignPorn,99,2018-05-17 04:54:26,0,0,1,0
8jz4wg,2018-05-16 22:30:54,11,r/DesignPorn,100,2018-05-17 05:00:24,0,0,1,0
8jz4wg,2018-05-16 22:30:54,11,r/DesignPorn,101,2018-05-17 05:08:40,0,0,1,0
8jz4wg,2018-05-16 22:30:54,11,r/DesignPorn,102,2018-05-17 05:12:59,0,0,1,0
8jz4wg,2018-05-16 22:30:54,11,r/DesignPorn,103,2018-05-17 05:19:43,0,0,1,0
8jz4wg,2018-05-16 22:30:54,11,r/DesignPorn,104,2018-05-17 05:20:11,0,0,1,0
8jz4wg,2018-05-16 22:30:54,11,r/DesignPorn,105,2018-05-17 05:20:12,0,0,1,0
8jz4wg,2018-05-16 22:30:54,11,r/DesignPorn,106,2018-05-17 00:57:37,0,1,-1,0
8jz4wg,2018-05-16 22:30:54,11,r/DesignPorn,106,2018-05-17 02:34:33,1,0,3,0
8jz4wg,2018-05-16 22:30:54,11,r/DesignPorn,107,2018-05-17 02:00:06,0,1,-3,0
8jz4wg,2018-05-16 22:30:54,11,r/DesignPorn,107,2018-05-17 02:36:03,1,1,1,0
8jz4wg,2018-05-16 22:30:54,11,r/DesignPorn,107,2018-05-17 03:58:54,2,0,0,0
8jz4wg,2018-05-16 22:30:54,11,r/DesignPorn,108,2018-05-17 02:30:28,0,2,-3,0
8jz4wg,2018-05-16 22:30:54,11,r/DesignPorn,108,2018-05-17 04:54:19,1,1,1,0
8jz4wg,2018-05-16 22:30:54,11,r/DesignPorn,108,2018-05-17 05:00:23,2,0,1,0
8jz4wg,2018-05-16 22:30:54,11,r/DesignPorn,108,2018-05-17 02:49:10,1,1,1,0
8jz4wg,2018-05-16 22:30:54,11,r/DesignPorn,108,2018-05-17 03:03:16,2,1,1,0
8jz4wg,2018-05-16 22:30:54,11,r/DesignPorn,108,2018-05-17 03:16:07,3,2,3,0
8jz4wg,2018-05-16 22:30:54,11,r/DesignPorn,108,2018-05-17 03:36:12,4,0,3,0
8jz4wg,2018-05-16 22:30:54,11,r/DesignPorn,108,2018-05-17 03:17:22,4,0,1,0
8jz4wg,2018-05-16 22:30:54,11,r/DesignPorn,109,2018-05-17 04:47:52,0,0,0,0
8jz4wg,2018-05-16 22:30:54,11,r/DesignPorn,110,2018-05-17 04:48:59,0,0,0,0
8jz4wg,2018-05-16 22:30:54,11,r/DesignPorn,111,2018-05-17 01:05:38,0,0,-1,0
8jz4wg,2018-05-16 22:30:54,11,r/DesignPorn,112,2018-05-17 02:08:58,0,3,-11,0
8jz4wg,2018-05-16 22:30:54,11,r/DesignPorn,112,2018-05-17 02:13:01,1,2,14,0
8jz4wg,2018-05-16 22:30:54,11,r/DesignPorn,112,2018-05-17 03:09:47,2,0,0,0
8jz4wg,2018-05-16 22:30:54,11,r/DesignPorn,112,2018-05-17 02:56:41,2,1,-5,0
8jz4wg,2018-05-16 22:30:54,11,r/DesignPorn,112,2018-05-17 02:59:48,3,2,7,0
8jz4wg,2018-05-16 22:30:54,11,r/DesignPorn,112,2018-05-17 04:35:15,4,0,2,0
8jz4wg,2018-05-16 22:30:54,11,r/DesignPorn,112,2018-05-17 03:04:31,4,0,-2,0
8jz4wg,2018-05-16 22:30:54,11,r/DesignPorn,112,2018-05-17 02:32:32,1,0,6,0
8jz4wg,2018-05-16 22:30:54,11,r/DesignPorn,112,2018-05-17 03:10:28,1,0,6,0
8jz4wg,2018-05-16 22:30:54,11,r/DesignPorn,113,2018-05-16 23:50:15,0,0,-11,0
8jzxzq,2018-05-17 00:31:42,12,r/funny,0,2018-05-17 02:39:54,0,18,642,0
8jzxzq,2018-05-17 00:31:42,12,r/funny,0,2018-05-17 03:32:57,1,6,334,0
8jzxzq,2018-05-17 00:31:42,12,r/funny,0,2018-05-17 03:44:55,2,2,185,0
8jzxzq,2018-05-17 00:31:42,12,r/funny,0,2018-05-17 04:42:54,3,3,83,0
8jzxzq,2018-05-17 00:31:42,12,r/funny,0,2018-05-17 05:10:23,4,0,12,0
8jzxzq,2018-05-17 00:31:42,12,r/funny,0,2018-05-17 05:11:37,4,1,9,0
8jzxzq,2018-05-17 00:31:42,12,r/funny,0,2018-05-17 05:13:39,5,1,5,0
8jzxzq,2018-05-17 00:31:42,12,r/funny,0,2018-05-17 05:16:50,6,0,5,0
8jzxzq,2018-05-17 00:31:42,12,r/funny,0,2018-05-17 05:12:52,4,1,1,0
8jzxzq,2018-05-17 00:31:42,12,r/funny,0,2018-05-17 05:19:59,5,0,1,0
8jzxzq,2018-05-17 00:31:42,12,r/funny,0,2018-05-17 05:08:55,3,1,11,0
8jzxzq,2018-05-17 00:31:42,12,r/funny,0,2018-05-17 05:11:59,4,1,3,0
8jzxzq,2018-05-17 00:31:42,12,r/funny,0,2018-05-17 05:12:50,5,0,3,0
8jzxzq,2018-05-17 00:31:42,12,r/funny,0,2018-05-17 03:45:30,2,0,30,0
8jzxzq,2018-05-17 00:31:42,12,r/funny,0,2018-05-17 04:40:37,2,0,12,0
8jzxzq,2018-05-17 00:31:42,12,r/funny,0,2018-05-17 05:06:33,2,0,2,0
8jzxzq,2018-05-17 00:31:42,12,r/funny,0,2018-05-17 05:05:30,2,0,3,0
8jzxzq,2018-05-17 00:31:42,12,r/funny,0,2018-05-17 04:40:58,2,0,1,0
8jzxzq,2018-05-17 00:31:42,12,r/funny,0,2018-05-17 03:05:51,1,2,121,0
8jzxzq,2018-05-17 00:31:42,12,r/funny,0,2018-05-17 04:43:40,2,1,9,0
8jzxzq,2018-05-17 00:31:42,12,r/funny,0,2018-05-17 04:48:33,3,3,3,0
8jzxzq,2018-05-17 00:31:42,12,r/funny,0,2018-05-17 04:59:48,4,0,5,0
8jzxzq,2018-05-17 00:31:42,12,r/funny,0,2018-05-17 05:09:34,4,1,1,0
8jzxzq,2018-05-17 00:31:42,12,r/funny,0,2018-05-17 05:15:19,5,0,2,0
8jzxzq,2018-05-17 00:31:42,12,r/funny,0,2018-05-17 05:16:19,4,0,1,0
8jzxzq,2018-05-17 00:31:42,12,r/funny,0,2018-05-17 05:11:37,2,0,1,0
8jzxzq,2018-05-17 00:31:42,12,r/funny,0,2018-05-17 02:44:32,1,0,20,0
8jzxzq,2018-05-17 00:31:42,12,r/funny,0,2018-05-17 03:47:25,1,1,28,0
8jzxzq,2018-05-17 00:31:42,12,r/funny,0,2018-05-17 04:32:08,2,0,7,0
8jzxzq,2018-05-17 00:31:42,12,r/funny,0,2018-05-17 03:47:23,1,0,15,0
8jzxzq,2018-05-17 00:31:42,12,r/funny,0,2018-05-17 04:48:46,1,0,4,0
8jzxzq,2018-05-17 00:31:42,12,r/funny,0,2018-05-17 04:01:36,1,0,7,0
8jzxzq,2018-05-17 00:31:42,12,r/funny,0,2018-05-17 04:39:09,1,0,2,0
8jzxzq,2018-05-17 00:31:42,12,r/funny,0,2018-05-17 04:45:57,1,1,2,0
8jzxzq,2018-05-17 00:31:42,12,r/funny,0,2018-05-17 05:08:07,2,0,3,0
8jzxzq,2018-05-17 00:31:42,12,r/funny,0,2018-05-17 05:16:10,1,0,2,0
8jzxzq,2018-05-17 00:31:42,12,r/funny,0,2018-05-17 04:55:14,1,0,1,0
8jzxzq,2018-05-17 00:31:42,12,r/funny,0,2018-05-17 05:07:53,1,0,1,0
8jzxzq,2018-05-17 00:31:42,12,r/funny,0,2018-05-17 05:10:06,1,0,1,0
8jzxzq,2018-05-17 00:31:42,12,r/funny,0,2018-05-17 05:15:00,1,0,1,0
8jzxzq,2018-05-17 00:31:42,12,r/funny,0,2018-05-17 05:15:13,1,0,1,0
8jzxzq,2018-05-17 00:31:42,12,r/funny,0,2018-05-17 05:16:32,1,0,1,0
8jzxzq,2018-05-17 00:31:42,12,r/funny,0,2018-05-17 05:18:06,1,0,1,0
8jzxzq,2018-05-17 00:31:42,12,r/funny,0,2018-05-17 05:02:33,1,1,0,0
8jzxzq,2018-05-17 00:31:42,12,r/funny,0,2018-05-17 05:05:22,2,1,2,0
8jzxzq,2018-05-17 00:31:42,12,r/funny,0,2018-05-17 05:10:29,3,0,1,0
8jzxzq,2018-05-17 00:31:42,12,r/funny,1,2018-05-17 00:37:50,0,3,641,0
8jzxzq,2018-05-17 00:31:42,12,r/funny,1,2018-05-17 01:28:57,1,1,173,0
8jzxzq,2018-05-17 00:31:42,12,r/funny,1,2018-05-17 02:07:54,2,2,139,0
8jzxzq,2018-05-17 00:31:42,12,r/funny,1,2018-05-17 05:03:26,3,0,14,0
8jzxzq,2018-05-17 00:31:42,12,r/funny,1,2018-05-17 05:06:18,3,0,10,0
8jzxzq,2018-05-17 00:31:42,12,r/funny,1,2018-05-17 01:42:08,1,2,106,0
8jzxzq,2018-05-17 00:31:42,12,r/funny,1,2018-05-17 03:08:26,2,1,36,0
8jzxzq,2018-05-17 00:31:42,12,r/funny,1,2018-05-17 03:12:18,3,2,14,0
8jzxzq,2018-05-17 00:31:42,12,r/funny,1,2018-05-17 03:45:52,4,1,9,0
8jzxzq,2018-05-17 00:31:42,12,r/funny,1,2018-05-17 04:29:35,5,1,7,0
8jzxzq,2018-05-17 00:31:42,12,r/funny,1,2018-05-17 04:40:33,6,0,2,0
8jzxzq,2018-05-17 00:31:42,12,r/funny,1,2018-05-17 04:20:45,4,0,2,0
8jzxzq,2018-05-17 00:31:42,12,r/funny,1,2018-05-17 04:41:41,2,1,2,0
8jzxzq,2018-05-17 00:31:42,12,r/funny,1,2018-05-17 04:55:41,3,1,3,0
8jzxzq,2018-05-17 00:31:42,12,r/funny,1,2018-05-17 05:00:54,4,0,1,0
8jzxzq,2018-05-17 00:31:42,12,r/funny,1,2018-05-17 04:55:04,1,5,-22,0
8jzxzq,2018-05-17 00:31:42,12,r/funny,1,2018-05-17 04:57:15,2,1,9,0
8jzxzq,2018-05-17 00:31:42,12,r/funny,1,2018-05-17 05:18:02,3,0,2,0
8jzxzq,2018-05-17 00:31:42,12,r/funny,1,2018-05-17 05:12:19,2,0,3,0
8jzxzq,2018-05-17 00:31:42,12,r/funny,1,2018-05-17 05:12:05,2,0,2,0
8jzxzq,2018-05-17 00:31:42,12,r/funny,1,2018-05-17 05:01:36,2,0,1,0
8jzxzq,2018-05-17 00:31:42,12,r/funny,1,2018-05-17 05:15:50,2,0,1,0
8jzxzq,2018-05-17 00:31:42,12,r/funny,2,2018-05-17 03:25:29,0,2,113,0
8jzxzq,2018-05-17 00:31:42,12,r/funny,2,2018-05-17 03:48:53,1,2,33,0
8jzxzq,2018-05-17 00:31:42,12,r/funny,2,2018-05-17 03:58:31,2,0,4,0
8jzxzq,2018-05-17 00:31:42,12,r/funny,2,2018-05-17 05:18:43,2,0,1,0
8jzxzq,2018-05-17 00:31:42,12,r/funny,2,2018-05-17 05:19:53,1,0,1,0
8jzxzq,2018-05-17 00:31:42,12,r/funny,3,2018-05-17 01:26:59,0,4,96,0
8jzxzq,2018-05-17 00:31:42,12,r/funny,3,2018-05-17 03:12:03,1,1,24,0
8jzxzq,2018-05-17 00:31:42,12,r/funny,3,2018-05-17 04:54:50,2,0,7,0
8jzxzq,2018-05-17 00:31:42,12,r/funny,3,2018-05-17 04:50:52,1,1,10,0
8jzxzq,2018-05-17 00:31:42,12,r/funny,3,2018-05-17 05:14:29,2,0,2,0
8jzxzq,2018-05-17 00:31:42,12,r/funny,3,2018-05-17 03:43:04,1,1,12,0
8jzxzq,2018-05-17 00:31:42,12,r/funny,3,2018-05-17 05:03:36,2,1,6,0
8jzxzq,2018-05-17 00:31:42,12,r/funny,3,2018-05-17 05:17:30,3,0,0,0
8jzxzq,2018-05-17 00:31:42,12,r/funny,3,2018-05-17 03:59:03,1,0,2,0
8jzxzq,2018-05-17 00:31:42,12,r/funny,4,2018-05-17 03:44:50,0,3,84,0
8jzxzq,2018-05-17 00:31:42,12,r/funny,4,2018-05-17 04:40:58,1,1,13,0
8jzxzq,2018-05-17 00:31:42,12,r/funny,4,2018-05-17 05:17:20,2,0,1,0
8jzxzq,2018-05-17 00:31:42,12,r/funny,4,2018-05-17 04:46:26,1,1,15,0
8jzxzq,2018-05-17 00:31:42,12,r/funny,4,2018-05-17 05:11:42,2,0,3,0
8jzxzq,2018-05-17 00:31:42,12,r/funny,4,2018-05-17 05:15:13,1,0,-1,0
8jzxzq,2018-05-17 00:31:42,12,r/funny,5,2018-05-17 02:58:06,0,1,29,0
8jzxzq,2018-05-17 00:31:42,12,r/funny,5,2018-05-17 05:01:19,1,0,4,0
8jzxzq,2018-05-17 00:31:42,12,r/funny,6,2018-05-17 00:39:12,0,0,48,0
8jzxzq,2018-05-17 00:31:42,12,r/funny,7,2018-05-17 03:44:31,0,0,19,0
8jzxzq,2018-05-17 00:31:42,12,r/funny,8,2018-05-17 01:02:39,0,1,48,0
8jzxzq,2018-05-17 00:31:42,12,r/funny,8,2018-05-17 05:18:42,1,0,1,0
8jzxzq,2018-05-17 00:31:42,12,r/funny,9,2018-05-17 03:31:07,0,3,55,0
8jzxzq,2018-05-17 00:31:42,12,r/funny,9,2018-05-17 04:08:22,1,3,27,0
8jzxzq,2018-05-17 00:31:42,12,r/funny,9,2018-05-17 04:11:51,2,2,16,0
8jzxzq,2018-05-17 00:31:42,12,r/funny,9,2018-05-17 04:22:53,3,0,3,0
8jzxzq,2018-05-17 00:31:42,12,r/funny,9,2018-05-17 05:12:00,3,0,0,0
8jzxzq,2018-05-17 00:31:42,12,r/funny,9,2018-05-17 05:09:35,2,0,1,0
8jzxzq,2018-05-17 00:31:42,12,r/funny,9,2018-05-17 05:19:19,2,0,1,0
8jzxzq,2018-05-17 00:31:42,12,r/funny,9,2018-05-17 05:09:18,1,0,3,0
8jzxzq,2018-05-17 00:31:42,12,r/funny,9,2018-05-17 05:15:16,1,0,2,0
8jzxzq,2018-05-17 00:31:42,12,r/funny,10,2018-05-17 03:49:01,0,0,8,0
8jzxzq,2018-05-17 00:31:42,12,r/funny,11,2018-05-17 04:00:11,0,1,24,0
8jzxzq,2018-05-17 00:31:42,12,r/funny,11,2018-05-17 04:39:17,1,0,4,0
8jzxzq,2018-05-17 00:31:42,12,r/funny,12,2018-05-17 04:32:46,0,0,18,0
8jzxzq,2018-05-17 00:31:42,12,r/funny,13,2018-05-17 01:03:32,0,2,11,0
8jzxzq,2018-05-17 00:31:42,12,r/funny,13,2018-05-17 05:03:01,1,0,2,0
8jzxzq,2018-05-17 00:31:42,12,r/funny,13,2018-05-17 04:48:23,1,0,1,0
8jzxzq,2018-05-17 00:31:42,12,r/funny,14,2018-05-17 03:57:04,0,0,23,0
8jzxzq,2018-05-17 00:31:42,12,r/funny,15,2018-05-17 02:49:53,0,1,8,0
8jzxzq,2018-05-17 00:31:42,12,r/funny,15,2018-05-17 03:21:50,1,1,12,0
8jzxzq,2018-05-17 00:31:42,12,r/funny,15,2018-05-17 03:51:28,2,0,-1,0
8jzxzq,2018-05-17 00:31:42,12,r/funny,16,2018-05-17 02:49:44,0,0,9,0
8jzxzq,2018-05-17 00:31:42,12,r/funny,17,2018-05-17 04:14:04,0,0,3,0
8jzxzq,2018-05-17 00:31:42,12,r/funny,18,2018-05-17 04:47:09,0,0,3,0
8jzxzq,2018-05-17 00:31:42,12,r/funny,19,2018-05-17 04:54:39,0,0,3,0
8jzxzq,2018-05-17 00:31:42,12,r/funny,20,2018-05-17 04:54:59,0,0,3,0
8jzxzq,2018-05-17 00:31:42,12,r/funny,21,2018-05-17 03:08:13,0,0,6,0
8jzxzq,2018-05-17 00:31:42,12,r/funny,22,2018-05-17 03:58:13,0,1,7,0
8jzxzq,2018-05-17 00:31:42,12,r/funny,22,2018-05-17 04:18:29,1,0,6,0
8jzxzq,2018-05-17 00:31:42,12,r/funny,23,2018-05-17 04:13:20,0,0,2,0
8jzxzq,2018-05-17 00:31:42,12,r/funny,24,2018-05-17 04:21:01,0,0,2,0
8jzxzq,2018-05-17 00:31:42,12,r/funny,25,2018-05-17 04:23:23,0,0,2,0
8jzxzq,2018-05-17 00:31:42,12,r/funny,26,2018-05-17 04:24:35,0,0,2,0
8jzxzq,2018-05-17 00:31:42,12,r/funny,27,2018-05-17 04:24:42,0,0,2,0
8jzxzq,2018-05-17 00:31:42,12,r/funny,28,2018-05-17 04:39:10,0,0,2,0
8jzxzq,2018-05-17 00:31:42,12,r/funny,29,2018-05-17 04:43:19,0,0,2,0
8jzxzq,2018-05-17 00:31:42,12,r/funny,30,2018-05-17 04:57:08,0,0,2,0
8jzxzq,2018-05-17 00:31:42,12,r/funny,31,2018-05-17 04:57:12,0,0,2,0
8jzxzq,2018-05-17 00:31:42,12,r/funny,32,2018-05-17 05:01:39,0,0,2,0
8jzxzq,2018-05-17 00:31:42,12,r/funny,33,2018-05-17 05:03:19,0,0,2,0
8jzxzq,2018-05-17 00:31:42,12,r/funny,34,2018-05-17 05:03:56,0,0,2,0
8jzxzq,2018-05-17 00:31:42,12,r/funny,35,2018-05-17 05:05:54,0,0,2,0
8jzxzq,2018-05-17 00:31:42,12,r/funny,36,2018-05-17 05:06:32,0,0,2,0
8jzxzq,2018-05-17 00:31:42,12,r/funny,37,2018-05-17 05:11:17,0,0,2,0
8jzxzq,2018-05-17 00:31:42,12,r/funny,38,2018-05-17 05:11:41,0,0,2,0
8jzxzq,2018-05-17 00:31:42,12,r/funny,39,2018-05-17 05:13:13,0,0,2,0
8jzxzq,2018-05-17 00:31:42,12,r/funny,40,2018-05-17 05:14:26,0,0,2,0
8jzxzq,2018-05-17 00:31:42,12,r/funny,41,2018-05-17 05:15:12,0,0,2,0
8jzxzq,2018-05-17 00:31:42,12,r/funny,42,2018-05-17 04:17:42,0,3,5,0
8jzxzq,2018-05-17 00:31:42,12,r/funny,42,2018-05-17 04:37:03,1,0,2,0
8jzxzq,2018-05-17 00:31:42,12,r/funny,42,2018-05-17 04:50:46,1,0,3,0
8jzxzq,2018-05-17 00:31:42,12,r/funny,42,2018-05-17 04:35:28,1,0,1,0
8jzxzq,2018-05-17 00:31:42,12,r/funny,43,2018-05-17 03:59:39,0,0,2,0
8jzxzq,2018-05-17 00:31:42,12,r/funny,44,2018-05-17 04:15:15,0,0,2,0
8jzxzq,2018-05-17 00:31:42,12,r/funny,45,2018-05-17 04:35:02,0,1,2,0
8jzxzq,2018-05-17 00:31:42,12,r/funny,45,2018-05-17 05:09:21,1,0,1,0
8jzxzq,2018-05-17 00:31:42,12,r/funny,46,2018-05-17 04:02:46,0,1,2,0
8jzxzq,2018-05-17 00:31:42,12,r/funny,46,2018-05-17 04:38:26,1,0,2,0
8jzxzq,2018-05-17 00:31:42,12,r/funny,47,2018-05-17 02:11:49,0,0,2,0
8jzxzq,2018-05-17 00:31:42,12,r/funny,48,2018-05-17 04:40:23,0,0,1,0
8jzxzq,2018-05-17 00:31:42,12,r/funny,49,2018-05-17 04:41:47,0,0,1,0
8jzxzq,2018-05-17 00:31:42,12,r/funny,50,2018-05-17 04:44:47,0,0,1,0
8jzxzq,2018-05-17 00:31:42,12,r/funny,51,2018-05-17 04:58:38,0,0,1,0
8jzxzq,2018-05-17 00:31:42,12,r/funny,52,2018-05-17 05:00:39,0,0,1,0
8jzxzq,2018-05-17 00:31:42,12,r/funny,53,2018-05-17 05:02:37,0,0,1,0
8jzxzq,2018-05-17 00:31:42,12,r/funny,54,2018-05-17 05:04:15,0,0,1,0
8jzxzq,2018-05-17 00:31:42,12,r/funny,55,2018-05-17 05:08:30,0,0,1,0
8jzxzq,2018-05-17 00:31:42,12,r/funny,56,2018-05-17 05:08:54,0,0,1,0
8jzxzq,2018-05-17 00:31:42,12,r/funny,57,2018-05-17 05:09:45,0,0,1,0
8jzxzq,2018-05-17 00:31:42,12,r/funny,58,2018-05-17 05:10:19,0,0,1,0
8jzxzq,2018-05-17 00:31:42,12,r/funny,59,2018-05-17 05:11:13,0,0,1,0
8jzxzq,2018-05-17 00:31:42,12,r/funny,60,2018-05-17 05:12:32,0,0,1,0
8jzxzq,2018-05-17 00:31:42,12,r/funny,61,2018-05-17 05:13:26,0,0,1,0
8jzxzq,2018-05-17 00:31:42,12,r/funny,62,2018-05-17 05:17:03,0,0,1,0
8jzxzq,2018-05-17 00:31:42,12,r/funny,63,2018-05-17 05:17:23,0,0,1,0
8jzxzq,2018-05-17 00:31:42,12,r/funny,64,2018-05-17 05:17:46,0,0,1,0
8jzxzq,2018-05-17 00:31:42,12,r/funny,65,2018-05-17 05:17:52,0,0,1,0
8jzxzq,2018-05-17 00:31:42,12,r/funny,66,2018-05-17 05:18:03,0,0,1,0
8jzxzq,2018-05-17 00:31:42,12,r/funny,67,2018-05-17 05:18:12,0,0,1,0
8jzxzq,2018-05-17 00:31:42,12,r/funny,68,2018-05-17 05:18:42,0,0,1,0
8jzxzq,2018-05-17 00:31:42,12,r/funny,69,2018-05-17 05:19:17,0,0,1,0
8jzxzq,2018-05-17 00:31:42,12,r/funny,70,2018-05-17 05:19:29,0,0,1,0
8jzxzq,2018-05-17 00:31:42,12,r/funny,71,2018-05-17 05:19:31,0,0,1,0
8jzxzq,2018-05-17 00:31:42,12,r/funny,72,2018-05-17 03:50:59,0,0,1,0
8jzxzq,2018-05-17 00:31:42,12,r/funny,73,2018-05-17 03:57:26,0,0,1,0
8jzxzq,2018-05-17 00:31:42,12,r/funny,74,2018-05-17 04:01:34,0,0,1,0
8jzxzq,2018-05-17 00:31:42,12,r/funny,75,2018-05-17 04:07:58,0,0,1,0
8jzxzq,2018-05-17 00:31:42,12,r/funny,76,2018-05-17 04:11:01,0,0,1,0
8jzxzq,2018-05-17 00:31:42,12,r/funny,77,2018-05-17 04:36:15,0,0,1,0
8jzxzq,2018-05-17 00:31:42,12,r/funny,78,2018-05-17 01:24:31,0,0,0,0
8jzxzq,2018-05-17 00:31:42,12,r/funny,79,2018-05-17 02:37:01,0,1,1,0
8jzxzq,2018-05-17 00:31:42,12,r/funny,79,2018-05-17 03:21:10,1,0,2,0
8jzxzq,2018-05-17 00:31:42,12,r/funny,80,2018-05-17 02:44:55,0,0,0,0
8jzxzq,2018-05-17 00:31:42,12,r/funny,81,2018-05-17 01:26:40,0,0,-1,0
8jzxzq,2018-05-17 00:31:42,12,r/funny,82,2018-05-17 04:00:37,0,0,0,0
8jzxzq,2018-05-17 00:31:42,12,r/funny,83,2018-05-17 04:12:44,0,0,0,0
8jzxzq,2018-05-17 00:31:42,12,r/funny,84,2018-05-17 01:27:57,0,0,-2,0
8jzxzq,2018-05-17 00:31:42,12,r/funny,85,2018-05-17 03:24:44,0,0,0,0
8jzxzq,2018-05-17 00:31:42,12,r/funny,86,2018-05-17 01:27:27,0,0,-1,0
8jzpk5,2018-05-16 23:56:15,13,r/news,0,2018-05-17 00:14:24,0,3,1018,0
8jzpk5,2018-05-16 23:56:15,13,r/news,0,2018-05-17 02:58:09,1,3,522,0
8jzpk5,2018-05-16 23:56:15,13,r/news,0,2018-05-17 04:11:45,2,1,121,0
8jzpk5,2018-05-16 23:56:15,13,r/news,0,2018-05-17 04:58:25,3,2,1,0
8jzpk5,2018-05-16 23:56:15,13,r/news,0,2018-05-17 05:04:36,4,0,1,0
8jzpk5,2018-05-16 23:56:15,13,r/news,0,2018-05-17 04:28:26,2,1,1,0
8jzpk5,2018-05-16 23:56:15,13,r/news,0,2018-05-17 04:57:18,3,0,1,0
8jzpk5,2018-05-16 23:56:15,13,r/news,0,2018-05-17 03:01:09,1,1,81,0
8jzpk5,2018-05-16 23:56:15,13,r/news,0,2018-05-17 03:02:46,2,2,31,0
8jzpk5,2018-05-16 23:56:15,13,r/news,0,2018-05-17 03:34:18,3,1,11,0
8jzpk5,2018-05-16 23:56:15,13,r/news,1,2018-05-17 00:13:34,0,18,3753,0
8jzpk5,2018-05-16 23:56:15,13,r/news,1,2018-05-17 01:26:33,1,3,415,0
8jzpk5,2018-05-16 23:56:15,13,r/news,1,2018-05-17 03:52:10,2,3,192,0
8jzpk5,2018-05-16 23:56:15,13,r/news,1,2018-05-17 04:18:38,3,1,130,0
8jzpk5,2018-05-16 23:56:15,13,r/news,1,2018-05-17 04:37:14,3,1,1,0
8jzpk5,2018-05-16 23:56:15,13,r/news,1,2018-05-17 04:55:16,4,1,1,0
8jzpk5,2018-05-16 23:56:15,13,r/news,1,2018-05-17 05:04:13,5,1,1,0
8jzpk5,2018-05-16 23:56:15,13,r/news,1,2018-05-17 04:25:32,2,2,1,0
8jzpk5,2018-05-16 23:56:15,13,r/news,1,2018-05-17 04:33:15,3,0,1,0
8jzpk5,2018-05-16 23:56:15,13,r/news,1,2018-05-17 03:30:04,2,3,14,0
8jzpk5,2018-05-16 23:56:15,13,r/news,1,2018-05-17 03:42:40,3,2,29,0
8jzpk5,2018-05-16 23:56:15,13,r/news,1,2018-05-17 04:32:33,4,1,1,0
8jzpk5,2018-05-16 23:56:15,13,r/news,1,2018-05-17 04:37:38,3,0,1,0
8jzpk5,2018-05-16 23:56:15,13,r/news,1,2018-05-17 03:51:30,3,0,7,0
8jzpk5,2018-05-16 23:56:15,13,r/news,1,2018-05-17 00:15:00,1,5,1561,0
8jzpk5,2018-05-16 23:56:15,13,r/news,1,2018-05-17 00:31:14,2,7,650,0
8jzpk5,2018-05-16 23:56:15,13,r/news,1,2018-05-17 02:14:44,3,1,296,0
8jzpk5,2018-05-16 23:56:15,13,r/news,1,2018-05-17 04:10:35,4,1,14,0
8jzpk5,2018-05-16 23:56:15,13,r/news,1,2018-05-17 05:02:31,5,1,1,0
8jzpk5,2018-05-16 23:56:15,13,r/news,1,2018-05-17 00:45:05,3,3,99,0
8jzpk5,2018-05-16 23:56:15,13,r/news,1,2018-05-17 04:26:51,4,0,1,0
8jzpk5,2018-05-16 23:56:15,13,r/news,1,2018-05-17 02:44:16,4,1,20,0
8jzpk5,2018-05-16 23:56:15,13,r/news,1,2018-05-17 02:53:45,5,1,74,0
8jzpk5,2018-05-16 23:56:15,13,r/news,1,2018-05-17 01:53:25,3,8,546,0
8jzpk5,2018-05-16 23:56:15,13,r/news,1,2018-05-17 02:09:00,4,2,164,0
8jzpk5,2018-05-16 23:56:15,13,r/news,1,2018-05-17 02:58:58,5,2,153,0
8jzpk5,2018-05-16 23:56:15,13,r/news,1,2018-05-17 03:07:26,6,4,79,0
8jzpk5,2018-05-16 23:56:15,13,r/news,1,2018-05-17 03:47:50,7,2,55,0
8jzpk5,2018-05-16 23:56:15,13,r/news,1,2018-05-17 03:48:30,8,3,38,0
8jzpk5,2018-05-16 23:56:15,13,r/news,1,2018-05-17 03:51:39,9,1,11,0
8jzpk5,2018-05-16 23:56:15,13,r/news,1,2018-05-17 04:09:54,9,1,4,0
8jzpk5,2018-05-16 23:56:15,13,r/news,1,2018-05-17 04:07:08,8,0,4,0
8jzpk5,2018-05-16 23:56:15,13,r/news,1,2018-05-17 03:45:26,7,0,3,0
8jzpk5,2018-05-16 23:56:15,13,r/news,1,2018-05-17 03:59:36,7,1,3,0
8jzpk5,2018-05-16 23:56:15,13,r/news,1,2018-05-17 04:13:09,4,1,5,0
8jzpk5,2018-05-16 23:56:15,13,r/news,1,2018-05-17 02:39:29,4,2,21,0
8jzpk5,2018-05-16 23:56:15,13,r/news,1,2018-05-17 03:33:35,5,1,6,0
8jzpk5,2018-05-16 23:56:15,13,r/news,1,2018-05-17 03:49:38,6,0,7,0
8jzpk5,2018-05-16 23:56:15,13,r/news,1,2018-05-17 02:57:29,4,2,36,0
8jzpk5,2018-05-16 23:56:15,13,r/news,1,2018-05-17 03:02:16,5,2,24,0
8jzpk5,2018-05-16 23:56:15,13,r/news,1,2018-05-17 03:24:49,6,4,40,0
8jzpk5,2018-05-16 23:56:15,13,r/news,1,2018-05-17 03:37:49,7,0,26,0
8jzpk5,2018-05-16 23:56:15,13,r/news,1,2018-05-17 03:50:13,7,1,5,0
8jzpk5,2018-05-16 23:56:15,13,r/news,1,2018-05-17 04:20:03,8,1,4,0
8jzpk5,2018-05-16 23:56:15,13,r/news,1,2018-05-17 03:38:11,7,1,10,0
8jzpk5,2018-05-16 23:56:15,13,r/news,1,2018-05-17 03:52:21,4,0,7,0
8jzpk5,2018-05-16 23:56:15,13,r/news,1,2018-05-17 03:15:22,4,1,9,0
8jzpk5,2018-05-16 23:56:15,13,r/news,1,2018-05-17 02:41:47,4,4,83,0
8jzpk5,2018-05-16 23:56:15,13,r/news,1,2018-05-17 03:34:48,5,0,5,0
8jzpk5,2018-05-16 23:56:15,13,r/news,1,2018-05-17 02:48:23,5,2,95,0
8jzpk5,2018-05-16 23:56:15,13,r/news,1,2018-05-17 03:13:13,6,2,57,0
8jzpk5,2018-05-16 23:56:15,13,r/news,1,2018-05-17 04:20:33,7,0,1,0
8jzpk5,2018-05-16 23:56:15,13,r/news,1,2018-05-17 02:46:03,5,2,31,0
8jzpk5,2018-05-16 23:56:15,13,r/news,1,2018-05-17 03:03:44,6,2,37,0
8jzpk5,2018-05-16 23:56:15,13,r/news,1,2018-05-17 03:26:44,7,1,9,0
8jzpk5,2018-05-16 23:56:15,13,r/news,1,2018-05-17 01:47:40,3,2,61,0
8jzpk5,2018-05-16 23:56:15,13,r/news,1,2018-05-17 02:07:26,4,2,51,0
8jzpk5,2018-05-16 23:56:15,13,r/news,1,2018-05-17 02:11:41,5,4,72,0
8jzpk5,2018-05-16 23:56:15,13,r/news,1,2018-05-17 03:19:20,6,2,37,0
8jzpk5,2018-05-16 23:56:15,13,r/news,1,2018-05-17 03:40:40,7,0,6,0
8jzpk5,2018-05-16 23:56:15,13,r/news,1,2018-05-17 03:31:20,6,0,5,0
8jzpk5,2018-05-16 23:56:15,13,r/news,1,2018-05-17 03:23:18,6,1,7,0
8jzpk5,2018-05-16 23:56:15,13,r/news,1,2018-05-17 03:40:30,7,1,7,0
8jzpk5,2018-05-16 23:56:15,13,r/news,1,2018-05-17 02:55:58,3,1,24,0
8jzpk5,2018-05-16 23:56:15,13,r/news,1,2018-05-17 03:00:22,3,0,5,0
8jzpk5,2018-05-16 23:56:15,13,r/news,1,2018-05-17 02:55:20,2,2,94,0
8jzpk5,2018-05-16 23:56:15,13,r/news,1,2018-05-17 03:47:59,3,2,17,0
8jzpk5,2018-05-16 23:56:15,13,r/news,1,2018-05-17 04:19:41,4,1,12,0
8jzpk5,2018-05-16 23:56:15,13,r/news,1,2018-05-17 03:19:54,2,1,9,0
8jzpk5,2018-05-16 23:56:15,13,r/news,1,2018-05-17 04:11:04,2,0,3,0
8jzpk5,2018-05-16 23:56:15,13,r/news,1,2018-05-17 02:23:00,1,3,153,0
8jzpk5,2018-05-16 23:56:15,13,r/news,1,2018-05-17 02:51:13,2,1,205,0
8jzpk5,2018-05-16 23:56:15,13,r/news,1,2018-05-17 04:00:54,2,0,6,0
8jzpk5,2018-05-16 23:56:15,13,r/news,1,2018-05-17 03:59:34,1,1,17,0
8jzpk5,2018-05-16 23:56:15,13,r/news,1,2018-05-17 02:41:32,1,4,209,0
8jzpk5,2018-05-16 23:56:15,13,r/news,1,2018-05-17 03:15:38,2,2,65,0
8jzpk5,2018-05-16 23:56:15,13,r/news,1,2018-05-17 03:19:46,3,2,5,0
8jzpk5,2018-05-16 23:56:15,13,r/news,1,2018-05-17 03:37:16,4,0,12,0
8jzpk5,2018-05-16 23:56:15,13,r/news,1,2018-05-17 03:16:42,2,3,96,0
8jzpk5,2018-05-16 23:56:15,13,r/news,1,2018-05-17 03:25:06,3,1,75,0
8jzpk5,2018-05-16 23:56:15,13,r/news,1,2018-05-17 03:25:02,3,1,9,0
8jzpk5,2018-05-16 23:56:15,13,r/news,1,2018-05-17 04:13:28,2,0,4,0
8jzpk5,2018-05-16 23:56:15,13,r/news,1,2018-05-17 01:58:24,1,2,43,0
8jzpk5,2018-05-16 23:56:15,13,r/news,1,2018-05-17 02:25:17,2,1,25,0
8jzpk5,2018-05-16 23:56:15,13,r/news,1,2018-05-17 02:42:42,2,1,26,0
8jzpk5,2018-05-16 23:56:15,13,r/news,1,2018-05-17 02:24:45,1,3,182,0
8jzpk5,2018-05-16 23:56:15,13,r/news,1,2018-05-17 02:55:14,2,4,158,0
8jzpk5,2018-05-16 23:56:15,13,r/news,1,2018-05-17 03:09:59,3,0,10,0
8jzpk5,2018-05-16 23:56:15,13,r/news,1,2018-05-17 03:27:11,3,2,9,0
8jzpk5,2018-05-16 23:56:15,13,r/news,1,2018-05-17 04:29:31,4,1,1,0
8jzpk5,2018-05-16 23:56:15,13,r/news,1,2018-05-17 04:48:58,4,0,1,0
8jzpk5,2018-05-16 23:56:15,13,r/news,1,2018-05-17 03:08:35,3,1,8,0
8jzpk5,2018-05-16 23:56:15,13,r/news,1,2018-05-17 04:11:36,2,0,3,0
8jzpk5,2018-05-16 23:56:15,13,r/news,1,2018-05-17 03:32:24,1,0,6,0
8jzpk5,2018-05-16 23:56:15,13,r/news,1,2018-05-17 02:47:59,1,1,47,0
8jzpk5,2018-05-16 23:56:15,13,r/news,1,2018-05-17 03:54:56,1,0,6,0
8jzpk5,2018-05-16 23:56:15,13,r/news,1,2018-05-17 03:07:19,1,0,12,0
8jzpk5,2018-05-16 23:56:15,13,r/news,1,2018-05-17 04:49:45,1,0,1,0
8jzpk5,2018-05-16 23:56:15,13,r/news,1,2018-05-17 03:36:22,1,1,3,0
8jzpk5,2018-05-16 23:56:15,13,r/news,1,2018-05-17 04:54:02,1,0,1,0
8jzpk5,2018-05-16 23:56:15,13,r/news,1,2018-05-17 03:43:24,1,0,8,0
8jzpk5,2018-05-16 23:56:15,13,r/news,1,2018-05-17 02:50:07,1,1,16,0
8jzpk5,2018-05-16 23:56:15,13,r/news,1,2018-05-17 03:30:10,1,1,4,0
8jzpk5,2018-05-16 23:56:15,13,r/news,2,2018-05-17 02:32:54,0,4,808,0
8jzpk5,2018-05-16 23:56:15,13,r/news,2,2018-05-17 03:12:36,1,1,49,0
8jzpk5,2018-05-16 23:56:15,13,r/news,2,2018-05-17 03:57:24,2,0,14,0
8jzpk5,2018-05-16 23:56:15,13,r/news,2,2018-05-17 03:10:24,1,3,50,0
8jzpk5,2018-05-16 23:56:15,13,r/news,2,2018-05-17 03:20:12,2,0,28,0
8jzpk5,2018-05-16 23:56:15,13,r/news,2,2018-05-17 03:24:11,2,1,6,0
8jzpk5,2018-05-16 23:56:15,13,r/news,2,2018-05-17 03:15:46,1,1,20,0
8jzpk5,2018-05-16 23:56:15,13,r/news,3,2018-05-16 23:57:39,0,5,227,0
8jzpk5,2018-05-16 23:56:15,13,r/news,3,2018-05-17 00:13:35,1,2,567,0
8jzpk5,2018-05-16 23:56:15,13,r/news,3,2018-05-17 01:01:39,2,3,84,0
8jzpk5,2018-05-16 23:56:15,13,r/news,3,2018-05-17 01:48:45,3,1,55,0
8jzpk5,2018-05-16 23:56:15,13,r/news,3,2018-05-17 03:32:08,4,1,16,0
8jzpk5,2018-05-16 23:56:15,13,r/news,3,2018-05-17 04:23:40,5,1,1,0
8jzpk5,2018-05-16 23:56:15,13,r/news,3,2018-05-17 04:39:38,6,0,1,0
8jzpk5,2018-05-16 23:56:15,13,r/news,3,2018-05-17 04:06:33,3,0,3,0
8jzpk5,2018-05-16 23:56:15,13,r/news,3,2018-05-17 01:47:00,1,8,324,0
8jzpk5,2018-05-16 23:56:15,13,r/news,3,2018-05-17 03:28:28,2,4,115,0
8jzpk5,2018-05-16 23:56:15,13,r/news,3,2018-05-17 04:03:21,3,1,36,0
8jzpk5,2018-05-16 23:56:15,13,r/news,3,2018-05-17 04:48:52,3,0,1,0
8jzpk5,2018-05-16 23:56:15,13,r/news,3,2018-05-17 03:44:17,3,0,11,0
8jzpk5,2018-05-16 23:56:15,13,r/news,3,2018-05-17 02:26:38,2,6,173,0
8jzpk5,2018-05-16 23:56:15,13,r/news,3,2018-05-17 03:24:16,3,5,87,0
8jzpk5,2018-05-16 23:56:15,13,r/news,3,2018-05-17 03:58:51,4,0,17,0
8jzpk5,2018-05-16 23:56:15,13,r/news,3,2018-05-17 03:59:26,4,0,13,0
8jzpk5,2018-05-16 23:56:15,13,r/news,3,2018-05-17 04:26:00,4,0,1,0
8jzpk5,2018-05-16 23:56:15,13,r/news,3,2018-05-17 03:59:19,4,1,19,0
8jzpk5,2018-05-16 23:56:15,13,r/news,3,2018-05-17 04:46:09,5,0,1,0
8jzpk5,2018-05-16 23:56:15,13,r/news,3,2018-05-17 03:11:44,3,1,53,0
8jzpk5,2018-05-16 23:56:15,13,r/news,3,2018-05-17 03:27:48,4,1,12,0
8jzpk5,2018-05-16 23:56:15,13,r/news,3,2018-05-17 03:21:30,3,0,20,0
8jzpk5,2018-05-16 23:56:15,13,r/news,3,2018-05-17 04:18:26,3,0,6,0
8jzpk5,2018-05-16 23:56:15,13,r/news,3,2018-05-17 03:47:37,3,1,13,0
8jzpk5,2018-05-16 23:56:15,13,r/news,3,2018-05-17 04:43:15,4,1,1,0
8jzpk5,2018-05-16 23:56:15,13,r/news,3,2018-05-17 02:53:29,2,3,67,0
8jzpk5,2018-05-16 23:56:15,13,r/news,3,2018-05-17 03:08:46,3,1,40,0
8jzpk5,2018-05-16 23:56:15,13,r/news,3,2018-05-17 04:03:25,4,0,6,0
8jzpk5,2018-05-16 23:56:15,13,r/news,3,2018-05-17 04:01:27,3,0,4,0
8jzpk5,2018-05-16 23:56:15,13,r/news,3,2018-05-17 03:32:44,2,1,19,0
8jzpk5,2018-05-16 23:56:15,13,r/news,3,2018-05-17 02:38:14,2,4,60,0
8jzpk5,2018-05-16 23:56:15,13,r/news,3,2018-05-17 03:05:43,3,2,64,0
8jzpk5,2018-05-16 23:56:15,13,r/news,3,2018-05-17 03:16:38,4,3,17,0
8jzpk5,2018-05-16 23:56:15,13,r/news,3,2018-05-17 03:52:05,5,1,4,0
8jzpk5,2018-05-16 23:56:15,13,r/news,3,2018-05-17 04:05:49,5,1,8,0
8jzpk5,2018-05-16 23:56:15,13,r/news,3,2018-05-17 03:07:47,3,1,26,0
8jzpk5,2018-05-16 23:56:15,13,r/news,3,2018-05-17 03:31:49,3,0,4,0
8jzpk5,2018-05-16 23:56:15,13,r/news,3,2018-05-17 03:24:04,3,1,4,0
8jzpk5,2018-05-16 23:56:15,13,r/news,3,2018-05-17 02:56:24,2,0,12,0
8jzpk5,2018-05-16 23:56:15,13,r/news,3,2018-05-17 03:30:51,2,0,16,0
8jzpk5,2018-05-16 23:56:15,13,r/news,3,2018-05-17 01:46:46,1,4,52,0
8jzpk5,2018-05-16 23:56:15,13,r/news,3,2018-05-17 03:18:25,2,3,34,0
8jzpk5,2018-05-16 23:56:15,13,r/news,3,2018-05-17 04:12:45,3,1,8,0
8jzpk5,2018-05-16 23:56:15,13,r/news,3,2018-05-17 04:21:53,4,1,1,0
8jzpk5,2018-05-16 23:56:15,13,r/news,3,2018-05-17 03:29:23,3,1,5,0
8jzpk5,2018-05-16 23:56:15,13,r/news,3,2018-05-17 03:36:25,4,2,6,0
8jzpk5,2018-05-16 23:56:15,13,r/news,3,2018-05-17 03:38:34,5,0,4,0
8jzpk5,2018-05-16 23:56:15,13,r/news,3,2018-05-17 02:19:01,2,2,22,0
8jzpk5,2018-05-16 23:56:15,13,r/news,3,2018-05-17 03:50:20,3,0,9,0
8jzpk5,2018-05-16 23:56:15,13,r/news,3,2018-05-17 04:03:46,2,0,3,0
8jzpk5,2018-05-16 23:56:15,13,r/news,3,2018-05-17 00:09:53,1,3,67,0
8jzpk5,2018-05-16 23:56:15,13,r/news,3,2018-05-17 00:42:54,2,2,70,0
8jzpk5,2018-05-16 23:56:15,13,r/news,3,2018-05-17 01:21:58,3,3,58,0
8jzpk5,2018-05-16 23:56:15,13,r/news,3,2018-05-17 01:48:11,4,1,32,0
8jzpk5,2018-05-16 23:56:15,13,r/news,3,2018-05-17 03:18:53,5,0,18,0
8jzpk5,2018-05-16 23:56:15,13,r/news,3,2018-05-17 03:04:31,4,0,7,0
8jzpk5,2018-05-16 23:56:15,13,r/news,3,2018-05-17 01:06:20,2,1,33,0
8jzpk5,2018-05-16 23:56:15,13,r/news,3,2018-05-17 01:33:14,3,0,22,0
8jzpk5,2018-05-16 23:56:15,13,r/news,4,2018-05-17 00:25:39,0,5,1662,0
8jzpk5,2018-05-16 23:56:15,13,r/news,4,2018-05-17 02:13:22,1,3,506,0
8jzpk5,2018-05-16 23:56:15,13,r/news,4,2018-05-17 02:47:26,2,2,110,0
8jzpk5,2018-05-16 23:56:15,13,r/news,4,2018-05-17 02:52:30,3,1,17,0
8jzpk5,2018-05-16 23:56:15,13,r/news,4,2018-05-17 03:37:08,4,1,8,0
8jzpk5,2018-05-16 23:56:15,13,r/news,4,2018-05-17 03:51:50,2,0,5,0
8jzpk5,2018-05-16 23:56:15,13,r/news,4,2018-05-17 00:55:28,1,3,268,0
8jzpk5,2018-05-16 23:56:15,13,r/news,4,2018-05-17 03:06:29,2,3,16,0
8jzpk5,2018-05-16 23:56:15,13,r/news,4,2018-05-17 03:26:53,3,0,15,0
8jzpk5,2018-05-16 23:56:15,13,r/news,4,2018-05-17 03:59:36,3,0,5,0
8jzpk5,2018-05-16 23:56:15,13,r/news,4,2018-05-17 03:30:27,2,1,3,0
8jzpk5,2018-05-16 23:56:15,13,r/news,4,2018-05-17 03:03:43,1,2,67,0
8jzpk5,2018-05-16 23:56:15,13,r/news,4,2018-05-17 03:20:01,2,4,110,0
8jzpk5,2018-05-16 23:56:15,13,r/news,4,2018-05-17 03:28:32,3,2,34,0
8jzpk5,2018-05-16 23:56:15,13,r/news,4,2018-05-17 03:29:39,4,1,25,0
8jzpk5,2018-05-16 23:56:15,13,r/news,4,2018-05-17 03:30:29,5,1,5,0
8jzpk5,2018-05-16 23:56:15,13,r/news,4,2018-05-17 03:45:08,6,1,5,0
8jzpk5,2018-05-16 23:56:15,13,r/news,4,2018-05-17 03:51:13,7,1,3,0
8jzpk5,2018-05-16 23:56:15,13,r/news,4,2018-05-17 03:56:20,3,1,5,0
8jzpk5,2018-05-16 23:56:15,13,r/news,4,2018-05-17 03:43:03,3,1,4,0
8jzpk5,2018-05-16 23:56:15,13,r/news,4,2018-05-17 03:14:19,1,1,12,0
8jzpk5,2018-05-16 23:56:15,13,r/news,5,2018-05-17 03:16:10,0,12,273,0
8jzpk5,2018-05-16 23:56:15,13,r/news,5,2018-05-17 03:57:56,1,3,267,0
8jzpk5,2018-05-16 23:56:15,13,r/news,5,2018-05-17 04:07:38,2,3,76,0
8jzpk5,2018-05-16 23:56:15,13,r/news,5,2018-05-17 04:27:38,3,1,1,0
8jzpk5,2018-05-16 23:56:15,13,r/news,5,2018-05-17 04:29:59,4,1,1,0
8jzpk5,2018-05-16 23:56:15,13,r/news,5,2018-05-17 04:29:08,3,1,1,0
8jzpk5,2018-05-16 23:56:15,13,r/news,5,2018-05-17 04:22:33,2,0,1,0
8jzpk5,2018-05-16 23:56:15,13,r/news,5,2018-05-17 04:00:53,1,3,145,0
8jzpk5,2018-05-16 23:56:15,13,r/news,5,2018-05-17 04:27:17,2,2,1,0
8jzpk5,2018-05-16 23:56:15,13,r/news,5,2018-05-17 04:32:27,3,1,1,0
8jzpk5,2018-05-16 23:56:15,13,r/news,5,2018-05-17 04:47:04,4,1,1,0
8jzpk5,2018-05-16 23:56:15,13,r/news,5,2018-05-17 04:46:20,2,1,1,0
8jzpk5,2018-05-16 23:56:15,13,r/news,5,2018-05-17 04:01:32,1,1,84,0
8jzpk5,2018-05-16 23:56:15,13,r/news,5,2018-05-17 03:57:49,1,1,63,0
8jzpk5,2018-05-16 23:56:15,13,r/news,5,2018-05-17 03:59:17,2,1,16,0
8jzpk5,2018-05-16 23:56:15,13,r/news,5,2018-05-17 04:02:50,1,2,32,0
8jzpk5,2018-05-16 23:56:15,13,r/news,5,2018-05-17 04:07:18,2,1,6,0
8jzpk5,2018-05-16 23:56:15,13,r/news,5,2018-05-17 04:00:50,1,0,22,0
8jzpk5,2018-05-16 23:56:15,13,r/news,5,2018-05-17 04:11:33,1,0,4,0
8jzpk5,2018-05-16 23:56:15,13,r/news,5,2018-05-17 04:10:41,1,0,9,0
8jzpk5,2018-05-16 23:56:15,13,r/news,5,2018-05-17 04:04:58,1,0,9,0
8jzpk5,2018-05-16 23:56:15,13,r/news,5,2018-05-17 04:09:15,1,0,2,0
8jzpk5,2018-05-16 23:56:15,13,r/news,5,2018-05-17 04:29:50,1,2,1,0
8jzpk5,2018-05-16 23:56:15,13,r/news,5,2018-05-17 05:02:31,2,1,1,0
8jzpk5,2018-05-16 23:56:15,13,r/news,6,2018-05-17 02:23:52,0,2,599,0
8jzpk5,2018-05-16 23:56:15,13,r/news,6,2018-05-17 02:50:27,1,1,223,0
8jzpk5,2018-05-16 23:56:15,13,r/news,6,2018-05-17 04:28:47,2,1,1,0
8jzpk5,2018-05-16 23:56:15,13,r/news,7,2018-05-17 03:34:38,0,5,170,0
8jzpk5,2018-05-16 23:56:15,13,r/news,7,2018-05-17 04:18:14,1,0,38,0
8jzpk5,2018-05-16 23:56:15,13,r/news,7,2018-05-17 03:43:21,1,1,123,0
8jzpk5,2018-05-16 23:56:15,13,r/news,7,2018-05-17 04:20:19,1,1,8,0
8jzpk5,2018-05-16 23:56:15,13,r/news,7,2018-05-17 04:33:44,1,0,1,0
8jzpk5,2018-05-16 23:56:15,13,r/news,8,2018-05-17 01:43:39,0,2,129,0
8jzpk5,2018-05-16 23:56:15,13,r/news,8,2018-05-17 02:14:16,1,3,11,0
8jzpk5,2018-05-16 23:56:15,13,r/news,8,2018-05-17 02:21:12,2,2,17,0
8jzpk5,2018-05-16 23:56:15,13,r/news,8,2018-05-17 04:14:17,3,0,3,0
8jzpk5,2018-05-16 23:56:15,13,r/news,8,2018-05-17 03:28:15,2,1,4,0
8jzpk5,2018-05-16 23:56:15,13,r/news,9,2018-05-17 00:30:52,0,2,128,0
8jzpk5,2018-05-16 23:56:15,13,r/news,9,2018-05-17 03:14:42,1,4,42,0
8jzpk5,2018-05-16 23:56:15,13,r/news,9,2018-05-17 04:03:51,2,1,16,0
8jzpk5,2018-05-16 23:56:15,13,r/news,9,2018-05-17 04:07:55,2,0,7,0
8jzpk5,2018-05-16 23:56:15,13,r/news,9,2018-05-17 05:01:16,2,0,1,0
8jzpk5,2018-05-16 23:56:15,13,r/news,10,2018-05-17 01:06:17,0,14,914,0
8jzpk5,2018-05-16 23:56:15,13,r/news,10,2018-05-17 01:32:23,1,3,188,0
8jzpk5,2018-05-16 23:56:15,13,r/news,10,2018-05-17 01:47:02,2,2,156,0
8jzpk5,2018-05-16 23:56:15,13,r/news,10,2018-05-17 03:13:37,3,1,82,0
8jzpk5,2018-05-16 23:56:15,13,r/news,10,2018-05-17 02:13:53,3,2,59,0
8jzpk5,2018-05-16 23:56:15,13,r/news,10,2018-05-17 03:59:06,4,0,4,0
8jzpk5,2018-05-16 23:56:15,13,r/news,10,2018-05-17 02:58:21,2,1,27,0
8jzpk5,2018-05-16 23:56:15,13,r/news,10,2018-05-17 02:59:41,3,1,21,0
8jzpk5,2018-05-16 23:56:15,13,r/news,10,2018-05-17 04:46:43,4,0,1,0
8jzpk5,2018-05-16 23:56:15,13,r/news,10,2018-05-17 01:30:10,1,4,456,0
8jzpk5,2018-05-16 23:56:15,13,r/news,10,2018-05-17 03:24:07,2,0,19,0
8jzpk5,2018-05-16 23:56:15,13,r/news,10,2018-05-17 01:34:23,2,5,249,0
8jzpk5,2018-05-16 23:56:15,13,r/news,10,2018-05-17 01:40:14,3,3,450,0
8jzpk5,2018-05-16 23:56:15,13,r/news,10,2018-05-17 02:57:51,4,1,209,0
8jzpk5,2018-05-16 23:56:15,13,r/news,10,2018-05-17 03:50:50,4,1,3,0
8jzpk5,2018-05-16 23:56:15,13,r/news,10,2018-05-17 04:21:19,5,0,1,0
8jzpk5,2018-05-16 23:56:15,13,r/news,10,2018-05-17 01:45:22,3,1,150,0
8jzpk5,2018-05-16 23:56:15,13,r/news,10,2018-05-17 02:44:19,4,3,63,0
8jzpk5,2018-05-16 23:56:15,13,r/news,10,2018-05-17 03:27:19,5,1,39,0
8jzpk5,2018-05-16 23:56:15,13,r/news,10,2018-05-17 03:21:21,5,0,12,0
8jzpk5,2018-05-16 23:56:15,13,r/news,10,2018-05-17 03:22:53,3,0,11,0
8jzpk5,2018-05-16 23:56:15,13,r/news,10,2018-05-17 03:33:23,3,1,5,0
8jzpk5,2018-05-16 23:56:15,13,r/news,10,2018-05-17 03:59:58,4,0,5,0
8jzpk5,2018-05-16 23:56:15,13,r/news,10,2018-05-17 03:24:57,2,0,12,0
8jzpk5,2018-05-16 23:56:15,13,r/news,10,2018-05-17 01:20:50,1,4,622,0
8jzpk5,2018-05-16 23:56:15,13,r/news,10,2018-05-17 01:23:40,2,8,397,0
8jzpk5,2018-05-16 23:56:15,13,r/news,10,2018-05-17 01:48:58,3,2,150,0
8jzpk5,2018-05-16 23:56:15,13,r/news,10,2018-05-17 02:02:39,4,1,44,0
8jzpk5,2018-05-16 23:56:15,13,r/news,10,2018-05-17 02:55:10,5,2,25,0
8jzpk5,2018-05-16 23:56:15,13,r/news,10,2018-05-17 03:21:31,6,1,19,0
8jzpk5,2018-05-16 23:56:15,13,r/news,10,2018-05-17 03:23:12,7,0,5,0
8jzpk5,2018-05-16 23:56:15,13,r/news,10,2018-05-17 03:37:48,4,1,6,0
8jzpk5,2018-05-16 23:56:15,13,r/news,10,2018-05-17 03:53:19,5,1,3,0
8jzpk5,2018-05-16 23:56:15,13,r/news,10,2018-05-17 03:59:17,6,0,5,0
8jzpk5,2018-05-16 23:56:15,13,r/news,10,2018-05-17 01:31:22,3,3,268,0
8jzpk5,2018-05-16 23:56:15,13,r/news,10,2018-05-17 01:42:37,4,5,124,0
8jzpk5,2018-05-16 23:56:15,13,r/news,10,2018-05-17 02:27:22,5,2,136,0
8jzpk5,2018-05-16 23:56:15,13,r/news,10,2018-05-17 03:06:08,6,2,43,0
8jzpk5,2018-05-16 23:56:15,13,r/news,10,2018-05-17 04:58:41,7,0,1,0
8jzpk5,2018-05-16 23:56:15,13,r/news,10,2018-05-17 02:43:39,5,1,13,0
8jzpk5,2018-05-16 23:56:15,13,r/news,10,2018-05-17 03:04:17,5,1,3,0
8jzpk5,2018-05-16 23:56:15,13,r/news,10,2018-05-17 01:52:47,5,4,25,0
8jzpk5,2018-05-16 23:56:15,13,r/news,10,2018-05-17 02:01:55,6,3,72,0
8jzpk5,2018-05-16 23:56:15,13,r/news,10,2018-05-17 02:42:51,7,1,63,0
8jzpk5,2018-05-16 23:56:15,13,r/news,10,2018-05-17 02:05:08,7,4,32,0
8jzpk5,2018-05-16 23:56:15,13,r/news,10,2018-05-17 03:07:30,8,0,12,0
8jzpk5,2018-05-16 23:56:15,13,r/news,10,2018-05-17 02:46:38,8,0,6,0
8jzpk5,2018-05-16 23:56:15,13,r/news,10,2018-05-17 02:27:58,8,1,27,0
8jzpk5,2018-05-16 23:56:15,13,r/news,10,2018-05-17 02:30:45,9,1,38,0
8jzpk5,2018-05-16 23:56:15,13,r/news,10,2018-05-17 02:03:10,6,0,15,0
8jzpk5,2018-05-16 23:56:15,13,r/news,10,2018-05-17 02:46:49,6,1,13,0
8jzpk5,2018-05-16 23:56:15,13,r/news,10,2018-05-17 02:04:12,6,1,8,0
8jzpk5,2018-05-16 23:56:15,13,r/news,10,2018-05-17 02:10:21,7,2,13,0
8jzpk5,2018-05-16 23:56:15,13,r/news,10,2018-05-17 02:14:38,8,1,24,0
8jzpk5,2018-05-16 23:56:15,13,r/news,10,2018-05-17 03:05:55,4,0,6,0
8jzpk5,2018-05-16 23:56:15,13,r/news,10,2018-05-17 03:09:39,3,1,10,0
8jzpk5,2018-05-16 23:56:15,13,r/news,10,2018-05-17 03:13:19,4,1,4,0
8jzpk5,2018-05-16 23:56:15,13,r/news,10,2018-05-17 03:25:04,5,0,4,0
8jzpk5,2018-05-16 23:56:15,13,r/news,10,2018-05-17 01:39:11,3,2,77,0
8jzpk5,2018-05-16 23:56:15,13,r/news,10,2018-05-17 03:18:48,4,0,30,0
8jzpk5,2018-05-16 23:56:15,13,r/news,10,2018-05-17 01:36:57,3,2,37,0
8jzpk5,2018-05-16 23:56:15,13,r/news,10,2018-05-17 02:54:59,4,2,13,0
8jzpk5,2018-05-16 23:56:15,13,r/news,10,2018-05-17 03:40:16,5,1,3,0
8jzpk5,2018-05-16 23:56:15,13,r/news,10,2018-05-17 03:53:46,6,0,6,0
8jzpk5,2018-05-16 23:56:15,13,r/news,10,2018-05-17 02:32:05,3,2,7,0
8jzpk5,2018-05-16 23:56:15,13,r/news,10,2018-05-17 03:31:03,4,0,3,0
8jzpk5,2018-05-16 23:56:15,13,r/news,10,2018-05-17 02:53:02,3,0,8,0
8jzpk5,2018-05-16 23:56:15,13,r/news,10,2018-05-17 02:05:26,2,1,20,0
8jzpk5,2018-05-16 23:56:15,13,r/news,10,2018-05-17 02:47:04,2,0,4,0
8jzpk5,2018-05-16 23:56:15,13,r/news,10,2018-05-17 03:28:20,1,0,13,0
8jzpk5,2018-05-16 23:56:15,13,r/news,10,2018-05-17 01:21:39,1,3,52,0
8jzpk5,2018-05-16 23:56:15,13,r/news,10,2018-05-17 01:43:36,2,5,75,0
8jzpk5,2018-05-16 23:56:15,13,r/news,10,2018-05-17 02:11:38,3,0,39,0
8jzpk5,2018-05-16 23:56:15,13,r/news,10,2018-05-17 03:53:59,3,0,5,0
8jzpk5,2018-05-16 23:56:15,13,r/news,10,2018-05-17 04:08:12,3,0,5,0
8jzpk5,2018-05-16 23:56:15,13,r/news,10,2018-05-17 03:23:46,3,1,8,0
8jzpk5,2018-05-16 23:56:15,13,r/news,10,2018-05-17 03:25:58,4,0,5,0
8jzpk5,2018-05-16 23:56:15,13,r/news,10,2018-05-17 01:30:32,2,2,64,0
8jzpk5,2018-05-16 23:56:15,13,r/news,10,2018-05-17 02:51:10,3,1,13,0
8jzpk5,2018-05-16 23:56:15,13,r/news,10,2018-05-17 01:53:10,1,1,11,0
8jzpk5,2018-05-16 23:56:15,13,r/news,10,2018-05-17 03:22:28,1,0,10,0
8jzpk5,2018-05-16 23:56:15,13,r/news,10,2018-05-17 01:42:11,1,0,20,0
8jzpk5,2018-05-16 23:56:15,13,r/news,10,2018-05-17 01:58:54,1,2,16,0
8jzpk5,2018-05-16 23:56:15,13,r/news,10,2018-05-17 02:19:49,2,2,77,0
8jzpk5,2018-05-16 23:56:15,13,r/news,10,2018-05-17 03:03:11,3,1,11,0
8jzpk5,2018-05-16 23:56:15,13,r/news,10,2018-05-17 02:55:12,2,1,5,0
8jzpk5,2018-05-16 23:56:15,13,r/news,10,2018-05-17 02:36:46,1,1,11,0
8jzpk5,2018-05-16 23:56:15,13,r/news,10,2018-05-17 02:59:56,1,1,3,0
8jzpk5,2018-05-16 23:56:15,13,r/news,10,2018-05-17 03:08:47,2,0,3,0
8jzpk5,2018-05-16 23:56:15,13,r/news,10,2018-05-17 02:47:58,1,0,4,0
8jzpk5,2018-05-16 23:56:15,13,r/news,10,2018-05-17 02:11:13,1,1,8,0
8jzpk5,2018-05-16 23:56:15,13,r/news,11,2018-05-17 01:24:36,0,5,453,0
8jzpk5,2018-05-16 23:56:15,13,r/news,11,2018-05-17 01:57:59,1,2,99,0
8jzpk5,2018-05-16 23:56:15,13,r/news,11,2018-05-17 03:08:21,2,3,49,0
8jzpk5,2018-05-16 23:56:15,13,r/news,11,2018-05-17 03:21:40,3,1,13,0
8jzpk5,2018-05-16 23:56:15,13,r/news,11,2018-05-17 03:26:15,3,0,3,0
8jzpk5,2018-05-16 23:56:15,13,r/news,11,2018-05-17 02:48:20,1,3,50,0
8jzpk5,2018-05-16 23:56:15,13,r/news,11,2018-05-17 03:18:13,2,0,7,0
8jzpk5,2018-05-16 23:56:15,13,r/news,11,2018-05-17 04:05:12,2,0,3,0
8jzpk5,2018-05-16 23:56:15,13,r/news,11,2018-05-17 02:26:30,1,0,54,0
8jzpk5,2018-05-16 23:56:15,13,r/news,11,2018-05-17 02:36:50,1,0,28,0
8jzpk5,2018-05-16 23:56:15,13,r/news,12,2018-05-17 02:44:33,0,1,123,0
8jzpk5,2018-05-16 23:56:15,13,r/news,13,2018-05-17 02:11:18,0,6,83,0
8jzpk5,2018-05-16 23:56:15,13,r/news,13,2018-05-17 02:43:08,1,1,112,0
8jzpk5,2018-05-16 23:56:15,13,r/news,13,2018-05-17 02:36:17,1,2,42,0
8jzpk5,2018-05-16 23:56:15,13,r/news,13,2018-05-17 02:45:44,2,0,7,0
8jzpk5,2018-05-16 23:56:15,13,r/news,13,2018-05-17 02:33:47,1,0,44,0
8jzpk5,2018-05-16 23:56:15,13,r/news,13,2018-05-17 03:32:06,1,0,6,0
8jzpk5,2018-05-16 23:56:15,13,r/news,13,2018-05-17 02:49:42,1,1,8,0
8jzpk5,2018-05-16 23:56:15,13,r/news,14,2018-05-17 03:12:36,0,0,36,0
8jzpk5,2018-05-16 23:56:15,13,r/news,15,2018-05-17 02:10:18,0,1,68,0
8jzpk5,2018-05-16 23:56:15,13,r/news,16,2018-05-17 02:44:41,0,3,48,0
8jzpk5,2018-05-16 23:56:15,13,r/news,16,2018-05-17 03:07:14,1,0,10,0
8jzpk5,2018-05-16 23:56:15,13,r/news,16,2018-05-17 03:05:36,1,1,11,0
8jzpk5,2018-05-16 23:56:15,13,r/news,17,2018-05-17 03:18:14,0,1,30,0
8jzpk5,2018-05-16 23:56:15,13,r/news,18,2018-05-17 03:22:26,0,1,29,0
8jzpk5,2018-05-16 23:56:15,13,r/news,18,2018-05-17 03:34:49,1,1,42,0
8jzpk5,2018-05-16 23:56:15,13,r/news,19,2018-05-17 03:16:25,0,1,53,0
8jzpk5,2018-05-16 23:56:15,13,r/news,20,2018-05-17 03:23:38,0,0,16,0
8jzpk5,2018-05-16 23:56:15,13,r/news,21,2018-05-17 03:29:59,0,1,15,0
8jzpk5,2018-05-16 23:56:15,13,r/news,21,2018-05-17 03:37:41,1,0,5,0
8jzpk5,2018-05-16 23:56:15,13,r/news,22,2018-05-17 02:53:55,0,1,22,0
8jzpk5,2018-05-16 23:56:15,13,r/news,23,2018-05-17 03:20:36,0,1,20,0
8jzpk5,2018-05-16 23:56:15,13,r/news,24,2018-05-17 00:59:21,0,2,112,0
8jzpk5,2018-05-16 23:56:15,13,r/news,24,2018-05-17 01:21:14,1,2,40,0
8jzpk5,2018-05-16 23:56:15,13,r/news,24,2018-05-17 01:49:18,2,2,45,0
8jzpk5,2018-05-16 23:56:15,13,r/news,24,2018-05-17 02:02:15,3,1,15,0
8jzpk5,2018-05-16 23:56:15,13,r/news,24,2018-05-17 02:09:45,4,1,18,0
8jzpk5,2018-05-16 23:56:15,13,r/news,24,2018-05-17 03:11:11,5,0,6,0
8jzpk5,2018-05-16 23:56:15,13,r/news,24,2018-05-17 01:27:34,2,2,37,0
8jzpk5,2018-05-16 23:56:15,13,r/news,24,2018-05-17 01:32:24,3,2,30,0
8jzpk5,2018-05-16 23:56:15,13,r/news,24,2018-05-17 02:42:42,4,0,4,0
8jzpk5,2018-05-16 23:56:15,13,r/news,24,2018-05-17 02:24:39,3,0,12,0
8jzpk5,2018-05-16 23:56:15,13,r/news,25,2018-05-17 03:18:20,0,1,21,0
8jzpk5,2018-05-16 23:56:15,13,r/news,26,2018-05-17 02:27:02,0,2,40,0
8jzpk5,2018-05-16 23:56:15,13,r/news,26,2018-05-17 04:34:21,1,0,1,0
8jzpk5,2018-05-16 23:56:15,13,r/news,27,2018-05-17 02:26:09,0,2,63,0
8jzpk5,2018-05-16 23:56:15,13,r/news,27,2018-05-17 03:41:24,1,0,8,0
8jzpk5,2018-05-16 23:56:15,13,r/news,28,2018-05-17 03:33:22,0,0,12,0
8jzpk5,2018-05-16 23:56:15,13,r/news,29,2018-05-17 00:42:28,0,2,66,0
8jzpk5,2018-05-16 23:56:15,13,r/news,29,2018-05-17 01:40:56,1,3,65,0
8jzpk5,2018-05-16 23:56:15,13,r/news,29,2018-05-17 01:50:08,2,2,31,0
8jzpk5,2018-05-16 23:56:15,13,r/news,29,2018-05-17 03:39:33,3,0,8,0
8jzpk5,2018-05-16 23:56:15,13,r/news,29,2018-05-17 03:30:49,2,0,5,0
8jzpk5,2018-05-16 23:56:15,13,r/news,30,2018-05-17 02:59:13,0,1,18,0
8jzpk5,2018-05-16 23:56:15,13,r/news,30,2018-05-17 03:25:59,1,0,4,0
8jzpk5,2018-05-16 23:56:15,13,r/news,31,2018-05-17 03:31:07,0,0,11,0
8jzpk5,2018-05-16 23:56:15,13,r/news,32,2018-05-17 03:30:01,0,1,21,0
8jzpk5,2018-05-16 23:56:15,13,r/news,32,2018-05-17 04:03:13,1,1,9,0
8jzpk5,2018-05-16 23:56:15,13,r/news,32,2018-05-17 04:12:11,2,1,7,0
8jzpk5,2018-05-16 23:56:15,13,r/news,32,2018-05-17 04:51:18,3,1,1,0
8jzpk5,2018-05-16 23:56:15,13,r/news,33,2018-05-17 02:55:02,0,2,27,0
8jzpk5,2018-05-16 23:56:15,13,r/news,33,2018-05-17 03:14:59,1,0,5,0
8jzpk5,2018-05-16 23:56:15,13,r/news,34,2018-05-17 00:34:45,0,1,155,0
8jzpk5,2018-05-16 23:56:15,13,r/news,35,2018-05-17 01:38:30,0,2,36,0
8jzpk5,2018-05-16 23:56:15,13,r/news,35,2018-05-17 01:46:44,1,3,65,0
8jzpk5,2018-05-16 23:56:15,13,r/news,35,2018-05-17 01:49:49,2,1,25,0
8jzpk5,2018-05-16 23:56:15,13,r/news,35,2018-05-17 02:52:36,3,1,10,0
8jzpk5,2018-05-16 23:56:15,13,r/news,35,2018-05-17 03:02:08,4,1,10,0
8jzpk5,2018-05-16 23:56:15,13,r/news,35,2018-05-17 03:16:02,5,0,6,0
8jzpk5,2018-05-16 23:56:15,13,r/news,35,2018-05-17 04:19:28,2,0,3,0
8jzpk5,2018-05-16 23:56:15,13,r/news,36,2018-05-17 02:35:32,0,1,44,0
8jzpk5,2018-05-16 23:56:15,13,r/news,37,2018-05-17 03:31:12,0,0,8,0
8jzpk5,2018-05-16 23:56:15,13,r/news,38,2018-05-17 04:23:16,0,0,1,0
8jzpk5,2018-05-16 23:56:15,13,r/news,39,2018-05-17 01:25:07,0,0,27,0
8jzpk5,2018-05-16 23:56:15,13,r/news,40,2018-05-17 03:16:12,0,0,3,0
8jzpk5,2018-05-16 23:56:15,13,r/news,41,2018-05-17 03:24:17,0,0,4,0
8jzpk5,2018-05-16 23:56:15,13,r/news,42,2018-05-17 03:28:05,0,0,4,0
8jzpk5,2018-05-16 23:56:15,13,r/news,43,2018-05-17 03:28:33,0,0,4,0
8jzpk5,2018-05-16 23:56:15,13,r/news,44,2018-05-17 04:06:50,0,1,4,0
8jzpk5,2018-05-16 23:56:15,13,r/news,44,2018-05-17 04:14:56,1,1,3,0
8jzpk5,2018-05-16 23:56:15,13,r/news,45,2018-05-17 04:14:55,0,1,4,0
8jzpk5,2018-05-16 23:56:15,13,r/news,46,2018-05-17 04:22:15,0,0,1,0
8jzpk5,2018-05-16 23:56:15,13,r/news,47,2018-05-17 04:57:17,0,0,1,0
8jzpk5,2018-05-16 23:56:15,13,r/news,48,2018-05-17 04:57:45,0,0,1,0
8jzpk5,2018-05-16 23:56:15,13,r/news,49,2018-05-17 02:27:09,0,3,32,0
8jzpk5,2018-05-16 23:56:15,13,r/news,49,2018-05-17 03:53:58,1,1,4,0
8jzpk5,2018-05-16 23:56:15,13,r/news,49,2018-05-17 02:38:09,1,3,15,0
8jzpk5,2018-05-16 23:56:15,13,r/news,49,2018-05-17 02:38:43,2,1,23,0
8jzpk5,2018-05-16 23:56:15,13,r/news,49,2018-05-17 03:39:22,3,0,7,0
8jzpk5,2018-05-16 23:56:15,13,r/news,49,2018-05-17 03:36:58,2,0,3,0
8jzpk5,2018-05-16 23:56:15,13,r/news,50,2018-05-17 02:30:25,0,1,23,0
8jzpk5,2018-05-16 23:56:15,13,r/news,51,2018-05-17 02:33:30,0,0,11,0
8jzpk5,2018-05-16 23:56:15,13,r/news,52,2018-05-17 03:30:23,0,0,14,0
8jzpk5,2018-05-16 23:56:15,13,r/news,53,2018-05-17 04:39:41,0,0,1,0
8jzpk5,2018-05-16 23:56:15,13,r/news,54,2018-05-17 03:21:34,0,1,18,0
8jzpk5,2018-05-16 23:56:15,13,r/news,54,2018-05-17 04:02:49,1,1,3,0
8jzpk5,2018-05-16 23:56:15,13,r/news,55,2018-05-17 03:24:27,0,2,15,0
8jzpk5,2018-05-16 23:56:15,13,r/news,55,2018-05-17 03:31:43,1,1,15,0
8jzpk5,2018-05-16 23:56:15,13,r/news,55,2018-05-17 03:32:38,2,0,10,0
8jzpk5,2018-05-16 23:56:15,13,r/news,56,2018-05-17 03:09:55,0,0,10,0
8jzpk5,2018-05-16 23:56:15,13,r/news,57,2018-05-17 02:15:31,0,2,13,0
8jzpk5,2018-05-16 23:56:15,13,r/news,57,2018-05-17 02:31:00,1,2,30,0
8jzpk5,2018-05-16 23:56:15,13,r/news,57,2018-05-17 02:44:40,2,0,11,0
8jzpk5,2018-05-16 23:56:15,13,r/news,58,2018-05-17 03:16:46,0,1,10,0
8jzpk5,2018-05-16 23:56:15,13,r/news,59,2018-05-17 02:31:55,0,2,11,0
8jzpk5,2018-05-16 23:56:15,13,r/news,59,2018-05-17 03:41:35,1,0,4,0
8jzpk5,2018-05-16 23:56:15,13,r/news,60,2018-05-17 03:15:17,0,1,10,0
8jzpk5,2018-05-16 23:56:15,13,r/news,61,2018-05-17 03:18:22,0,0,6,0
8jzpk5,2018-05-16 23:56:15,13,r/news,62,2018-05-17 03:18:58,0,0,8,0
8jzpk5,2018-05-16 23:56:15,13,r/news,63,2018-05-17 03:23:24,0,0,7,0
8jzpk5,2018-05-16 23:56:15,13,r/news,64,2018-05-17 03:29:44,0,1,7,0
8jzpk5,2018-05-16 23:56:15,13,r/news,65,2018-05-17 03:31:28,0,1,6,0
8jzpk5,2018-05-16 23:56:15,13,r/news,66,2018-05-17 04:27:04,0,1,1,0
8jzpk5,2018-05-16 23:56:15,13,r/news,66,2018-05-17 04:31:15,1,1,1,0
8jzpk5,2018-05-16 23:56:15,13,r/news,66,2018-05-17 04:57:04,2,1,1,0
8jzpk5,2018-05-16 23:56:15,13,r/news,67,2018-05-17 03:42:28,0,0,7,0
8jzpk5,2018-05-16 23:56:15,13,r/news,68,2018-05-17 00:42:55,0,1,53,0
8jzpk5,2018-05-16 23:56:15,13,r/news,68,2018-05-17 01:05:07,1,1,63,0
8jzpk5,2018-05-16 23:56:15,13,r/news,69,2018-05-17 03:13:45,0,0,3,0
8jzpk5,2018-05-16 23:56:15,13,r/news,70,2018-05-17 03:17:48,0,0,3,0
8jzpk5,2018-05-16 23:56:15,13,r/news,71,2018-05-17 03:53:45,0,0,3,0
8jzpk5,2018-05-16 23:56:15,13,r/news,72,2018-05-17 03:54:30,0,0,3,0
8jzpk5,2018-05-16 23:56:15,13,r/news,73,2018-05-17 03:58:23,0,0,3,0
8jzpk5,2018-05-16 23:56:15,13,r/news,74,2018-05-17 04:02:22,0,0,3,0
8jzpk5,2018-05-16 23:56:15,13,r/news,75,2018-05-17 04:15:29,0,1,3,0
8jzpk5,2018-05-16 23:56:15,13,r/news,76,2018-05-17 04:21:10,0,0,1,0
8jzpk5,2018-05-16 23:56:15,13,r/news,77,2018-05-17 04:38:57,0,0,1,0
8jzpk5,2018-05-16 23:56:15,13,r/news,78,2018-05-17 04:43:05,0,0,1,0
8jzpk5,2018-05-16 23:56:15,13,r/news,79,2018-05-17 04:47:55,0,1,1,0
8jzpk5,2018-05-16 23:56:15,13,r/news,80,2018-05-17 04:52:09,0,0,1,0
8jzpk5,2018-05-16 23:56:15,13,r/news,81,2018-05-17 04:55:49,0,0,1,0
8jzpk5,2018-05-16 23:56:15,13,r/news,82,2018-05-17 04:57:26,0,1,1,0
8jzpk5,2018-05-16 23:56:15,13,r/news,83,2018-05-17 04:58:57,0,0,1,0
8jzpk5,2018-05-16 23:56:15,13,r/news,84,2018-05-17 04:59:44,0,0,1,0
8jzpk5,2018-05-16 23:56:15,13,r/news,85,2018-05-17 02:35:54,0,0,14,0
8jzpk5,2018-05-16 23:56:15,13,r/news,86,2018-05-17 02:54:49,0,1,14,0
8jzpk5,2018-05-16 23:56:15,13,r/news,87,2018-05-17 03:07:16,0,1,11,0
8jzpk5,2018-05-16 23:56:15,13,r/news,87,2018-05-17 03:08:42,1,1,3,0
8jzpk5,2018-05-16 23:56:15,13,r/news,88,2018-05-17 03:18:58,0,1,7,0
8jzpk5,2018-05-16 23:56:15,13,r/news,89,2018-05-17 02:25:18,0,0,6,0
8jzpk5,2018-05-16 23:56:15,13,r/news,90,2018-05-17 03:45:31,0,1,4,0
8jzpk5,2018-05-16 23:56:15,13,r/news,91,2018-05-17 04:25:58,0,1,1,0
8jzpk5,2018-05-16 23:56:15,13,r/news,92,2018-05-17 02:37:21,0,1,12,0
8jzpk5,2018-05-16 23:56:15,13,r/news,93,2018-05-17 03:16:39,0,0,9,0
8jzpk5,2018-05-16 23:56:15,13,r/news,94,2018-05-17 02:15:14,0,0,8,0
8jzpk5,2018-05-16 23:56:15,13,r/news,95,2018-05-17 02:03:44,0,1,23,0
8jzpk5,2018-05-16 23:56:15,13,r/news,96,2018-05-17 02:39:41,0,1,7,0
8jzpk5,2018-05-16 23:56:15,13,r/news,96,2018-05-17 03:17:30,1,0,3,0
8jzpk5,2018-05-16 23:56:15,13,r/news,97,2018-05-17 02:37:33,0,1,10,0
8jzpk5,2018-05-16 23:56:15,13,r/news,98,2018-05-17 02:00:07,0,2,24,0
8jzpk5,2018-05-16 23:56:15,13,r/news,98,2018-05-17 04:17:41,1,1,3,0
8jzpk5,2018-05-16 23:56:15,13,r/news,99,2018-05-17 02:04:27,0,2,14,0
8jzpk5,2018-05-16 23:56:15,13,r/news,99,2018-05-17 03:37:07,1,0,5,0
8jzpk5,2018-05-16 23:56:15,13,r/news,100,2018-05-17 03:02:39,0,0,4,0
8jzpk5,2018-05-16 23:56:15,13,r/news,101,2018-05-17 03:17:10,0,0,4,0
8jzpk5,2018-05-16 23:56:15,13,r/news,102,2018-05-17 03:20:19,0,1,2,0
8jzpk5,2018-05-16 23:56:15,13,r/news,103,2018-05-17 03:20:46,0,0,3,0
8jzpk5,2018-05-16 23:56:15,13,r/news,104,2018-05-17 04:06:46,0,0,6,0
8jzpk5,2018-05-16 23:56:15,13,r/news,105,2018-05-17 04:07:47,0,0,5,0
8jzpk5,2018-05-16 23:56:15,13,r/news,106,2018-05-17 02:35:32,0,1,9,0
8jzpk5,2018-05-16 23:56:15,13,r/news,107,2018-05-17 03:04:05,0,0,6,0
8jzpk5,2018-05-16 23:56:15,13,r/news,108,2018-05-17 02:27:14,0,1,6,0
8jzpk5,2018-05-16 23:56:15,13,r/news,108,2018-05-17 02:51:31,1,0,8,0
8jzpk5,2018-05-16 23:56:15,13,r/news,109,2018-05-17 02:40:07,0,2,5,0
8jzpk5,2018-05-16 23:56:15,13,r/news,109,2018-05-17 03:18:40,1,0,6,0
8jzl19,2018-05-16 23:36:41,14,r/BikiniBottomTwitter,0,2018-05-16 23:44:35,0,5,1000,0
8jzl19,2018-05-16 23:36:41,14,r/BikiniBottomTwitter,0,2018-05-16 23:48:24,1,3,514,0
8jzl19,2018-05-16 23:36:41,14,r/BikiniBottomTwitter,0,2018-05-17 01:09:17,2,1,112,0
8jzl19,2018-05-16 23:36:41,14,r/BikiniBottomTwitter,0,2018-05-17 04:13:57,3,1,20,0
8jzl19,2018-05-16 23:36:41,14,r/BikiniBottomTwitter,0,2018-05-17 04:16:00,4,0,5,0
8jzl19,2018-05-16 23:36:41,14,r/BikiniBottomTwitter,0,2018-05-17 03:20:06,2,0,15,0
8jzl19,2018-05-16 23:36:41,14,r/BikiniBottomTwitter,0,2018-05-17 04:55:44,2,0,1,0
8jzl19,2018-05-16 23:36:41,14,r/BikiniBottomTwitter,0,2018-05-17 02:59:58,1,0,16,0
8jzl19,2018-05-16 23:36:41,14,r/BikiniBottomTwitter,0,2018-05-17 03:08:48,1,0,1,0
8jzl19,2018-05-16 23:36:41,14,r/BikiniBottomTwitter,0,2018-05-17 03:49:53,1,0,1,0
8jzl19,2018-05-16 23:36:41,14,r/BikiniBottomTwitter,0,2018-05-17 04:43:44,1,0,1,0
8jzl19,2018-05-16 23:36:41,14,r/BikiniBottomTwitter,1,2018-05-17 00:23:21,0,3,255,0
8jzl19,2018-05-16 23:36:41,14,r/BikiniBottomTwitter,1,2018-05-17 00:27:56,1,2,183,0
8jzl19,2018-05-16 23:36:41,14,r/BikiniBottomTwitter,1,2018-05-17 00:48:23,2,1,104,0
8jzl19,2018-05-16 23:36:41,14,r/BikiniBottomTwitter,1,2018-05-17 01:08:16,3,0,13,0
8jzl19,2018-05-16 23:36:41,14,r/BikiniBottomTwitter,1,2018-05-17 02:36:33,2,2,18,0
8jzl19,2018-05-16 23:36:41,14,r/BikiniBottomTwitter,1,2018-05-17 02:58:17,3,0,7,0
8jzl19,2018-05-16 23:36:41,14,r/BikiniBottomTwitter,1,2018-05-17 02:52:09,3,2,3,0
8jzl19,2018-05-16 23:36:41,14,r/BikiniBottomTwitter,1,2018-05-17 04:35:52,4,0,2,0
8jzl19,2018-05-16 23:36:41,14,r/BikiniBottomTwitter,1,2018-05-17 05:04:06,4,0,1,0
8jzl19,2018-05-16 23:36:41,14,r/BikiniBottomTwitter,1,2018-05-17 03:05:44,1,0,9,0
8jzl19,2018-05-16 23:36:41,14,r/BikiniBottomTwitter,1,2018-05-17 04:06:06,1,0,1,0
8jzl19,2018-05-16 23:36:41,14,r/BikiniBottomTwitter,2,2018-05-17 02:09:55,0,1,108,0
8jzl19,2018-05-16 23:36:41,14,r/BikiniBottomTwitter,2,2018-05-17 02:42:12,1,1,43,0
8jzl19,2018-05-16 23:36:41,14,r/BikiniBottomTwitter,2,2018-05-17 02:45:09,2,2,30,0
8jzl19,2018-05-16 23:36:41,14,r/BikiniBottomTwitter,2,2018-05-17 02:51:50,3,1,18,0
8jzl19,2018-05-16 23:36:41,14,r/BikiniBottomTwitter,2,2018-05-17 02:54:55,4,1,5,0
8jzl19,2018-05-16 23:36:41,14,r/BikiniBottomTwitter,2,2018-05-17 03:30:42,5,0,3,0
8jzl19,2018-05-16 23:36:41,14,r/BikiniBottomTwitter,2,2018-05-17 04:26:34,3,0,3,0
8jzl19,2018-05-16 23:36:41,14,r/BikiniBottomTwitter,3,2018-05-17 01:02:53,0,2,71,0
8jzl19,2018-05-16 23:36:41,14,r/BikiniBottomTwitter,3,2018-05-17 02:09:14,1,2,21,0
8jzl19,2018-05-16 23:36:41,14,r/BikiniBottomTwitter,3,2018-05-17 02:30:28,2,1,12,0
8jzl19,2018-05-16 23:36:41,14,r/BikiniBottomTwitter,3,2018-05-17 02:53:07,3,1,-22,0
8jzl19,2018-05-16 23:36:41,14,r/BikiniBottomTwitter,3,2018-05-17 02:59:36,4,1,21,0
8jzl19,2018-05-16 23:36:41,14,r/BikiniBottomTwitter,3,2018-05-17 03:38:45,5,1,5,0
8jzl19,2018-05-16 23:36:41,14,r/BikiniBottomTwitter,3,2018-05-17 04:37:25,6,0,1,0
8jzl19,2018-05-16 23:36:41,14,r/BikiniBottomTwitter,3,2018-05-17 04:19:51,2,0,3,0
8jzl19,2018-05-16 23:36:41,14,r/BikiniBottomTwitter,3,2018-05-17 02:12:10,1,0,1,0
8jzl19,2018-05-16 23:36:41,14,r/BikiniBottomTwitter,4,2018-05-17 01:29:06,0,2,25,0
8jzl19,2018-05-16 23:36:41,14,r/BikiniBottomTwitter,4,2018-05-17 02:02:04,1,0,13,0
8jzl19,2018-05-16 23:36:41,14,r/BikiniBottomTwitter,4,2018-05-17 04:02:19,1,1,-1,0
8jzl19,2018-05-16 23:36:41,14,r/BikiniBottomTwitter,4,2018-05-17 04:23:40,2,0,1,0
8jzl19,2018-05-16 23:36:41,14,r/BikiniBottomTwitter,5,2018-05-17 01:33:28,0,1,16,0
8jzl19,2018-05-16 23:36:41,14,r/BikiniBottomTwitter,5,2018-05-17 03:53:53,1,1,1,0
8jzl19,2018-05-16 23:36:41,14,r/BikiniBottomTwitter,5,2018-05-17 04:11:34,2,0,9,0
8jzl19,2018-05-16 23:36:41,14,r/BikiniBottomTwitter,6,2018-05-17 02:27:19,0,1,15,0
8jzl19,2018-05-16 23:36:41,14,r/BikiniBottomTwitter,6,2018-05-17 03:33:53,1,0,8,0
8jzl19,2018-05-16 23:36:41,14,r/BikiniBottomTwitter,7,2018-05-17 00:34:00,0,1,30,0
8jzl19,2018-05-16 23:36:41,14,r/BikiniBottomTwitter,7,2018-05-17 01:36:15,1,1,57,0
8jzl19,2018-05-16 23:36:41,14,r/BikiniBottomTwitter,7,2018-05-17 05:10:53,2,0,1,0
8jzl19,2018-05-16 23:36:41,14,r/BikiniBottomTwitter,8,2018-05-17 02:28:37,0,1,5,0
8jzl19,2018-05-16 23:36:41,14,r/BikiniBottomTwitter,8,2018-05-17 02:59:41,1,0,2,0
8jzl19,2018-05-16 23:36:41,14,r/BikiniBottomTwitter,9,2018-05-17 03:32:06,0,1,4,0
8jzl19,2018-05-16 23:36:41,14,r/BikiniBottomTwitter,9,2018-05-17 03:36:26,1,0,2,0
8jzl19,2018-05-16 23:36:41,14,r/BikiniBottomTwitter,10,2018-05-17 01:50:05,0,0,3,0
8jzl19,2018-05-16 23:36:41,14,r/BikiniBottomTwitter,11,2018-05-17 02:32:41,0,0,3,0
8jzl19,2018-05-16 23:36:41,14,r/BikiniBottomTwitter,12,2018-05-17 04:16:51,0,1,3,0
8jzl19,2018-05-16 23:36:41,14,r/BikiniBottomTwitter,12,2018-05-17 04:33:50,1,0,1,0
8jzl19,2018-05-16 23:36:41,14,r/BikiniBottomTwitter,13,2018-05-17 03:23:23,0,0,2,0
8jzl19,2018-05-16 23:36:41,14,r/BikiniBottomTwitter,14,2018-05-17 03:50:50,0,0,2,0
8jzl19,2018-05-16 23:36:41,14,r/BikiniBottomTwitter,15,2018-05-17 04:10:33,0,0,2,0
8jzl19,2018-05-16 23:36:41,14,r/BikiniBottomTwitter,16,2018-05-17 04:18:31,0,0,2,0
8jzl19,2018-05-16 23:36:41,14,r/BikiniBottomTwitter,17,2018-05-17 01:53:24,0,1,1,0
8jzl19,2018-05-16 23:36:41,14,r/BikiniBottomTwitter,17,2018-05-17 02:02:37,1,0,1,0
8jzl19,2018-05-16 23:36:41,14,r/BikiniBottomTwitter,18,2018-05-17 02:39:12,0,1,1,0
8jzl19,2018-05-16 23:36:41,14,r/BikiniBottomTwitter,18,2018-05-17 02:56:25,1,3,2,0
8jzl19,2018-05-16 23:36:41,14,r/BikiniBottomTwitter,18,2018-05-17 02:57:44,2,0,2,0
8jzl19,2018-05-16 23:36:41,14,r/BikiniBottomTwitter,18,2018-05-17 03:00:36,2,1,2,0
8jzl19,2018-05-16 23:36:41,14,r/BikiniBottomTwitter,18,2018-05-17 03:01:41,3,1,1,0
8jzl19,2018-05-16 23:36:41,14,r/BikiniBottomTwitter,18,2018-05-17 03:04:10,4,1,2,0
8jzl19,2018-05-16 23:36:41,14,r/BikiniBottomTwitter,18,2018-05-17 03:05:27,5,0,1,0
8jzl19,2018-05-16 23:36:41,14,r/BikiniBottomTwitter,18,2018-05-17 03:40:36,2,0,1,0
8jzl19,2018-05-16 23:36:41,14,r/BikiniBottomTwitter,19,2018-05-17 03:04:19,0,0,1,0
8jzl19,2018-05-16 23:36:41,14,r/BikiniBottomTwitter,20,2018-05-17 03:22:18,0,0,1,0
8jzl19,2018-05-16 23:36:41,14,r/BikiniBottomTwitter,21,2018-05-17 03:35:03,0,0,1,0
8jzl19,2018-05-16 23:36:41,14,r/BikiniBottomTwitter,22,2018-05-17 03:38:46,0,0,1,0
8jzl19,2018-05-16 23:36:41,14,r/BikiniBottomTwitter,23,2018-05-17 03:43:44,0,0,1,0
8jzl19,2018-05-16 23:36:41,14,r/BikiniBottomTwitter,24,2018-05-17 03:46:22,0,0,1,0
8jzl19,2018-05-16 23:36:41,14,r/BikiniBottomTwitter,25,2018-05-17 04:09:15,0,0,1,0
8jzl19,2018-05-16 23:36:41,14,r/BikiniBottomTwitter,26,2018-05-17 04:09:18,0,0,1,0
8jzl19,2018-05-16 23:36:41,14,r/BikiniBottomTwitter,27,2018-05-17 04:18:55,0,0,1,0
8jzl19,2018-05-16 23:36:41,14,r/BikiniBottomTwitter,28,2018-05-17 04:31:37,0,0,1,0
8jzl19,2018-05-16 23:36:41,14,r/BikiniBottomTwitter,29,2018-05-17 04:34:23,0,0,1,0
8jzl19,2018-05-16 23:36:41,14,r/BikiniBottomTwitter,30,2018-05-17 04:34:39,0,0,1,0
8jzl19,2018-05-16 23:36:41,14,r/BikiniBottomTwitter,31,2018-05-17 04:36:48,0,0,1,0
8jzl19,2018-05-16 23:36:41,14,r/BikiniBottomTwitter,32,2018-05-17 00:26:01,0,1,-1,0
8jzl19,2018-05-16 23:36:41,14,r/BikiniBottomTwitter,32,2018-05-17 00:26:19,1,1,3,0
8jzl19,2018-05-16 23:36:41,14,r/BikiniBottomTwitter,32,2018-05-17 03:39:33,2,0,2,0
8jzl19,2018-05-16 23:36:41,14,r/BikiniBottomTwitter,33,2018-05-17 00:22:46,0,1,-10,0
8jzl19,2018-05-16 23:36:41,14,r/BikiniBottomTwitter,33,2018-05-17 01:14:44,1,1,8,0
8jzl19,2018-05-16 23:36:41,14,r/BikiniBottomTwitter,33,2018-05-17 01:15:26,2,1,-2,0
8jzl19,2018-05-16 23:36:41,14,r/BikiniBottomTwitter,33,2018-05-17 03:38:22,3,0,2,0
8k0er8,2018-05-17 01:44:08,15,r/wholesomememes,0,2018-05-17 04:44:30,0,0,1,0
8k0er8,2018-05-17 01:44:08,15,r/wholesomememes,1,2018-05-17 02:57:41,0,1,747,0
8k0er8,2018-05-17 01:44:08,15,r/wholesomememes,1,2018-05-17 03:24:31,1,2,252,0
8k0er8,2018-05-17 01:44:08,15,r/wholesomememes,1,2018-05-17 05:13:23,2,0,10,0
8k0er8,2018-05-17 01:44:08,15,r/wholesomememes,1,2018-05-17 05:17:35,2,0,3,0
8k0er8,2018-05-17 01:44:08,15,r/wholesomememes,2,2018-05-17 03:15:50,0,3,289,0
8k0er8,2018-05-17 01:44:08,15,r/wholesomememes,2,2018-05-17 03:44:16,1,0,27,0
8k0er8,2018-05-17 01:44:08,15,r/wholesomememes,2,2018-05-17 03:17:30,1,3,15,0
8k0er8,2018-05-17 01:44:08,15,r/wholesomememes,2,2018-05-17 04:24:42,2,2,23,0
8k0er8,2018-05-17 01:44:08,15,r/wholesomememes,2,2018-05-17 04:57:47,3,0,3,0
8k0er8,2018-05-17 01:44:08,15,r/wholesomememes,2,2018-05-17 05:02:36,3,1,1,0
8k0er8,2018-05-17 01:44:08,15,r/wholesomememes,2,2018-05-17 05:11:40,4,0,1,0
8k0er8,2018-05-17 01:44:08,15,r/wholesomememes,2,2018-05-17 05:11:25,2,0,2,0
8k0er8,2018-05-17 01:44:08,15,r/wholesomememes,2,2018-05-17 05:15:07,2,0,1,0
8k0er8,2018-05-17 01:44:08,15,r/wholesomememes,2,2018-05-17 05:09:40,1,0,4,0
8k0er8,2018-05-17 01:44:08,15,r/wholesomememes,3,2018-05-17 03:28:22,0,5,165,0
8k0er8,2018-05-17 01:44:08,15,r/wholesomememes,3,2018-05-17 04:09:23,1,4,217,0
8k0er8,2018-05-17 01:44:08,15,r/wholesomememes,3,2018-05-17 04:52:11,2,3,65,0
8k0er8,2018-05-17 01:44:08,15,r/wholesomememes,3,2018-05-17 04:56:24,3,2,33,0
8k0er8,2018-05-17 01:44:08,15,r/wholesomememes,3,2018-05-17 04:57:56,4,0,18,0
8k0er8,2018-05-17 01:44:08,15,r/wholesomememes,3,2018-05-17 05:19:15,4,0,1,0
8k0er8,2018-05-17 01:44:08,15,r/wholesomememes,3,2018-05-17 05:09:31,3,1,12,0
8k0er8,2018-05-17 01:44:08,15,r/wholesomememes,3,2018-05-17 05:15:07,4,1,5,0
8k0er8,2018-05-17 01:44:08,15,r/wholesomememes,3,2018-05-17 05:18:45,5,0,2,0
8k0er8,2018-05-17 01:44:08,15,r/wholesomememes,3,2018-05-17 05:16:22,3,0,2,0
8k0er8,2018-05-17 01:44:08,15,r/wholesomememes,3,2018-05-17 04:59:43,2,0,2,0
8k0er8,2018-05-17 01:44:08,15,r/wholesomememes,3,2018-05-17 05:00:42,2,0,1,0
8k0er8,2018-05-17 01:44:08,15,r/wholesomememes,3,2018-05-17 04:56:13,2,0,-7,0
8k0er8,2018-05-17 01:44:08,15,r/wholesomememes,3,2018-05-17 04:13:09,1,1,31,0
8k0er8,2018-05-17 01:44:08,15,r/wholesomememes,3,2018-05-17 05:00:53,2,2,13,0
8k0er8,2018-05-17 01:44:08,15,r/wholesomememes,3,2018-05-17 05:19:02,3,0,1,0
8k0er8,2018-05-17 01:44:08,15,r/wholesomememes,3,2018-05-17 05:20:05,3,0,1,0
8k0er8,2018-05-17 01:44:08,15,r/wholesomememes,3,2018-05-17 04:37:03,1,0,16,0
8k0er8,2018-05-17 01:44:08,15,r/wholesomememes,3,2018-05-17 03:38:35,1,1,14,0
8k0er8,2018-05-17 01:44:08,15,r/wholesomememes,3,2018-05-17 04:35:52,2,0,9,0
8k0er8,2018-05-17 01:44:08,15,r/wholesomememes,3,2018-05-17 04:57:57,1,0,7,0
8k0er8,2018-05-17 01:44:08,15,r/wholesomememes,4,2018-05-17 02:25:50,0,2,86,0
8k0er8,2018-05-17 01:44:08,15,r/wholesomememes,4,2018-05-17 03:23:33,1,1,54,0
8k0er8,2018-05-17 01:44:08,15,r/wholesomememes,4,2018-05-17 03:53:59,2,0,18,0
8k0er8,2018-05-17 01:44:08,15,r/wholesomememes,4,2018-05-17 05:05:22,1,0,4,0
8k0er8,2018-05-17 01:44:08,15,r/wholesomememes,5,2018-05-17 04:13:49,0,4,47,0
8k0er8,2018-05-17 01:44:08,15,r/wholesomememes,5,2018-05-17 04:15:12,1,0,19,0
8k0er8,2018-05-17 01:44:08,15,r/wholesomememes,5,2018-05-17 04:45:15,1,0,6,0
8k0er8,2018-05-17 01:44:08,15,r/wholesomememes,5,2018-05-17 05:17:52,1,0,1,0
8k0er8,2018-05-17 01:44:08,15,r/wholesomememes,5,2018-05-17 05:18:37,1,0,1,0
8k0er8,2018-05-17 01:44:08,15,r/wholesomememes,6,2018-05-17 03:49:27,0,2,10,0
8k0er8,2018-05-17 01:44:08,15,r/wholesomememes,6,2018-05-17 04:24:07,1,2,36,0
8k0er8,2018-05-17 01:44:08,15,r/wholesomememes,6,2018-05-17 04:44:46,2,0,20,0
8k0er8,2018-05-17 01:44:08,15,r/wholesomememes,6,2018-05-17 05:16:48,2,0,1,0
8k0er8,2018-05-17 01:44:08,15,r/wholesomememes,6,2018-05-17 04:51:05,1,0,6,0
8k0er8,2018-05-17 01:44:08,15,r/wholesomememes,7,2018-05-17 04:32:54,0,0,6,0
8k0er8,2018-05-17 01:44:08,15,r/wholesomememes,8,2018-05-17 04:45:21,0,0,4,0
8k0er8,2018-05-17 01:44:08,15,r/wholesomememes,9,2018-05-17 04:44:34,0,2,12,0
8k0er8,2018-05-17 01:44:08,15,r/wholesomememes,9,2018-05-17 04:56:47,1,1,9,0
8k0er8,2018-05-17 01:44:08,15,r/wholesomememes,9,2018-05-17 05:08:37,2,1,2,0
8k0er8,2018-05-17 01:44:08,15,r/wholesomememes,9,2018-05-17 05:19:45,3,0,1,0
8k0er8,2018-05-17 01:44:08,15,r/wholesomememes,9,2018-05-17 05:04:30,1,0,9,0
8k0er8,2018-05-17 01:44:08,15,r/wholesomememes,10,2018-05-17 04:49:31,0,0,4,0
8k0er8,2018-05-17 01:44:08,15,r/wholesomememes,11,2018-05-17 04:24:49,0,1,4,0
8k0er8,2018-05-17 01:44:08,15,r/wholesomememes,11,2018-05-17 04:51:47,1,0,2,0
8k0er8,2018-05-17 01:44:08,15,r/wholesomememes,12,2018-05-17 05:07:54,0,0,1,0
8k0er8,2018-05-17 01:44:08,15,r/wholesomememes,13,2018-05-17 05:12:23,0,0,1,0
8k0er8,2018-05-17 01:44:08,15,r/wholesomememes,14,2018-05-17 04:49:29,0,0,0,0
8jz4fx,2018-05-16 22:29:10,16,r/OldSchoolCool,0,2018-05-17 00:23:51,0,4,1172,0
8jz4fx,2018-05-16 22:29:10,16,r/OldSchoolCool,0,2018-05-17 00:44:49,1,3,371,0
8jz4fx,2018-05-16 22:29:10,16,r/OldSchoolCool,0,2018-05-17 01:27:59,2,1,65,0
8jz4fx,2018-05-16 22:29:10,16,r/OldSchoolCool,0,2018-05-17 02:22:48,3,1,50,0
8jz4fx,2018-05-16 22:29:10,16,r/OldSchoolCool,0,2018-05-17 02:47:22,4,0,29,0
8jz4fx,2018-05-16 22:29:10,16,r/OldSchoolCool,0,2018-05-17 03:29:36,2,0,7,0
8jz4fx,2018-05-16 22:29:10,16,r/OldSchoolCool,0,2018-05-17 02:37:35,1,0,6,0
8jz4fx,2018-05-16 22:29:10,16,r/OldSchoolCool,0,2018-05-17 01:54:47,1,0,4,0
8jz4fx,2018-05-16 22:29:10,16,r/OldSchoolCool,1,2018-05-16 22:30:03,0,28,4239,0
8jz4fx,2018-05-16 22:29:10,16,r/OldSchoolCool,1,2018-05-16 22:36:13,1,8,2806,0
8jz4fx,2018-05-16 22:29:10,16,r/OldSchoolCool,1,2018-05-17 00:48:22,2,6,1099,0
8jz4fx,2018-05-16 22:29:10,16,r/OldSchoolCool,1,2018-05-17 00:59:44,3,4,563,0
8jz4fx,2018-05-16 22:29:10,16,r/OldSchoolCool,1,2018-05-17 01:09:15,4,4,281,0
8jz4fx,2018-05-16 22:29:10,16,r/OldSchoolCool,1,2018-05-17 01:13:18,5,3,373,1
8jz4fx,2018-05-16 22:29:10,16,r/OldSchoolCool,1,2018-05-17 01:18:31,6,1,111,0
8jz4fx,2018-05-16 22:29:10,16,r/OldSchoolCool,1,2018-05-17 01:27:51,7,1,62,0
8jz4fx,2018-05-16 22:29:10,16,r/OldSchoolCool,1,2018-05-17 03:25:37,8,1,11,0
8jz4fx,2018-05-16 22:29:10,16,r/OldSchoolCool,1,2018-05-17 01:17:38,6,2,22,0
8jz4fx,2018-05-16 22:29:10,16,r/OldSchoolCool,1,2018-05-17 01:20:20,7,1,15,0
8jz4fx,2018-05-16 22:29:10,16,r/OldSchoolCool,1,2018-05-17 01:48:08,8,1,1,0
8jz4fx,2018-05-16 22:29:10,16,r/OldSchoolCool,1,2018-05-17 01:24:04,7,3,7,0
8jz4fx,2018-05-16 22:29:10,16,r/OldSchoolCool,1,2018-05-17 01:44:23,8,1,22,0
8jz4fx,2018-05-16 22:29:10,16,r/OldSchoolCool,1,2018-05-17 02:06:24,9,1,5,0
8jz4fx,2018-05-16 22:29:10,16,r/OldSchoolCool,1,2018-05-17 02:37:30,8,1,1,0
8jz4fx,2018-05-16 22:29:10,16,r/OldSchoolCool,1,2018-05-17 02:45:22,6,0,1,0
8jz4fx,2018-05-16 22:29:10,16,r/OldSchoolCool,1,2018-05-17 01:11:26,5,1,15,0
8jz4fx,2018-05-16 22:29:10,16,r/OldSchoolCool,1,2018-05-17 01:59:04,5,0,3,0
8jz4fx,2018-05-16 22:29:10,16,r/OldSchoolCool,1,2018-05-17 01:24:42,4,0,15,0
8jz4fx,2018-05-16 22:29:10,16,r/OldSchoolCool,1,2018-05-17 02:57:36,4,0,2,0
8jz4fx,2018-05-16 22:29:10,16,r/OldSchoolCool,1,2018-05-17 02:59:56,4,0,1,0
8jz4fx,2018-05-16 22:29:10,16,r/OldSchoolCool,1,2018-05-17 01:46:59,3,0,16,0
8jz4fx,2018-05-16 22:29:10,16,r/OldSchoolCool,1,2018-05-17 01:15:55,3,1,11,0
8jz4fx,2018-05-16 22:29:10,16,r/OldSchoolCool,1,2018-05-17 01:22:11,4,0,19,0
8jz4fx,2018-05-16 22:29:10,16,r/OldSchoolCool,1,2018-05-17 02:15:47,3,1,2,0
8jz4fx,2018-05-16 22:29:10,16,r/OldSchoolCool,1,2018-05-17 03:05:48,4,0,2,0
8jz4fx,2018-05-16 22:29:10,16,r/OldSchoolCool,1,2018-05-17 03:28:08,3,0,2,0
8jz4fx,2018-05-16 22:29:10,16,r/OldSchoolCool,1,2018-05-17 04:10:02,3,0,2,0
8jz4fx,2018-05-16 22:29:10,16,r/OldSchoolCool,1,2018-05-17 01:49:58,2,2,105,0
8jz4fx,2018-05-16 22:29:10,16,r/OldSchoolCool,1,2018-05-17 02:58:46,3,3,10,0
8jz4fx,2018-05-16 22:29:10,16,r/OldSchoolCool,1,2018-05-17 04:05:06,4,0,3,0
8jz4fx,2018-05-16 22:29:10,16,r/OldSchoolCool,1,2018-05-17 04:59:53,4,0,2,0
8jz4fx,2018-05-16 22:29:10,16,r/OldSchoolCool,1,2018-05-17 01:04:10,2,1,32,0
8jz4fx,2018-05-16 22:29:10,16,r/OldSchoolCool,1,2018-05-17 01:52:43,3,0,12,0
8jz4fx,2018-05-16 22:29:10,16,r/OldSchoolCool,1,2018-05-16 23:08:08,2,1,61,0
8jz4fx,2018-05-16 22:29:10,16,r/OldSchoolCool,1,2018-05-17 00:44:16,3,0,14,0
8jz4fx,2018-05-16 22:29:10,16,r/OldSchoolCool,1,2018-05-17 01:05:08,2,0,6,0
8jz4fx,2018-05-16 22:29:10,16,r/OldSchoolCool,1,2018-05-17 02:22:06,2,0,1,0
8jz4fx,2018-05-16 22:29:10,16,r/OldSchoolCool,1,2018-05-17 02:56:16,2,0,1,0
8jz4fx,2018-05-16 22:29:10,16,r/OldSchoolCool,1,2018-05-17 00:13:33,1,2,109,0
8jz4fx,2018-05-16 22:29:10,16,r/OldSchoolCool,1,2018-05-17 00:31:33,2,3,56,0
8jz4fx,2018-05-16 22:29:10,16,r/OldSchoolCool,1,2018-05-17 00:40:30,3,2,33,0
8jz4fx,2018-05-16 22:29:10,16,r/OldSchoolCool,1,2018-05-17 01:03:22,4,2,17,0
8jz4fx,2018-05-16 22:29:10,16,r/OldSchoolCool,1,2018-05-17 01:09:15,5,1,13,0
8jz4fx,2018-05-16 22:29:10,16,r/OldSchoolCool,1,2018-05-17 01:10:00,6,0,11,0
8jz4fx,2018-05-16 22:29:10,16,r/OldSchoolCool,1,2018-05-17 01:11:34,5,0,2,0
8jz4fx,2018-05-16 22:29:10,16,r/OldSchoolCool,1,2018-05-17 01:54:36,4,1,4,0
8jz4fx,2018-05-16 22:29:10,16,r/OldSchoolCool,1,2018-05-17 02:15:17,5,0,2,0
8jz4fx,2018-05-16 22:29:10,16,r/OldSchoolCool,1,2018-05-17 01:18:22,3,1,17,0
8jz4fx,2018-05-16 22:29:10,16,r/OldSchoolCool,1,2018-05-17 01:51:02,3,0,3,0
8jz4fx,2018-05-16 22:29:10,16,r/OldSchoolCool,1,2018-05-17 01:51:37,2,0,5,0
8jz4fx,2018-05-16 22:29:10,16,r/OldSchoolCool,1,2018-05-17 01:42:47,1,1,30,0
8jz4fx,2018-05-16 22:29:10,16,r/OldSchoolCool,1,2018-05-17 03:27:53,2,0,4,0
8jz4fx,2018-05-16 22:29:10,16,r/OldSchoolCool,1,2018-05-17 01:34:54,1,0,19,0
8jz4fx,2018-05-16 22:29:10,16,r/OldSchoolCool,1,2018-05-17 01:14:49,1,1,10,0
8jz4fx,2018-05-16 22:29:10,16,r/OldSchoolCool,1,2018-05-17 01:22:55,1,0,10,0
8jz4fx,2018-05-16 22:29:10,16,r/OldSchoolCool,1,2018-05-17 00:25:01,1,2,33,0
8jz4fx,2018-05-16 22:29:10,16,r/OldSchoolCool,1,2018-05-17 00:27:39,2,0,27,0
8jz4fx,2018-05-16 22:29:10,16,r/OldSchoolCool,1,2018-05-17 02:02:13,2,0,1,0
8jz4fx,2018-05-16 22:29:10,16,r/OldSchoolCool,1,2018-05-17 01:06:26,1,0,12,0
8jz4fx,2018-05-16 22:29:10,16,r/OldSchoolCool,1,2018-05-17 01:00:43,1,0,7,0
8jz4fx,2018-05-16 22:29:10,16,r/OldSchoolCool,1,2018-05-17 01:26:38,1,0,5,0
8jz4fx,2018-05-16 22:29:10,16,r/OldSchoolCool,1,2018-05-17 01:41:24,1,0,4,0
8jz4fx,2018-05-16 22:29:10,16,r/OldSchoolCool,1,2018-05-17 01:22:12,1,1,2,0
8jz4fx,2018-05-16 22:29:10,16,r/OldSchoolCool,1,2018-05-17 01:33:07,2,0,1,0
8jz4fx,2018-05-16 22:29:10,16,r/OldSchoolCool,1,2018-05-17 01:22:12,1,0,1,0
8jz4fx,2018-05-16 22:29:10,16,r/OldSchoolCool,1,2018-05-17 01:22:49,1,0,1,0
8jz4fx,2018-05-16 22:29:10,16,r/OldSchoolCool,1,2018-05-17 01:24:42,1,0,1,0
8jz4fx,2018-05-16 22:29:10,16,r/OldSchoolCool,1,2018-05-17 01:39:25,1,0,1,0
8jz4fx,2018-05-16 22:29:10,16,r/OldSchoolCool,1,2018-05-17 01:39:35,1,0,1,0
8jz4fx,2018-05-16 22:29:10,16,r/OldSchoolCool,1,2018-05-17 01:56:23,1,0,1,0
8jz4fx,2018-05-16 22:29:10,16,r/OldSchoolCool,1,2018-05-17 02:08:56,1,0,1,0
8jz4fx,2018-05-16 22:29:10,16,r/OldSchoolCool,1,2018-05-17 02:10:49,1,0,1,0
8jz4fx,2018-05-16 22:29:10,16,r/OldSchoolCool,1,2018-05-17 02:12:48,1,0,1,0
8jz4fx,2018-05-16 22:29:10,16,r/OldSchoolCool,1,2018-05-17 02:27:59,1,0,1,0
8jz4fx,2018-05-16 22:29:10,16,r/OldSchoolCool,1,2018-05-17 02:36:29,1,0,1,0
8jz4fx,2018-05-16 22:29:10,16,r/OldSchoolCool,1,2018-05-17 02:39:28,1,0,1,0
8jz4fx,2018-05-16 22:29:10,16,r/OldSchoolCool,1,2018-05-17 02:49:52,1,0,1,0
8jz4fx,2018-05-16 22:29:10,16,r/OldSchoolCool,1,2018-05-17 02:51:54,1,0,1,0
8jz4fx,2018-05-16 22:29:10,16,r/OldSchoolCool,1,2018-05-17 03:00:18,1,0,1,0
8jz4fx,2018-05-16 22:29:10,16,r/OldSchoolCool,2,2018-05-16 23:22:38,0,8,564,0
8jz4fx,2018-05-16 22:29:10,16,r/OldSchoolCool,2,2018-05-17 00:05:37,1,2,542,0
8jz4fx,2018-05-16 22:29:10,16,r/OldSchoolCool,2,2018-05-17 01:36:38,2,3,104,0
8jz4fx,2018-05-16 22:29:10,16,r/OldSchoolCool,2,2018-05-17 01:43:58,3,1,69,0
8jz4fx,2018-05-16 22:29:10,16,r/OldSchoolCool,2,2018-05-17 01:47:20,4,1,27,0
8jz4fx,2018-05-16 22:29:10,16,r/OldSchoolCool,2,2018-05-17 01:55:25,5,1,22,0
8jz4fx,2018-05-16 22:29:10,16,r/OldSchoolCool,2,2018-05-17 02:33:55,6,1,14,0
8jz4fx,2018-05-16 22:29:10,16,r/OldSchoolCool,2,2018-05-17 02:48:47,3,0,4,0
8jz4fx,2018-05-16 22:29:10,16,r/OldSchoolCool,2,2018-05-17 03:33:36,3,0,2,0
8jz4fx,2018-05-16 22:29:10,16,r/OldSchoolCool,2,2018-05-17 04:04:06,2,0,2,0
8jz4fx,2018-05-16 22:29:10,16,r/OldSchoolCool,2,2018-05-16 23:42:02,1,1,77,0
8jz4fx,2018-05-16 22:29:10,16,r/OldSchoolCool,2,2018-05-17 00:56:51,2,2,36,0
8jz4fx,2018-05-16 22:29:10,16,r/OldSchoolCool,2,2018-05-17 01:14:43,3,1,20,0
8jz4fx,2018-05-16 22:29:10,16,r/OldSchoolCool,2,2018-05-17 01:21:31,4,2,21,0
8jz4fx,2018-05-16 22:29:10,16,r/OldSchoolCool,2,2018-05-17 01:31:00,5,2,5,0
8jz4fx,2018-05-16 22:29:10,16,r/OldSchoolCool,2,2018-05-17 01:40:03,6,0,1,0
8jz4fx,2018-05-16 22:29:10,16,r/OldSchoolCool,2,2018-05-17 02:14:52,6,0,1,0
8jz4fx,2018-05-16 22:29:10,16,r/OldSchoolCool,2,2018-05-17 01:34:58,5,0,1,0
8jz4fx,2018-05-16 22:29:10,16,r/OldSchoolCool,2,2018-05-17 01:17:37,1,2,23,0
8jz4fx,2018-05-16 22:29:10,16,r/OldSchoolCool,2,2018-05-17 01:48:34,2,2,4,0
8jz4fx,2018-05-16 22:29:10,16,r/OldSchoolCool,2,2018-05-17 02:02:34,3,1,10,0
8jz4fx,2018-05-16 22:29:10,16,r/OldSchoolCool,2,2018-05-17 02:15:43,4,1,1,0
8jz4fx,2018-05-16 22:29:10,16,r/OldSchoolCool,2,2018-05-17 02:27:43,5,0,1,0
8jz4fx,2018-05-16 22:29:10,16,r/OldSchoolCool,2,2018-05-17 02:30:46,3,1,1,0
8jz4fx,2018-05-16 22:29:10,16,r/OldSchoolCool,2,2018-05-17 03:00:02,4,0,1,0
8jz4fx,2018-05-16 22:29:10,16,r/OldSchoolCool,2,2018-05-17 01:44:28,1,1,6,0
8jz4fx,2018-05-16 22:29:10,16,r/OldSchoolCool,2,2018-05-17 01:46:43,2,0,6,0
8jz4fx,2018-05-16 22:29:10,16,r/OldSchoolCool,2,2018-05-17 02:02:57,1,0,1,0
8jz4fx,2018-05-16 22:29:10,16,r/OldSchoolCool,2,2018-05-17 02:42:37,1,1,1,0
8jz4fx,2018-05-16 22:29:10,16,r/OldSchoolCool,2,2018-05-17 02:45:36,2,0,2,0
8jz4fx,2018-05-16 22:29:10,16,r/OldSchoolCool,2,2018-05-17 02:53:16,1,1,1,0
8jz4fx,2018-05-16 22:29:10,16,r/OldSchoolCool,2,2018-05-17 03:01:38,1,0,1,0
8jz4fx,2018-05-16 22:29:10,16,r/OldSchoolCool,3,2018-05-16 23:42:37,0,3,151,0
8jz4fx,2018-05-16 22:29:10,16,r/OldSchoolCool,3,2018-05-17 02:20:35,1,1,39,0
8jz4fx,2018-05-16 22:29:10,16,r/OldSchoolCool,3,2018-05-17 02:28:57,2,0,6,0
8jz4fx,2018-05-16 22:29:10,16,r/OldSchoolCool,3,2018-05-17 04:38:14,1,0,2,0
8jz4fx,2018-05-16 22:29:10,16,r/OldSchoolCool,4,2018-05-16 23:22:35,0,8,961,0
8jz4fx,2018-05-16 22:29:10,16,r/OldSchoolCool,4,2018-05-17 00:26:54,1,5,153,0
8jz4fx,2018-05-16 22:29:10,16,r/OldSchoolCool,4,2018-05-17 01:34:02,2,1,105,0
8jz4fx,2018-05-16 22:29:10,16,r/OldSchoolCool,4,2018-05-17 03:00:03,3,1,23,0
8jz4fx,2018-05-16 22:29:10,16,r/OldSchoolCool,4,2018-05-17 03:13:10,4,0,10,0
8jz4fx,2018-05-16 22:29:10,16,r/OldSchoolCool,4,2018-05-17 00:37:53,2,2,46,0
8jz4fx,2018-05-16 22:29:10,16,r/OldSchoolCool,4,2018-05-17 00:58:23,3,1,23,0
8jz4fx,2018-05-16 22:29:10,16,r/OldSchoolCool,4,2018-05-17 01:09:53,4,0,9,0
8jz4fx,2018-05-16 22:29:10,16,r/OldSchoolCool,4,2018-05-17 01:36:36,3,0,6,0
8jz4fx,2018-05-16 22:29:10,16,r/OldSchoolCool,4,2018-05-17 01:18:55,2,1,23,0
8jz4fx,2018-05-16 22:29:10,16,r/OldSchoolCool,4,2018-05-17 01:20:42,3,0,2,0
8jz4fx,2018-05-16 22:29:10,16,r/OldSchoolCool,4,2018-05-17 01:46:37,2,1,2,0
8jz4fx,2018-05-16 22:29:10,16,r/OldSchoolCool,4,2018-05-17 02:12:37,2,1,1,0
8jz4fx,2018-05-16 22:29:10,16,r/OldSchoolCool,4,2018-05-17 02:33:49,3,0,1,0
8jz4fx,2018-05-16 22:29:10,16,r/OldSchoolCool,4,2018-05-17 00:28:14,1,1,25,0
8jz4fx,2018-05-16 22:29:10,16,r/OldSchoolCool,4,2018-05-17 00:31:46,1,1,20,0
8jz4fx,2018-05-16 22:29:10,16,r/OldSchoolCool,4,2018-05-17 01:05:53,2,0,10,0
8jz4fx,2018-05-16 22:29:10,16,r/OldSchoolCool,4,2018-05-17 00:43:24,1,1,14,0
8jz4fx,2018-05-16 22:29:10,16,r/OldSchoolCool,4,2018-05-17 00:44:30,1,2,10,0
8jz4fx,2018-05-16 22:29:10,16,r/OldSchoolCool,4,2018-05-17 01:12:00,2,0,6,0
8jz4fx,2018-05-16 22:29:10,16,r/OldSchoolCool,4,2018-05-17 01:32:30,2,1,9,0
8jz4fx,2018-05-16 22:29:10,16,r/OldSchoolCool,4,2018-05-17 01:47:57,3,1,7,0
8jz4fx,2018-05-16 22:29:10,16,r/OldSchoolCool,4,2018-05-17 01:52:48,4,1,5,0
8jz4fx,2018-05-16 22:29:10,16,r/OldSchoolCool,4,2018-05-17 02:13:45,5,1,5,0
8jz4fx,2018-05-16 22:29:10,16,r/OldSchoolCool,4,2018-05-17 03:35:47,6,0,2,0
8jz4fx,2018-05-16 22:29:10,16,r/OldSchoolCool,4,2018-05-17 01:05:09,1,0,3,0
8jz4fx,2018-05-16 22:29:10,16,r/OldSchoolCool,4,2018-05-17 00:48:36,1,0,1,0
8jz4fx,2018-05-16 22:29:10,16,r/OldSchoolCool,5,2018-05-16 23:05:55,0,1,317,0
8jz4fx,2018-05-16 22:29:10,16,r/OldSchoolCool,5,2018-05-16 23:25:27,1,12,631,0
8jz4fx,2018-05-16 22:29:10,16,r/OldSchoolCool,5,2018-05-16 23:44:28,2,1,353,0
8jz4fx,2018-05-16 22:29:10,16,r/OldSchoolCool,5,2018-05-17 00:00:09,3,0,61,0
8jz4fx,2018-05-16 22:29:10,16,r/OldSchoolCool,5,2018-05-17 00:17:31,2,1,116,0
8jz4fx,2018-05-16 22:29:10,16,r/OldSchoolCool,5,2018-05-17 00:26:56,3,1,31,0
8jz4fx,2018-05-16 22:29:10,16,r/OldSchoolCool,5,2018-05-17 00:59:19,4,1,13,0
8jz4fx,2018-05-16 22:29:10,16,r/OldSchoolCool,5,2018-05-17 01:46:56,5,2,16,0
8jz4fx,2018-05-16 22:29:10,16,r/OldSchoolCool,5,2018-05-17 02:34:48,6,1,2,0
8jz4fx,2018-05-16 22:29:10,16,r/OldSchoolCool,5,2018-05-17 02:40:04,6,0,2,0
8jz4fx,2018-05-16 22:29:10,16,r/OldSchoolCool,5,2018-05-17 01:26:43,2,0,20,0
8jz4fx,2018-05-16 22:29:10,16,r/OldSchoolCool,5,2018-05-17 02:08:36,2,0,14,0
8jz4fx,2018-05-16 22:29:10,16,r/OldSchoolCool,5,2018-05-17 01:48:15,2,0,10,0
8jz4fx,2018-05-16 22:29:10,16,r/OldSchoolCool,5,2018-05-17 01:21:02,2,0,10,0
8jz4fx,2018-05-16 22:29:10,16,r/OldSchoolCool,5,2018-05-17 01:36:23,2,0,2,0
8jz4fx,2018-05-16 22:29:10,16,r/OldSchoolCool,5,2018-05-17 04:32:03,2,0,2,0
8jz4fx,2018-05-16 22:29:10,16,r/OldSchoolCool,5,2018-05-17 01:20:00,2,0,1,0
8jz4fx,2018-05-16 22:29:10,16,r/OldSchoolCool,5,2018-05-17 01:57:14,2,0,1,0
8jz4fx,2018-05-16 22:29:10,16,r/OldSchoolCool,5,2018-05-17 02:58:02,2,0,1,0
8jz4fx,2018-05-16 22:29:10,16,r/OldSchoolCool,6,2018-05-17 00:41:50,0,0,105,0
8jz4fx,2018-05-16 22:29:10,16,r/OldSchoolCool,7,2018-05-16 22:47:28,0,3,219,0
8jz4fx,2018-05-16 22:29:10,16,r/OldSchoolCool,7,2018-05-17 02:22:10,1,0,3,0
8jz4fx,2018-05-16 22:29:10,16,r/OldSchoolCool,7,2018-05-17 02:55:51,1,0,2,0
8jz4fx,2018-05-16 22:29:10,16,r/OldSchoolCool,8,2018-05-16 23:58:09,0,6,136,0
8jz4fx,2018-05-16 22:29:10,16,r/OldSchoolCool,8,2018-05-17 01:23:54,1,3,108,0
8jz4fx,2018-05-16 22:29:10,16,r/OldSchoolCool,8,2018-05-17 01:57:03,2,3,53,0
8jz4fx,2018-05-16 22:29:10,16,r/OldSchoolCool,8,2018-05-17 02:57:22,3,2,30,0
8jz4fx,2018-05-16 22:29:10,16,r/OldSchoolCool,8,2018-05-17 03:07:16,4,1,6,0
8jz4fx,2018-05-16 22:29:10,16,r/OldSchoolCool,8,2018-05-17 04:07:19,5,0,4,0
8jz4fx,2018-05-16 22:29:10,16,r/OldSchoolCool,8,2018-05-17 03:26:57,4,0,5,0
8jz4fx,2018-05-16 22:29:10,16,r/OldSchoolCool,8,2018-05-17 03:23:13,3,0,8,0
8jz4fx,2018-05-16 22:29:10,16,r/OldSchoolCool,8,2018-05-17 03:24:20,3,0,2,0
8jz4fx,2018-05-16 22:29:10,16,r/OldSchoolCool,8,2018-05-17 01:38:54,2,0,12,0
8jz4fx,2018-05-16 22:29:10,16,r/OldSchoolCool,8,2018-05-17 01:00:41,1,4,155,0
8jz4fx,2018-05-16 22:29:10,16,r/OldSchoolCool,8,2018-05-17 01:38:30,2,6,98,0
8jz4fx,2018-05-16 22:29:10,16,r/OldSchoolCool,8,2018-05-17 02:04:44,3,1,28,0
8jz4fx,2018-05-16 22:29:10,16,r/OldSchoolCool,8,2018-05-17 02:41:23,4,2,3,0
8jz4fx,2018-05-16 22:29:10,16,r/OldSchoolCool,8,2018-05-17 02:58:16,5,1,6,0
8jz4fx,2018-05-16 22:29:10,16,r/OldSchoolCool,8,2018-05-17 04:42:30,5,0,2,0
8jz4fx,2018-05-16 22:29:10,16,r/OldSchoolCool,8,2018-05-17 01:45:18,3,0,29,0
8jz4fx,2018-05-16 22:29:10,16,r/OldSchoolCool,8,2018-05-17 02:26:27,3,0,21,0
8jz4fx,2018-05-16 22:29:10,16,r/OldSchoolCool,8,2018-05-17 01:55:19,3,0,7,0
8jz4fx,2018-05-16 22:29:10,16,r/OldSchoolCool,8,2018-05-17 02:09:49,3,0,8,0
8jz4fx,2018-05-16 22:29:10,16,r/OldSchoolCool,8,2018-05-17 02:18:08,2,0,1,0
8jz4fx,2018-05-16 22:29:10,16,r/OldSchoolCool,8,2018-05-17 02:39:53,2,0,1,0
8jz4fx,2018-05-16 22:29:10,16,r/OldSchoolCool,8,2018-05-17 00:24:25,1,2,55,0
8jz4fx,2018-05-16 22:29:10,16,r/OldSchoolCool,8,2018-05-17 00:43:11,2,3,95,0
8jz4fx,2018-05-16 22:29:10,16,r/OldSchoolCool,8,2018-05-17 01:18:02,3,1,15,0
8jz4fx,2018-05-16 22:29:10,16,r/OldSchoolCool,8,2018-05-17 01:31:33,4,3,44,0
8jz4fx,2018-05-16 22:29:10,16,r/OldSchoolCool,8,2018-05-17 01:50:39,5,0,17,0
8jz4fx,2018-05-16 22:29:10,16,r/OldSchoolCool,8,2018-05-17 02:25:15,5,0,4,0
8jz4fx,2018-05-16 22:29:10,16,r/OldSchoolCool,8,2018-05-17 03:31:24,5,0,3,0
8jz4fx,2018-05-16 22:29:10,16,r/OldSchoolCool,8,2018-05-17 01:21:57,3,1,35,0
8jz4fx,2018-05-16 22:29:10,16,r/OldSchoolCool,8,2018-05-17 02:17:08,4,1,2,0
8jz4fx,2018-05-16 22:29:10,16,r/OldSchoolCool,8,2018-05-17 02:28:40,5,0,2,0
8jz4fx,2018-05-16 22:29:10,16,r/OldSchoolCool,8,2018-05-17 01:47:22,3,2,17,0
8jz4fx,2018-05-16 22:29:10,16,r/OldSchoolCool,8,2018-05-17 03:32:09,4,0,4,0
8jz4fx,2018-05-16 22:29:10,16,r/OldSchoolCool,8,2018-05-17 01:19:40,2,0,20,0
8jz4fx,2018-05-16 22:29:10,16,r/OldSchoolCool,8,2018-05-17 01:10:57,1,0,14,0
8jz4fx,2018-05-16 22:29:10,16,r/OldSchoolCool,8,2018-05-17 01:44:27,1,1,18,0
8jz4fx,2018-05-16 22:29:10,16,r/OldSchoolCool,8,2018-05-17 02:21:23,2,0,7,0
8jz4fx,2018-05-16 22:29:10,16,r/OldSchoolCool,8,2018-05-17 00:42:45,1,0,7,0
8jz4fx,2018-05-16 22:29:10,16,r/OldSchoolCool,9,2018-05-16 23:45:57,0,3,121,0
8jz4fx,2018-05-16 22:29:10,16,r/OldSchoolCool,9,2018-05-17 00:50:21,1,0,36,0
8jz4fx,2018-05-16 22:29:10,16,r/OldSchoolCool,9,2018-05-17 01:17:06,1,1,23,0
8jz4fx,2018-05-16 22:29:10,16,r/OldSchoolCool,9,2018-05-17 02:27:13,2,0,3,0
8jz4fx,2018-05-16 22:29:10,16,r/OldSchoolCool,9,2018-05-17 02:06:34,1,0,2,0
8jz4fx,2018-05-16 22:29:10,16,r/OldSchoolCool,10,2018-05-17 01:05:20,0,4,22,0
8jz4fx,2018-05-16 22:29:10,16,r/OldSchoolCool,10,2018-05-17 02:46:07,1,1,25,0
8jz4fx,2018-05-16 22:29:10,16,r/OldSchoolCool,10,2018-05-17 01:06:21,1,0,1,0
8jz4fx,2018-05-16 22:29:10,16,r/OldSchoolCool,10,2018-05-17 01:49:55,1,0,1,0
8jz4fx,2018-05-16 22:29:10,16,r/OldSchoolCool,10,2018-05-17 02:38:52,1,0,1,0
8jz4fx,2018-05-16 22:29:10,16,r/OldSchoolCool,11,2018-05-16 23:58:16,0,0,14,0
8jz4fx,2018-05-16 22:29:10,16,r/OldSchoolCool,12,2018-05-17 00:47:35,0,0,12,0
8jz4fx,2018-05-16 22:29:10,16,r/OldSchoolCool,13,2018-05-16 23:22:45,0,0,44,0
8jz4fx,2018-05-16 22:29:10,16,r/OldSchoolCool,14,2018-05-16 23:39:30,0,0,43,0
8jz4fx,2018-05-16 22:29:10,16,r/OldSchoolCool,15,2018-05-17 00:41:04,0,0,10,0
8jz4fx,2018-05-16 22:29:10,16,r/OldSchoolCool,16,2018-05-16 23:04:56,0,0,19,0
8jz4fx,2018-05-16 22:29:10,16,r/OldSchoolCool,17,2018-05-17 00:51:01,0,1,11,0
8jz4fx,2018-05-16 22:29:10,16,r/OldSchoolCool,17,2018-05-17 03:50:23,1,0,2,0
8jz4fx,2018-05-16 22:29:10,16,r/OldSchoolCool,18,2018-05-16 23:43:34,0,1,16,0
8jz4fx,2018-05-16 22:29:10,16,r/OldSchoolCool,18,2018-05-17 02:17:16,1,0,1,0
8jz4fx,2018-05-16 22:29:10,16,r/OldSchoolCool,19,2018-05-17 01:24:17,0,0,8,0
8jz4fx,2018-05-16 22:29:10,16,r/OldSchoolCool,20,2018-05-16 23:00:26,0,2,59,0
8jz4fx,2018-05-16 22:29:10,16,r/OldSchoolCool,20,2018-05-17 01:49:25,1,0,4,0
8jz4fx,2018-05-16 22:29:10,16,r/OldSchoolCool,21,2018-05-17 01:07:31,0,1,9,0
8jz4fx,2018-05-16 22:29:10,16,r/OldSchoolCool,21,2018-05-17 01:12:51,1,0,1,0
8jz4fx,2018-05-16 22:29:10,16,r/OldSchoolCool,22,2018-05-17 00:28:32,0,0,4,0
8jz4fx,2018-05-16 22:29:10,16,r/OldSchoolCool,23,2018-05-17 01:16:12,0,0,7,0
8jz4fx,2018-05-16 22:29:10,16,r/OldSchoolCool,24,2018-05-17 00:06:15,0,1,11,0
8jz4fx,2018-05-16 22:29:10,16,r/OldSchoolCool,24,2018-05-17 00:48:34,1,1,11,0
8jz4fx,2018-05-16 22:29:10,16,r/OldSchoolCool,24,2018-05-17 01:25:19,2,0,9,0
8jz4fx,2018-05-16 22:29:10,16,r/OldSchoolCool,25,2018-05-17 01:05:03,0,0,5,0
8jz4fx,2018-05-16 22:29:10,16,r/OldSchoolCool,26,2018-05-17 01:13:16,0,0,7,0
8jz4fx,2018-05-16 22:29:10,16,r/OldSchoolCool,27,2018-05-17 01:33:47,0,0,4,0
8jz4fx,2018-05-16 22:29:10,16,r/OldSchoolCool,28,2018-05-16 23:10:52,0,0,13,0
8jz4fx,2018-05-16 22:29:10,16,r/OldSchoolCool,29,2018-05-16 23:40:19,0,6,11,0
8jz4fx,2018-05-16 22:29:10,16,r/OldSchoolCool,29,2018-05-17 01:04:00,1,2,25,0
8jz4fx,2018-05-16 22:29:10,16,r/OldSchoolCool,29,2018-05-17 01:26:38,2,1,13,0
8jz4fx,2018-05-16 22:29:10,16,r/OldSchoolCool,29,2018-05-17 03:39:14,3,0,2,0
8jz4fx,2018-05-16 22:29:10,16,r/OldSchoolCool,29,2018-05-17 01:51:14,2,0,2,0
8jz4fx,2018-05-16 22:29:10,16,r/OldSchoolCool,29,2018-05-17 01:04:25,1,1,13,0
8jz4fx,2018-05-16 22:29:10,16,r/OldSchoolCool,29,2018-05-16 23:44:17,1,1,61,0
8jz4fx,2018-05-16 22:29:10,16,r/OldSchoolCool,29,2018-05-16 23:47:58,2,1,23,0
8jz4fx,2018-05-16 22:29:10,16,r/OldSchoolCool,29,2018-05-17 00:30:44,3,0,15,0
8jz4fx,2018-05-16 22:29:10,16,r/OldSchoolCool,29,2018-05-17 00:59:59,1,1,8,0
8jz4fx,2018-05-16 22:29:10,16,r/OldSchoolCool,29,2018-05-17 01:23:57,2,0,5,0
8jz4fx,2018-05-16 22:29:10,16,r/OldSchoolCool,29,2018-05-17 00:23:12,1,0,17,0
8jz4fx,2018-05-16 22:29:10,16,r/OldSchoolCool,29,2018-05-17 00:21:09,1,0,3,0
8jz4fx,2018-05-16 22:29:10,16,r/OldSchoolCool,30,2018-05-16 23:24:25,0,1,10,0
8jz4fx,2018-05-16 22:29:10,16,r/OldSchoolCool,30,2018-05-17 01:51:56,1,0,2,0
8jz4fx,2018-05-16 22:29:10,16,r/OldSchoolCool,31,2018-05-17 00:25:19,0,0,3,0
8jz4fx,2018-05-16 22:29:10,16,r/OldSchoolCool,32,2018-05-17 00:30:13,0,0,3,0
8jz4fx,2018-05-16 22:29:10,16,r/OldSchoolCool,33,2018-05-17 00:39:28,0,0,3,0
8jz4fx,2018-05-16 22:29:10,16,r/OldSchoolCool,34,2018-05-17 00:42:55,0,0,3,0
8jz4fx,2018-05-16 22:29:10,16,r/OldSchoolCool,35,2018-05-17 00:43:03,0,1,3,0
8jz4fx,2018-05-16 22:29:10,16,r/OldSchoolCool,35,2018-05-17 02:47:17,1,0,1,0
8jz4fx,2018-05-16 22:29:10,16,r/OldSchoolCool,36,2018-05-17 00:48:36,0,0,3,0
8jz4fx,2018-05-16 22:29:10,16,r/OldSchoolCool,37,2018-05-17 00:56:32,0,0,3,0
8jz4fx,2018-05-16 22:29:10,16,r/OldSchoolCool,38,2018-05-17 01:10:14,0,0,3,0
8jz4fx,2018-05-16 22:29:10,16,r/OldSchoolCool,39,2018-05-17 01:12:32,0,0,3,0
8jz4fx,2018-05-16 22:29:10,16,r/OldSchoolCool,40,2018-05-17 01:13:14,0,0,3,0
8jz4fx,2018-05-16 22:29:10,16,r/OldSchoolCool,41,2018-05-17 01:15:38,0,0,3,0
8jz4fx,2018-05-16 22:29:10,16,r/OldSchoolCool,42,2018-05-17 01:15:55,0,0,3,0
8jz4fx,2018-05-16 22:29:10,16,r/OldSchoolCool,43,2018-05-17 01:24:57,0,0,3,0
8jz4fx,2018-05-16 22:29:10,16,r/OldSchoolCool,44,2018-05-17 02:48:15,0,0,3,0
8jz4fx,2018-05-16 22:29:10,16,r/OldSchoolCool,45,2018-05-17 03:10:55,0,1,3,0
8jz4fx,2018-05-16 22:29:10,16,r/OldSchoolCool,46,2018-05-17 01:08:24,0,1,2,0
8jz4fx,2018-05-16 22:29:10,16,r/OldSchoolCool,46,2018-05-17 01:08:28,1,1,2,0
8jz4fx,2018-05-16 22:29:10,16,r/OldSchoolCool,46,2018-05-17 03:00:14,2,0,1,0
8jz4fx,2018-05-16 22:29:10,16,r/OldSchoolCool,47,2018-05-17 00:07:59,0,1,8,0
8jz4fx,2018-05-16 22:29:10,16,r/OldSchoolCool,48,2018-05-17 00:28:00,0,1,2,0
8jz4fx,2018-05-16 22:29:10,16,r/OldSchoolCool,48,2018-05-17 00:50:10,1,2,4,0
8jz4fx,2018-05-16 22:29:10,16,r/OldSchoolCool,48,2018-05-17 00:58:39,2,0,2,0
8jz4fx,2018-05-16 22:29:10,16,r/OldSchoolCool,48,2018-05-17 01:52:46,2,0,1,0
8jz4fx,2018-05-16 22:29:10,16,r/OldSchoolCool,49,2018-05-17 00:33:03,0,0,2,0
8jz4fx,2018-05-16 22:29:10,16,r/OldSchoolCool,50,2018-05-17 00:34:31,0,0,2,0
8jz4fx,2018-05-16 22:29:10,16,r/OldSchoolCool,51,2018-05-17 00:35:23,0,0,2,0
8jz4fx,2018-05-16 22:29:10,16,r/OldSchoolCool,52,2018-05-17 00:35:57,0,1,2,0
8jz4fx,2018-05-16 22:29:10,16,r/OldSchoolCool,53,2018-05-17 00:36:29,0,1,2,0
8jz4fx,2018-05-16 22:29:10,16,r/OldSchoolCool,53,2018-05-17 02:51:28,1,0,1,0
8jz4fx,2018-05-16 22:29:10,16,r/OldSchoolCool,54,2018-05-17 00:42:17,0,0,2,0
8jz4fx,2018-05-16 22:29:10,16,r/OldSchoolCool,55,2018-05-17 00:44:21,0,0,2,0
8jz4fx,2018-05-16 22:29:10,16,r/OldSchoolCool,56,2018-05-17 00:47:42,0,0,2,0
8jz4fx,2018-05-16 22:29:10,16,r/OldSchoolCool,57,2018-05-17 01:32:34,0,0,2,0
8jz4fx,2018-05-16 22:29:10,16,r/OldSchoolCool,58,2018-05-17 01:36:46,0,0,2,0
8jz4fx,2018-05-16 22:29:10,16,r/OldSchoolCool,59,2018-05-17 02:01:23,0,0,2,0
8jz4fx,2018-05-16 22:29:10,16,r/OldSchoolCool,60,2018-05-17 03:05:43,0,0,2,0
8jz4fx,2018-05-16 22:29:10,16,r/OldSchoolCool,61,2018-05-17 03:09:44,0,0,2,0
8jz4fx,2018-05-16 22:29:10,16,r/OldSchoolCool,62,2018-05-17 03:15:08,0,0,2,0
8jz4fx,2018-05-16 22:29:10,16,r/OldSchoolCool,63,2018-05-17 03:15:46,0,0,2,0
8jz4fx,2018-05-16 22:29:10,16,r/OldSchoolCool,64,2018-05-17 03:16:12,0,0,2,0
8jz4fx,2018-05-16 22:29:10,16,r/OldSchoolCool,65,2018-05-17 04:07:50,0,0,2,0
8jz4fx,2018-05-16 22:29:10,16,r/OldSchoolCool,66,2018-05-17 04:22:55,0,0,2,0
8jz4fx,2018-05-16 22:29:10,16,r/OldSchoolCool,67,2018-05-17 04:43:08,0,0,2,0
8jz4fx,2018-05-16 22:29:10,16,r/OldSchoolCool,68,2018-05-17 04:57:49,0,0,2,0
8jz4fx,2018-05-16 22:29:10,16,r/OldSchoolCool,69,2018-05-17 00:19:23,0,0,3,0
8jz4fx,2018-05-16 22:29:10,16,r/OldSchoolCool,70,2018-05-17 00:26:20,0,0,3,0
8jz4fx,2018-05-16 22:29:10,16,r/OldSchoolCool,71,2018-05-17 01:56:57,0,0,4,0
8jz4fx,2018-05-16 22:29:10,16,r/OldSchoolCool,72,2018-05-17 01:12:54,0,1,5,0
8jz4fx,2018-05-16 22:29:10,16,r/OldSchoolCool,73,2018-05-17 00:08:58,0,0,2,0
8jz4fx,2018-05-16 22:29:10,16,r/OldSchoolCool,74,2018-05-17 00:21:20,0,0,2,0
8jz4fx,2018-05-16 22:29:10,16,r/OldSchoolCool,75,2018-05-17 00:49:09,0,0,1,0
8jz4fx,2018-05-16 22:29:10,16,r/OldSchoolCool,76,2018-05-17 00:50:10,0,0,1,0
8jz4fx,2018-05-16 22:29:10,16,r/OldSchoolCool,77,2018-05-17 00:51:26,0,0,1,0
8jz4fx,2018-05-16 22:29:10,16,r/OldSchoolCool,78,2018-05-17 00:53:29,0,0,1,0
8jz4fx,2018-05-16 22:29:10,16,r/OldSchoolCool,79,2018-05-17 00:56:15,0,0,1,0
8jz4fx,2018-05-16 22:29:10,16,r/OldSchoolCool,80,2018-05-17 00:59:06,0,0,1,0
8jz4fx,2018-05-16 22:29:10,16,r/OldSchoolCool,81,2018-05-17 01:00:31,0,0,1,0
8jz4fx,2018-05-16 22:29:10,16,r/OldSchoolCool,82,2018-05-17 01:00:36,0,0,1,0
8jz4fx,2018-05-16 22:29:10,16,r/OldSchoolCool,83,2018-05-17 01:01:28,0,0,1,0
8jz4fx,2018-05-16 22:29:10,16,r/OldSchoolCool,84,2018-05-17 01:02:44,0,0,1,0
8jz4fx,2018-05-16 22:29:10,16,r/OldSchoolCool,85,2018-05-17 01:03:21,0,0,1,0
8jz4fx,2018-05-16 22:29:10,16,r/OldSchoolCool,86,2018-05-17 01:04:09,0,0,1,0
8jz4fx,2018-05-16 22:29:10,16,r/OldSchoolCool,87,2018-05-17 01:04:25,0,0,1,0
8jz4fx,2018-05-16 22:29:10,16,r/OldSchoolCool,88,2018-05-17 01:04:38,0,0,1,0
8jz4fx,2018-05-16 22:29:10,16,r/OldSchoolCool,89,2018-05-17 01:07:35,0,0,1,0
8jz4fx,2018-05-16 22:29:10,16,r/OldSchoolCool,90,2018-05-17 01:10:45,0,0,1,0
8jz4fx,2018-05-16 22:29:10,16,r/OldSchoolCool,91,2018-05-17 01:13:41,0,0,1,0
8jz4fx,2018-05-16 22:29:10,16,r/OldSchoolCool,92,2018-05-17 01:13:51,0,0,1,0
8jz4fx,2018-05-16 22:29:10,16,r/OldSchoolCool,93,2018-05-17 01:18:32,0,0,1,0
8jz4fx,2018-05-16 22:29:10,16,r/OldSchoolCool,94,2018-05-17 01:18:35,0,0,1,0
8jz4fx,2018-05-16 22:29:10,16,r/OldSchoolCool,95,2018-05-17 01:19:37,0,0,1,0
8jz4fx,2018-05-16 22:29:10,16,r/OldSchoolCool,96,2018-05-17 01:22:07,0,0,1,0
8jz4fx,2018-05-16 22:29:10,16,r/OldSchoolCool,97,2018-05-17 01:23:43,0,0,1,0
8jz4fx,2018-05-16 22:29:10,16,r/OldSchoolCool,98,2018-05-17 01:24:08,0,0,1,0
8jz4fx,2018-05-16 22:29:10,16,r/OldSchoolCool,99,2018-05-17 01:24:17,0,0,1,0
8jz4fx,2018-05-16 22:29:10,16,r/OldSchoolCool,100,2018-05-17 01:24:52,0,0,1,0
8jz4fx,2018-05-16 22:29:10,16,r/OldSchoolCool,101,2018-05-17 01:26:54,0,0,1,0
8jz4fx,2018-05-16 22:29:10,16,r/OldSchoolCool,102,2018-05-17 01:27:51,0,0,1,0
8jz4fx,2018-05-16 22:29:10,16,r/OldSchoolCool,103,2018-05-17 01:27:54,0,0,1,0
8jz4fx,2018-05-16 22:29:10,16,r/OldSchoolCool,104,2018-05-17 01:28:20,0,0,1,0
8jz4fx,2018-05-16 22:29:10,16,r/OldSchoolCool,105,2018-05-17 01:28:31,0,0,1,0
8jz4fx,2018-05-16 22:29:10,16,r/OldSchoolCool,106,2018-05-17 01:28:39,0,0,1,0
8jz4fx,2018-05-16 22:29:10,16,r/OldSchoolCool,107,2018-05-17 01:28:50,0,0,1,0
8jz4fx,2018-05-16 22:29:10,16,r/OldSchoolCool,108,2018-05-17 01:29:35,0,0,1,0
8jz4fx,2018-05-16 22:29:10,16,r/OldSchoolCool,109,2018-05-17 01:30:18,0,0,1,0
8jz4fx,2018-05-16 22:29:10,16,r/OldSchoolCool,110,2018-05-17 01:30:51,0,0,1,0
8jz4fx,2018-05-16 22:29:10,16,r/OldSchoolCool,111,2018-05-17 01:32:52,0,0,1,0
8jz4fx,2018-05-16 22:29:10,16,r/OldSchoolCool,112,2018-05-17 01:35:05,0,0,1,0
8jz4fx,2018-05-16 22:29:10,16,r/OldSchoolCool,113,2018-05-17 01:35:16,0,0,1,0
8jz4fx,2018-05-16 22:29:10,16,r/OldSchoolCool,114,2018-05-17 01:35:23,0,1,1,0
8jz4fx,2018-05-16 22:29:10,16,r/OldSchoolCool,114,2018-05-17 01:44:03,1,0,1,0
8jz4fx,2018-05-16 22:29:10,16,r/OldSchoolCool,115,2018-05-17 01:36:13,0,0,1,0
8jz4fx,2018-05-16 22:29:10,16,r/OldSchoolCool,116,2018-05-17 01:36:13,0,0,1,0
8jz4fx,2018-05-16 22:29:10,16,r/OldSchoolCool,117,2018-05-17 01:36:55,0,0,1,0
8jz4fx,2018-05-16 22:29:10,16,r/OldSchoolCool,118,2018-05-17 01:38:28,0,0,1,0
8jz4fx,2018-05-16 22:29:10,16,r/OldSchoolCool,119,2018-05-17 01:39:21,0,0,1,0
8jz4fx,2018-05-16 22:29:10,16,r/OldSchoolCool,120,2018-05-17 01:40:12,0,0,1,0
8jz4fx,2018-05-16 22:29:10,16,r/OldSchoolCool,121,2018-05-17 01:41:49,0,0,1,0
8jz4fx,2018-05-16 22:29:10,16,r/OldSchoolCool,122,2018-05-17 01:42:37,0,0,1,0
8jz4fx,2018-05-16 22:29:10,16,r/OldSchoolCool,123,2018-05-17 01:42:41,0,0,1,0
8jz4fx,2018-05-16 22:29:10,16,r/OldSchoolCool,124,2018-05-17 01:43:29,0,0,1,0
8jz4fx,2018-05-16 22:29:10,16,r/OldSchoolCool,125,2018-05-17 01:43:31,0,0,1,0
8jz4fx,2018-05-16 22:29:10,16,r/OldSchoolCool,126,2018-05-17 01:44:39,0,0,1,0
8jz4fx,2018-05-16 22:29:10,16,r/OldSchoolCool,127,2018-05-17 01:44:52,0,0,1,0
8jz4fx,2018-05-16 22:29:10,16,r/OldSchoolCool,128,2018-05-17 01:45:35,0,0,1,0
8jz4fx,2018-05-16 22:29:10,16,r/OldSchoolCool,129,2018-05-17 01:45:50,0,0,1,0
8jz4fx,2018-05-16 22:29:10,16,r/OldSchoolCool,130,2018-05-17 01:46:44,0,0,1,0
8jz4fx,2018-05-16 22:29:10,16,r/OldSchoolCool,131,2018-05-17 01:47:00,0,0,1,0
8jz4fx,2018-05-16 22:29:10,16,r/OldSchoolCool,132,2018-05-17 01:50:24,0,0,1,0
8jz4fx,2018-05-16 22:29:10,16,r/OldSchoolCool,133,2018-05-17 01:51:20,0,0,1,0
8jz4fx,2018-05-16 22:29:10,16,r/OldSchoolCool,134,2018-05-17 01:51:34,0,0,1,0
8jz4fx,2018-05-16 22:29:10,16,r/OldSchoolCool,135,2018-05-17 01:52:51,0,0,1,0
8jz4fx,2018-05-16 22:29:10,16,r/OldSchoolCool,136,2018-05-17 01:54:10,0,0,1,0
8jz4fx,2018-05-16 22:29:10,16,r/OldSchoolCool,137,2018-05-17 01:54:30,0,0,1,0
8jz4fx,2018-05-16 22:29:10,16,r/OldSchoolCool,138,2018-05-17 01:55:09,0,0,1,0
8jz4fx,2018-05-16 22:29:10,16,r/OldSchoolCool,139,2018-05-17 01:55:34,0,0,1,0
8jz4fx,2018-05-16 22:29:10,16,r/OldSchoolCool,140,2018-05-17 01:55:48,0,0,1,0
8jz4fx,2018-05-16 22:29:10,16,r/OldSchoolCool,141,2018-05-17 01:56:51,0,0,1,0
8jz4fx,2018-05-16 22:29:10,16,r/OldSchoolCool,142,2018-05-17 01:57:19,0,0,1,0
8jz4fx,2018-05-16 22:29:10,16,r/OldSchoolCool,143,2018-05-17 01:57:39,0,0,1,0
8jz4fx,2018-05-16 22:29:10,16,r/OldSchoolCool,144,2018-05-17 01:58:14,0,0,1,0
8jz4fx,2018-05-16 22:29:10,16,r/OldSchoolCool,145,2018-05-17 01:58:58,0,0,1,0
8jz4fx,2018-05-16 22:29:10,16,r/OldSchoolCool,146,2018-05-17 01:59:36,0,0,1,0
8jz4fx,2018-05-16 22:29:10,16,r/OldSchoolCool,147,2018-05-17 01:59:36,0,0,1,0
8jz4fx,2018-05-16 22:29:10,16,r/OldSchoolCool,148,2018-05-17 02:00:11,0,0,1,0
8jz4fx,2018-05-16 22:29:10,16,r/OldSchoolCool,149,2018-05-17 02:00:27,0,0,1,0
8jz4fx,2018-05-16 22:29:10,16,r/OldSchoolCool,150,2018-05-17 02:00:29,0,0,1,0
8jz4fx,2018-05-16 22:29:10,16,r/OldSchoolCool,151,2018-05-17 02:01:07,0,0,1,0
8jz4fx,2018-05-16 22:29:10,16,r/OldSchoolCool,152,2018-05-17 02:01:12,0,0,1,0
8jz4fx,2018-05-16 22:29:10,16,r/OldSchoolCool,153,2018-05-17 02:01:49,0,0,1,0
8jz4fx,2018-05-16 22:29:10,16,r/OldSchoolCool,154,2018-05-17 02:02:03,0,0,1,0
8jz4fx,2018-05-16 22:29:10,16,r/OldSchoolCool,155,2018-05-17 02:02:10,0,0,1,0
8jz4fx,2018-05-16 22:29:10,16,r/OldSchoolCool,156,2018-05-17 02:02:10,0,0,1,0
8jz4fx,2018-05-16 22:29:10,16,r/OldSchoolCool,157,2018-05-17 02:02:36,0,0,1,0
8jz4fx,2018-05-16 22:29:10,16,r/OldSchoolCool,158,2018-05-17 02:03:21,0,0,1,0
8jz4fx,2018-05-16 22:29:10,16,r/OldSchoolCool,159,2018-05-17 02:03:30,0,0,1,0
8jz4fx,2018-05-16 22:29:10,16,r/OldSchoolCool,160,2018-05-17 02:04:27,0,0,1,0
8jz4fx,2018-05-16 22:29:10,16,r/OldSchoolCool,161,2018-05-17 02:06:20,0,0,1,0
8jz4fx,2018-05-16 22:29:10,16,r/OldSchoolCool,162,2018-05-17 02:07:52,0,0,1,0
8jz4fx,2018-05-16 22:29:10,16,r/OldSchoolCool,163,2018-05-17 02:08:00,0,0,1,0
8jz4fx,2018-05-16 22:29:10,16,r/OldSchoolCool,164,2018-05-17 02:08:15,0,0,1,0
8jz4fx,2018-05-16 22:29:10,16,r/OldSchoolCool,165,2018-05-17 02:08:33,0,0,1,0
8jz4fx,2018-05-16 22:29:10,16,r/OldSchoolCool,166,2018-05-17 02:08:36,0,0,1,0
8jz4fx,2018-05-16 22:29:10,16,r/OldSchoolCool,167,2018-05-17 02:08:59,0,0,1,0
8jz4fx,2018-05-16 22:29:10,16,r/OldSchoolCool,168,2018-05-17 02:10:57,0,0,1,0
8jz4fx,2018-05-16 22:29:10,16,r/OldSchoolCool,169,2018-05-17 02:11:29,0,0,1,0
8jz4fx,2018-05-16 22:29:10,16,r/OldSchoolCool,170,2018-05-17 02:12:59,0,0,1,0
8jz4fx,2018-05-16 22:29:10,16,r/OldSchoolCool,171,2018-05-17 02:13:49,0,0,1,0
8jz4fx,2018-05-16 22:29:10,16,r/OldSchoolCool,172,2018-05-17 02:15:34,0,0,1,0
8jz4fx,2018-05-16 22:29:10,16,r/OldSchoolCool,173,2018-05-17 02:16:21,0,0,1,0
8jz4fx,2018-05-16 22:29:10,16,r/OldSchoolCool,174,2018-05-17 02:17:28,0,0,1,0
8jz4fx,2018-05-16 22:29:10,16,r/OldSchoolCool,175,2018-05-17 02:18:11,0,0,1,0
8jz4fx,2018-05-16 22:29:10,16,r/OldSchoolCool,176,2018-05-17 02:19:52,0,0,1,0
8jz4fx,2018-05-16 22:29:10,16,r/OldSchoolCool,177,2018-05-17 02:21:33,0,0,1,0
8jz4fx,2018-05-16 22:29:10,16,r/OldSchoolCool,178,2018-05-17 02:21:57,0,0,1,0
8jz4fx,2018-05-16 22:29:10,16,r/OldSchoolCool,179,2018-05-17 02:21:59,0,0,1,0
8jz4fx,2018-05-16 22:29:10,16,r/OldSchoolCool,180,2018-05-17 02:22:02,0,0,1,0
8jz4fx,2018-05-16 22:29:10,16,r/OldSchoolCool,181,2018-05-17 02:24:04,0,0,1,0
8jz4fx,2018-05-16 22:29:10,16,r/OldSchoolCool,182,2018-05-17 02:24:31,0,0,1,0
8jz4fx,2018-05-16 22:29:10,16,r/OldSchoolCool,183,2018-05-17 02:24:59,0,0,1,0
8jz4fx,2018-05-16 22:29:10,16,r/OldSchoolCool,184,2018-05-17 02:26:07,0,0,1,0
8jz4fx,2018-05-16 22:29:10,16,r/OldSchoolCool,185,2018-05-17 02:26:24,0,0,1,0
8jz4fx,2018-05-16 22:29:10,16,r/OldSchoolCool,186,2018-05-17 02:29:09,0,0,1,0
8jz4fx,2018-05-16 22:29:10,16,r/OldSchoolCool,187,2018-05-17 02:29:10,0,0,1,0
8jz4fx,2018-05-16 22:29:10,16,r/OldSchoolCool,188,2018-05-17 02:31:14,0,0,1,0
8jz4fx,2018-05-16 22:29:10,16,r/OldSchoolCool,189,2018-05-17 02:31:56,0,0,1,0
8jz4fx,2018-05-16 22:29:10,16,r/OldSchoolCool,190,2018-05-17 02:34:41,0,0,1,0
8jz4fx,2018-05-16 22:29:10,16,r/OldSchoolCool,191,2018-05-17 02:35:27,0,0,1,0
8jz4fx,2018-05-16 22:29:10,16,r/OldSchoolCool,192,2018-05-17 02:36:34,0,0,1,0
8jz4fx,2018-05-16 22:29:10,16,r/OldSchoolCool,193,2018-05-17 02:36:46,0,0,1,0
8jz4fx,2018-05-16 22:29:10,16,r/OldSchoolCool,194,2018-05-17 02:37:01,0,0,1,0
8jz4fx,2018-05-16 22:29:10,16,r/OldSchoolCool,195,2018-05-17 02:37:06,0,0,1,0
8jz4fx,2018-05-16 22:29:10,16,r/OldSchoolCool,196,2018-05-17 02:37:28,0,0,1,0
8jz4fx,2018-05-16 22:29:10,16,r/OldSchoolCool,197,2018-05-17 02:37:48,0,0,1,0
8jz4fx,2018-05-16 22:29:10,16,r/OldSchoolCool,198,2018-05-17 02:38:17,0,0,1,0
8jz4fx,2018-05-16 22:29:10,16,r/OldSchoolCool,199,2018-05-17 02:39:44,0,0,1,0
8jz4fx,2018-05-16 22:29:10,16,r/OldSchoolCool,200,2018-05-17 02:40:04,0,0,1,0
8jz4fx,2018-05-16 22:29:10,16,r/OldSchoolCool,201,2018-05-17 02:41:07,0,0,1,0
8jz4fx,2018-05-16 22:29:10,16,r/OldSchoolCool,202,2018-05-17 02:41:28,0,0,1,0
8jz4fx,2018-05-16 22:29:10,16,r/OldSchoolCool,203,2018-05-17 02:42:19,0,0,1,0
8jz4fx,2018-05-16 22:29:10,16,r/OldSchoolCool,204,2018-05-17 02:42:31,0,0,1,0
8jz4fx,2018-05-16 22:29:10,16,r/OldSchoolCool,205,2018-05-17 02:42:38,0,0,1,0
8jz4fx,2018-05-16 22:29:10,16,r/OldSchoolCool,206,2018-05-17 02:44:53,0,0,1,0
8jz4fx,2018-05-16 22:29:10,16,r/OldSchoolCool,207,2018-05-17 02:48:03,0,0,1,0
8jz4fx,2018-05-16 22:29:10,16,r/OldSchoolCool,208,2018-05-17 02:48:08,0,0,1,0
8jz4fx,2018-05-16 22:29:10,16,r/OldSchoolCool,209,2018-05-17 02:50:47,0,0,1,0
8jz4fx,2018-05-16 22:29:10,16,r/OldSchoolCool,210,2018-05-17 02:52:20,0,0,1,0
8jz4fx,2018-05-16 22:29:10,16,r/OldSchoolCool,211,2018-05-17 02:54:51,0,0,1,0
8jz4fx,2018-05-16 22:29:10,16,r/OldSchoolCool,212,2018-05-17 02:55:15,0,0,1,0
8jz4fx,2018-05-16 22:29:10,16,r/OldSchoolCool,213,2018-05-17 03:00:29,0,0,1,0
8jyxvi,2018-05-16 22:02:35,17,r/science,0,2018-05-17 02:52:43,0,1,1,0
8jyxvi,2018-05-16 22:02:35,17,r/science,1,2018-05-17 02:02:26,0,3,332,0
8jyxvi,2018-05-16 22:02:35,17,r/science,1,2018-05-17 02:47:43,1,2,49,0
8jyxvi,2018-05-16 22:02:35,17,r/science,1,2018-05-17 03:59:31,2,1,48,0
8jyxvi,2018-05-16 22:02:35,17,r/science,1,2018-05-17 04:00:20,3,1,12,0
8jyxvi,2018-05-16 22:02:35,17,r/science,1,2018-05-17 04:02:59,4,0,1,0
8jyxvi,2018-05-16 22:02:35,17,r/science,1,2018-05-17 04:11:50,1,1,-1,0
8jyxvi,2018-05-16 22:02:35,17,r/science,1,2018-05-17 04:29:50,2,0,1,0
8jyxvi,2018-05-16 22:02:35,17,r/science,2,2018-05-17 00:18:15,0,9,1114,0
8jyxvi,2018-05-16 22:02:35,17,r/science,2,2018-05-17 00:28:05,1,6,549,0
8jyxvi,2018-05-16 22:02:35,17,r/science,2,2018-05-17 00:45:28,2,5,339,0
8jyxvi,2018-05-16 22:02:35,17,r/science,2,2018-05-17 01:55:59,3,0,36,0
8jyxvi,2018-05-16 22:02:35,17,r/science,2,2018-05-17 02:19:49,3,0,3,0
8jyxvi,2018-05-16 22:02:35,17,r/science,2,2018-05-17 01:13:52,3,1,18,0
8jyxvi,2018-05-16 22:02:35,17,r/science,2,2018-05-17 01:17:56,4,1,148,0
8jyxvi,2018-05-16 22:02:35,17,r/science,2,2018-05-17 01:23:36,5,1,77,0
8jyxvi,2018-05-16 22:02:35,17,r/science,2,2018-05-17 01:29:26,6,2,31,0
8jyxvi,2018-05-16 22:02:35,17,r/science,2,2018-05-17 01:33:04,7,1,22,0
8jyxvi,2018-05-16 22:02:35,17,r/science,2,2018-05-17 01:59:49,8,0,0,0
8jyxvi,2018-05-16 22:02:35,17,r/science,2,2018-05-17 01:41:58,7,1,8,0
8jyxvi,2018-05-16 22:02:35,17,r/science,2,2018-05-17 02:00:57,8,0,2,0
8jyxvi,2018-05-16 22:02:35,17,r/science,2,2018-05-17 01:33:04,3,1,-1,0
8jyxvi,2018-05-16 22:02:35,17,r/science,2,2018-05-17 01:44:04,4,1,18,0
8jyxvi,2018-05-16 22:02:35,17,r/science,2,2018-05-17 01:50:59,5,0,9,0
8jyxvi,2018-05-16 22:02:35,17,r/science,2,2018-05-17 00:48:37,2,2,36,0
8jyxvi,2018-05-16 22:02:35,17,r/science,2,2018-05-17 01:13:02,3,1,68,0
8jyxvi,2018-05-16 22:02:35,17,r/science,2,2018-05-17 01:29:19,4,0,14,0
8jyxvi,2018-05-16 22:02:35,17,r/science,2,2018-05-17 02:23:25,3,0,1,0
8jyxvi,2018-05-16 22:02:35,17,r/science,2,2018-05-17 01:31:56,2,1,17,0
8jyxvi,2018-05-16 22:02:35,17,r/science,2,2018-05-17 01:51:05,3,1,16,0
8jyxvi,2018-05-16 22:02:35,17,r/science,2,2018-05-17 01:59:51,4,1,14,0
8jyxvi,2018-05-16 22:02:35,17,r/science,2,2018-05-17 02:09:58,2,1,10,0
8jyxvi,2018-05-16 22:02:35,17,r/science,2,2018-05-17 02:35:25,3,0,6,0
8jyxvi,2018-05-16 22:02:35,17,r/science,2,2018-05-17 02:07:02,2,0,2,0
8jyxvi,2018-05-16 22:02:35,17,r/science,2,2018-05-17 01:06:37,1,0,34,0
8jyxvi,2018-05-16 22:02:35,17,r/science,2,2018-05-17 01:32:38,1,2,34,0
8jyxvi,2018-05-16 22:02:35,17,r/science,2,2018-05-17 01:37:33,2,0,38,0
8jyxvi,2018-05-16 22:02:35,17,r/science,2,2018-05-17 01:37:50,2,1,20,0
8jyxvi,2018-05-16 22:02:35,17,r/science,2,2018-05-17 02:16:24,3,1,-6,0
8jyxvi,2018-05-16 22:02:35,17,r/science,2,2018-05-17 02:08:41,1,0,4,0
8jyxvi,2018-05-16 22:02:35,17,r/science,2,2018-05-17 02:15:15,1,1,1,0
8jyxvi,2018-05-16 22:02:35,17,r/science,2,2018-05-17 01:01:28,1,4,-7,0
8jyxvi,2018-05-16 22:02:35,17,r/science,2,2018-05-17 01:17:35,2,1,39,0
8jyxvi,2018-05-16 22:02:35,17,r/science,2,2018-05-17 01:22:20,3,2,-2,0
8jyxvi,2018-05-16 22:02:35,17,r/science,2,2018-05-17 01:24:54,4,0,13,0
8jyxvi,2018-05-16 22:02:35,17,r/science,2,2018-05-17 01:49:51,4,1,3,0
8jyxvi,2018-05-16 22:02:35,17,r/science,2,2018-05-17 01:42:03,2,1,10,0
8jyxvi,2018-05-16 22:02:35,17,r/science,2,2018-05-17 01:44:46,3,1,1,0
8jyxvi,2018-05-16 22:02:35,17,r/science,2,2018-05-17 02:08:25,4,1,2,0
8jyxvi,2018-05-16 22:02:35,17,r/science,2,2018-05-17 02:21:17,5,1,1,0
8jyxvi,2018-05-16 22:02:35,17,r/science,2,2018-05-17 01:12:42,2,1,14,0
8jyxvi,2018-05-16 22:02:35,17,r/science,2,2018-05-17 01:24:09,3,1,3,0
8jyxvi,2018-05-16 22:02:35,17,r/science,2,2018-05-17 01:51:43,4,0,1,0
8jyxvi,2018-05-16 22:02:35,17,r/science,2,2018-05-17 01:26:22,2,0,3,0
8jyxvi,2018-05-16 22:02:35,17,r/science,2,2018-05-17 01:41:33,1,0,-1,0
8jyxvi,2018-05-16 22:02:35,17,r/science,2,2018-05-17 00:58:12,1,1,0,0
8jyxvi,2018-05-16 22:02:35,17,r/science,2,2018-05-17 01:01:57,2,1,3,0
8jyxvi,2018-05-16 22:02:35,17,r/science,2,2018-05-17 01:15:36,3,1,2,0
8jyxvi,2018-05-16 22:02:35,17,r/science,3,2018-05-16 22:03:21,0,2,239,0
8jyxvi,2018-05-16 22:02:35,17,r/science,3,2018-05-17 01:41:43,1,2,57,0
8jyxvi,2018-05-16 22:02:35,17,r/science,3,2018-05-17 02:13:48,2,0,5,0
8jyxvi,2018-05-16 22:02:35,17,r/science,3,2018-05-17 01:55:06,2,1,11,0
8jyxvi,2018-05-16 22:02:35,17,r/science,3,2018-05-17 02:11:46,3,0,1,0
8jyxvi,2018-05-16 22:02:35,17,r/science,3,2018-05-17 01:47:24,1,1,11,0
8jyxvi,2018-05-16 22:02:35,17,r/science,3,2018-05-17 01:52:29,2,1,26,0
8jyxvi,2018-05-16 22:02:35,17,r/science,3,2018-05-17 02:51:57,3,0,1,0
8jyxvi,2018-05-16 22:02:35,17,r/science,4,2018-05-17 00:43:48,0,6,397,0
8jyxvi,2018-05-16 22:02:35,17,r/science,4,2018-05-17 02:23:32,1,3,22,0
8jyxvi,2018-05-16 22:02:35,17,r/science,4,2018-05-17 02:24:39,2,0,3,0
8jyxvi,2018-05-16 22:02:35,17,r/science,4,2018-05-17 02:26:12,2,0,2,0
8jyxvi,2018-05-16 22:02:35,17,r/science,4,2018-05-17 02:51:20,2,0,1,0
8jyxvi,2018-05-16 22:02:35,17,r/science,4,2018-05-17 02:36:59,1,1,15,0
8jyxvi,2018-05-16 22:02:35,17,r/science,4,2018-05-17 02:39:47,2,0,12,0
8jyxvi,2018-05-16 22:02:35,17,r/science,4,2018-05-17 02:29:49,1,1,5,0
8jyxvi,2018-05-16 22:02:35,17,r/science,4,2018-05-17 02:37:23,2,1,7,0
8jyxvi,2018-05-16 22:02:35,17,r/science,4,2018-05-17 02:44:30,3,0,3,0
8jyxvi,2018-05-16 22:02:35,17,r/science,4,2018-05-17 02:52:27,1,0,0,0
8jyxvi,2018-05-16 22:02:35,17,r/science,4,2018-05-17 03:32:48,1,2,0,0
8jyxvi,2018-05-16 22:02:35,17,r/science,4,2018-05-17 03:40:57,2,0,2,0
8jyxvi,2018-05-16 22:02:35,17,r/science,4,2018-05-17 03:41:15,2,0,2,0
8jyxvi,2018-05-16 22:02:35,17,r/science,5,2018-05-16 23:14:01,0,6,364,0
8jyxvi,2018-05-16 22:02:35,17,r/science,5,2018-05-16 23:19:10,1,2,113,0
8jyxvi,2018-05-16 22:02:35,17,r/science,5,2018-05-16 23:20:58,2,0,41,0
8jyxvi,2018-05-16 22:02:35,17,r/science,5,2018-05-17 00:54:26,2,1,5,0
8jyxvi,2018-05-16 22:02:35,17,r/science,5,2018-05-17 01:15:46,1,0,17,0
8jyxvi,2018-05-16 22:02:35,17,r/science,5,2018-05-17 00:18:25,1,1,2,0
8jyxvi,2018-05-16 22:02:35,17,r/science,5,2018-05-17 00:45:38,2,1,6,0
8jyxvi,2018-05-16 22:02:35,17,r/science,5,2018-05-17 00:20:06,1,7,-13,0
8jyxvi,2018-05-16 22:02:35,17,r/science,5,2018-05-17 00:41:30,2,4,51,0
8jyxvi,2018-05-16 22:02:35,17,r/science,5,2018-05-17 01:20:59,3,1,5,0
8jyxvi,2018-05-16 22:02:35,17,r/science,5,2018-05-17 02:46:52,4,1,1,0
8jyxvi,2018-05-16 22:02:35,17,r/science,5,2018-05-17 02:49:04,5,1,2,0
8jyxvi,2018-05-16 22:02:35,17,r/science,5,2018-05-17 02:58:11,6,1,1,0
8jyxvi,2018-05-16 22:02:35,17,r/science,5,2018-05-17 03:03:28,7,1,2,0
8jyxvi,2018-05-16 22:02:35,17,r/science,5,2018-05-17 03:25:29,8,1,1,0
8jyxvi,2018-05-16 22:02:35,17,r/science,5,2018-05-17 03:27:44,9,1,2,0
8jyxvi,2018-05-16 22:02:35,17,r/science,5,2018-05-17 01:16:56,3,2,-3,0
8jyxvi,2018-05-16 22:02:35,17,r/science,5,2018-05-17 01:56:05,4,1,3,0
8jyxvi,2018-05-16 22:02:35,17,r/science,5,2018-05-17 02:12:52,5,1,1,0
8jyxvi,2018-05-16 22:02:35,17,r/science,5,2018-05-17 02:46:23,6,1,1,0
8jyxvi,2018-05-16 22:02:35,17,r/science,5,2018-05-17 03:02:51,7,0,1,0
8jyxvi,2018-05-16 22:02:35,17,r/science,5,2018-05-17 01:44:13,4,1,1,0
8jyxvi,2018-05-16 22:02:35,17,r/science,5,2018-05-17 02:03:18,5,0,2,0
8jyxvi,2018-05-16 22:02:35,17,r/science,5,2018-05-17 00:47:20,3,2,-1,0
8jyxvi,2018-05-16 22:02:35,17,r/science,5,2018-05-17 01:08:30,4,1,6,0
8jyxvi,2018-05-16 22:02:35,17,r/science,5,2018-05-17 01:14:26,5,0,1,0
8jyxvi,2018-05-16 22:02:35,17,r/science,5,2018-05-17 00:44:22,2,1,13,0
8jyxvi,2018-05-16 22:02:35,17,r/science,5,2018-05-17 00:51:27,3,0,10,0
8jyxvi,2018-05-16 22:02:35,17,r/science,5,2018-05-17 00:45:49,2,0,13,0
8jyxvi,2018-05-16 22:02:35,17,r/science,5,2018-05-17 00:40:39,2,0,9,0
8jyxvi,2018-05-16 22:02:35,17,r/science,5,2018-05-17 00:37:03,2,2,17,0
8jyxvi,2018-05-16 22:02:35,17,r/science,5,2018-05-17 00:42:19,3,0,2,0
8jyxvi,2018-05-16 22:02:35,17,r/science,5,2018-05-17 01:15:33,2,0,0,0
8jyxvi,2018-05-16 22:02:35,17,r/science,5,2018-05-17 00:27:13,2,1,-1,0
8jyxvi,2018-05-16 22:02:35,17,r/science,5,2018-05-17 00:52:34,3,1,20,0
8jyxvi,2018-05-16 22:02:35,17,r/science,5,2018-05-17 04:47:38,4,0,1,0
8jyxvi,2018-05-16 22:02:35,17,r/science,5,2018-05-17 00:09:10,1,0,0,0
8jyxvi,2018-05-16 22:02:35,17,r/science,6,2018-05-16 23:38:20,0,1,153,0
8jyxvi,2018-05-16 22:02:35,17,r/science,6,2018-05-16 23:59:50,1,1,24,0
8jyxvi,2018-05-16 22:02:35,17,r/science,6,2018-05-17 00:33:34,2,1,20,0
8jyxvi,2018-05-16 22:02:35,17,r/science,6,2018-05-17 01:27:39,3,1,3,0
8jyxvi,2018-05-16 22:02:35,17,r/science,6,2018-05-17 01:41:35,4,0,4,0
8jyxvi,2018-05-16 22:02:35,17,r/science,7,2018-05-17 00:53:32,0,3,125,0
8jyxvi,2018-05-16 22:02:35,17,r/science,7,2018-05-17 02:15:54,1,2,34,0
8jyxvi,2018-05-16 22:02:35,17,r/science,7,2018-05-17 03:31:48,2,1,9,0
8jyxvi,2018-05-16 22:02:35,17,r/science,7,2018-05-17 05:09:40,3,0,1,0
8jyxvi,2018-05-16 22:02:35,17,r/science,7,2018-05-17 02:33:01,2,1,4,0
8jyxvi,2018-05-16 22:02:35,17,r/science,7,2018-05-17 02:46:52,3,1,7,0
8jyxvi,2018-05-16 22:02:35,17,r/science,7,2018-05-17 05:06:39,4,0,1,0
8jyxvi,2018-05-16 22:02:35,17,r/science,7,2018-05-17 02:25:55,1,2,5,0
8jyxvi,2018-05-16 22:02:35,17,r/science,7,2018-05-17 04:13:34,2,0,4,0
8jyxvi,2018-05-16 22:02:35,17,r/science,7,2018-05-17 02:31:16,2,0,2,0
8jyxvi,2018-05-16 22:02:35,17,r/science,8,2018-05-17 01:16:21,0,9,199,0
8jyxvi,2018-05-16 22:02:35,17,r/science,8,2018-05-17 01:26:13,1,1,179,0
8jyxvi,2018-05-16 22:02:35,17,r/science,8,2018-05-17 01:54:42,2,3,34,0
8jyxvi,2018-05-16 22:02:35,17,r/science,8,2018-05-17 02:03:13,3,2,106,0
8jyxvi,2018-05-16 22:02:35,17,r/science,8,2018-05-17 02:13:23,4,1,13,0
8jyxvi,2018-05-16 22:02:35,17,r/science,8,2018-05-17 02:31:31,5,0,52,0
8jyxvi,2018-05-16 22:02:35,17,r/science,8,2018-05-17 03:10:20,4,2,-6,0
8jyxvi,2018-05-16 22:02:35,17,r/science,8,2018-05-17 03:54:46,5,0,17,0
8jyxvi,2018-05-16 22:02:35,17,r/science,8,2018-05-17 04:48:10,5,0,1,0
8jyxvi,2018-05-16 22:02:35,17,r/science,8,2018-05-17 02:11:14,3,1,18,0
8jyxvi,2018-05-16 22:02:35,17,r/science,8,2018-05-17 02:14:41,4,1,10,0
8jyxvi,2018-05-16 22:02:35,17,r/science,8,2018-05-17 03:03:33,5,0,1,0
8jyxvi,2018-05-16 22:02:35,17,r/science,8,2018-05-17 02:38:04,3,1,1,0
8jyxvi,2018-05-16 22:02:35,17,r/science,8,2018-05-17 03:29:29,4,0,1,0
8jyxvi,2018-05-16 22:02:35,17,r/science,8,2018-05-17 02:46:06,1,2,49,0
8jyxvi,2018-05-16 22:02:35,17,r/science,8,2018-05-17 03:19:10,2,1,0,0
8jyxvi,2018-05-16 22:02:35,17,r/science,8,2018-05-17 03:28:51,3,1,4,0
8jyxvi,2018-05-16 22:02:35,17,r/science,8,2018-05-17 03:50:51,4,0,3,0
8jyxvi,2018-05-16 22:02:35,17,r/science,8,2018-05-17 03:29:49,2,2,-1,0
8jyxvi,2018-05-16 22:02:35,17,r/science,8,2018-05-17 04:03:35,3,0,3,0
8jyxvi,2018-05-16 22:02:35,17,r/science,8,2018-05-17 03:58:01,3,0,3,0
8jyxvi,2018-05-16 22:02:35,17,r/science,8,2018-05-17 02:05:44,1,2,13,0
8jyxvi,2018-05-16 22:02:35,17,r/science,8,2018-05-17 03:22:55,2,1,2,0
8jyxvi,2018-05-16 22:02:35,17,r/science,8,2018-05-17 03:40:14,3,0,2,0
8jyxvi,2018-05-16 22:02:35,17,r/science,8,2018-05-17 02:34:19,2,1,-2,0
8jyxvi,2018-05-16 22:02:35,17,r/science,8,2018-05-17 03:37:58,3,0,3,0
8jyxvi,2018-05-16 22:02:35,17,r/science,8,2018-05-17 02:17:07,1,1,4,0
8jyxvi,2018-05-16 22:02:35,17,r/science,8,2018-05-17 05:05:16,2,0,1,0
8jyxvi,2018-05-16 22:02:35,17,r/science,8,2018-05-17 02:02:02,1,4,2,0
8jyxvi,2018-05-16 22:02:35,17,r/science,8,2018-05-17 02:14:18,2,0,13,0
8jyxvi,2018-05-16 22:02:35,17,r/science,8,2018-05-17 02:11:48,2,0,28,0
8jyxvi,2018-05-16 22:02:35,17,r/science,8,2018-05-17 02:12:47,2,0,5,0
8jyxvi,2018-05-16 22:02:35,17,r/science,8,2018-05-17 03:49:29,2,0,1,0
8jyxvi,2018-05-16 22:02:35,17,r/science,8,2018-05-17 02:59:28,1,0,1,0
8jyxvi,2018-05-16 22:02:35,17,r/science,8,2018-05-17 04:00:34,1,0,1,0
8jyxvi,2018-05-16 22:02:35,17,r/science,8,2018-05-17 02:08:33,1,1,-11,0
8jyxvi,2018-05-16 22:02:35,17,r/science,8,2018-05-17 02:49:50,2,1,8,0
8jyxvi,2018-05-16 22:02:35,17,r/science,8,2018-05-17 03:38:15,3,0,1,0
8jyxvi,2018-05-16 22:02:35,17,r/science,9,2018-05-17 01:32:43,0,3,41,0
8jyxvi,2018-05-16 22:02:35,17,r/science,9,2018-05-17 02:59:33,1,1,13,0
8jyxvi,2018-05-16 22:02:35,17,r/science,9,2018-05-17 04:28:32,2,2,1,0
8jyxvi,2018-05-16 22:02:35,17,r/science,9,2018-05-17 04:45:27,3,0,1,0
8jyxvi,2018-05-16 22:02:35,17,r/science,9,2018-05-17 04:54:32,3,0,1,0
8jyxvi,2018-05-16 22:02:35,17,r/science,9,2018-05-17 04:36:48,1,2,1,0
8jyxvi,2018-05-16 22:02:35,17,r/science,9,2018-05-17 04:47:09,2,0,1,0
8jyxvi,2018-05-16 22:02:35,17,r/science,9,2018-05-17 04:23:16,1,1,1,0
8jyxvi,2018-05-16 22:02:35,17,r/science,9,2018-05-17 04:46:49,2,0,1,0
8jyxvi,2018-05-16 22:02:35,17,r/science,10,2018-05-17 02:55:32,0,0,10,0
8jyxvi,2018-05-16 22:02:35,17,r/science,11,2018-05-17 00:46:05,0,1,50,0
8jyxvi,2018-05-16 22:02:35,17,r/science,11,2018-05-17 01:26:56,1,1,5,0
8jyxvi,2018-05-16 22:02:35,17,r/science,11,2018-05-17 01:32:35,2,0,7,0
8jyxvi,2018-05-16 22:02:35,17,r/science,12,2018-05-17 01:34:07,0,0,11,0
8jyxvi,2018-05-16 22:02:35,17,r/science,13,2018-05-17 00:49:10,0,2,8,0
8jyxvi,2018-05-16 22:02:35,17,r/science,13,2018-05-17 01:05:10,1,3,28,0
8jyxvi,2018-05-16 22:02:35,17,r/science,13,2018-05-17 02:45:28,2,0,3,0
8jyxvi,2018-05-16 22:02:35,17,r/science,13,2018-05-17 03:11:31,2,1,2,0
8jyxvi,2018-05-16 22:02:35,17,r/science,13,2018-05-17 03:25:43,3,1,5,0
8jyxvi,2018-05-16 22:02:35,17,r/science,13,2018-05-17 04:17:11,4,1,1,0
8jyxvi,2018-05-16 22:02:35,17,r/science,13,2018-05-17 04:50:28,5,0,1,0
8jyxvi,2018-05-16 22:02:35,17,r/science,13,2018-05-17 02:58:51,2,0,1,0
8jyxvi,2018-05-16 22:02:35,17,r/science,13,2018-05-17 00:53:43,1,2,6,0
8jyxvi,2018-05-16 22:02:35,17,r/science,13,2018-05-17 02:16:59,2,1,2,0
8jyxvi,2018-05-16 22:02:35,17,r/science,13,2018-05-17 03:46:14,3,0,1,0
8jyxvi,2018-05-16 22:02:35,17,r/science,13,2018-05-17 01:39:46,2,3,-2,0
8jyxvi,2018-05-16 22:02:35,17,r/science,13,2018-05-17 02:02:33,3,1,9,0
8jyxvi,2018-05-16 22:02:35,17,r/science,13,2018-05-17 02:08:07,4,0,-2,0
8jyxvi,2018-05-16 22:02:35,17,r/science,13,2018-05-17 02:03:15,3,2,6,0
8jyxvi,2018-05-16 22:02:35,17,r/science,13,2018-05-17 02:19:08,4,0,5,0
8jyxvi,2018-05-16 22:02:35,17,r/science,13,2018-05-17 02:45:46,4,1,1,0
8jyxvi,2018-05-16 22:02:35,17,r/science,13,2018-05-17 02:53:03,5,0,1,0
8jyxvi,2018-05-16 22:02:35,17,r/science,13,2018-05-17 03:18:35,3,1,1,0
8jyxvi,2018-05-16 22:02:35,17,r/science,13,2018-05-17 03:23:29,4,1,2,0
8jyxvi,2018-05-16 22:02:35,17,r/science,14,2018-05-17 01:40:48,0,1,4,0
8jyxvi,2018-05-16 22:02:35,17,r/science,14,2018-05-17 01:56:38,1,0,6,0
8jyxvi,2018-05-16 22:02:35,17,r/science,15,2018-05-17 00:58:40,0,2,27,0
8jyxvi,2018-05-16 22:02:35,17,r/science,15,2018-05-17 01:22:08,1,0,18,0
8jyxvi,2018-05-16 22:02:35,17,r/science,15,2018-05-17 01:18:27,1,1,18,0
8jyxvi,2018-05-16 22:02:35,17,r/science,15,2018-05-17 01:21:20,2,1,9,0
8jyxvi,2018-05-16 22:02:35,17,r/science,15,2018-05-17 01:32:23,3,0,8,0
8jyxvi,2018-05-16 22:02:35,17,r/science,16,2018-05-17 03:57:12,0,0,4,0
8jyxvi,2018-05-16 22:02:35,17,r/science,17,2018-05-17 01:37:35,0,2,3,0
8jyxvi,2018-05-16 22:02:35,17,r/science,17,2018-05-17 02:31:08,1,1,6,0
8jyxvi,2018-05-16 22:02:35,17,r/science,17,2018-05-17 03:43:08,2,0,1,0
8jyxvi,2018-05-16 22:02:35,17,r/science,17,2018-05-17 02:39:20,1,1,3,0
8jyxvi,2018-05-16 22:02:35,17,r/science,17,2018-05-17 03:42:47,2,1,1,0
8jyxvi,2018-05-16 22:02:35,17,r/science,17,2018-05-17 04:56:39,3,0,1,0
8jyxvi,2018-05-16 22:02:35,17,r/science,18,2018-05-17 00:37:24,0,3,13,0
8jyxvi,2018-05-16 22:02:35,17,r/science,18,2018-05-17 01:05:29,1,2,15,0
8jyxvi,2018-05-16 22:02:35,17,r/science,18,2018-05-17 02:23:19,2,0,0,0
8jyxvi,2018-05-16 22:02:35,17,r/science,18,2018-05-17 01:25:25,2,1,-4,0
8jyxvi,2018-05-16 22:02:35,17,r/science,18,2018-05-17 00:48:37,1,1,0,0
8jyxvi,2018-05-16 22:02:35,17,r/science,18,2018-05-17 01:35:15,2,0,4,0
8jyxvi,2018-05-16 22:02:35,17,r/science,19,2018-05-17 00:55:02,0,0,5,0
8jyxvi,2018-05-16 22:02:35,17,r/science,20,2018-05-17 03:50:03,0,0,2,0
8jyxvi,2018-05-16 22:02:35,17,r/science,21,2018-05-17 04:16:55,0,0,2,0
8jyxvi,2018-05-16 22:02:35,17,r/science,22,2018-05-17 00:42:39,0,5,13,0
8jyxvi,2018-05-16 22:02:35,17,r/science,22,2018-05-17 00:48:57,1,1,65,0
8jyxvi,2018-05-16 22:02:35,17,r/science,22,2018-05-17 03:52:02,2,1,0,0
8jyxvi,2018-05-16 22:02:35,17,r/science,22,2018-05-17 03:55:49,3,0,6,0
8jyxvi,2018-05-16 22:02:35,17,r/science,22,2018-05-17 01:53:48,1,0,19,0
8jyxvi,2018-05-16 22:02:35,17,r/science,22,2018-05-17 03:01:42,1,0,4,0
8jyxvi,2018-05-16 22:02:35,17,r/science,22,2018-05-17 00:47:26,1,3,0,0
8jyxvi,2018-05-16 22:02:35,17,r/science,22,2018-05-17 01:23:43,2,3,29,0
8jyxvi,2018-05-16 22:02:35,17,r/science,22,2018-05-17 02:05:46,3,0,6,0
8jyxvi,2018-05-16 22:02:35,17,r/science,22,2018-05-17 04:18:52,3,1,1,0
8jyxvi,2018-05-16 22:02:35,17,r/science,22,2018-05-17 04:24:15,4,0,1,0
8jyxvi,2018-05-16 22:02:35,17,r/science,22,2018-05-17 02:01:41,3,1,1,0
8jyxvi,2018-05-16 22:02:35,17,r/science,22,2018-05-17 02:04:48,4,0,12,0
8jyxvi,2018-05-16 22:02:35,17,r/science,22,2018-05-17 02:06:10,2,0,16,0
8jyxvi,2018-05-16 22:02:35,17,r/science,22,2018-05-17 01:22:47,2,3,-2,0
8jyxvi,2018-05-16 22:02:35,17,r/science,22,2018-05-17 01:49:12,3,0,3,0
8jyxvi,2018-05-16 22:02:35,17,r/science,22,2018-05-17 01:51:45,3,0,2,0
8jyxvi,2018-05-16 22:02:35,17,r/science,22,2018-05-17 01:53:40,3,1,1,0
8jyxvi,2018-05-16 22:02:35,17,r/science,22,2018-05-17 02:19:48,1,0,-2,0
8jyxvi,2018-05-16 22:02:35,17,r/science,23,2018-05-17 02:18:46,0,1,2,0
8jyxvi,2018-05-16 22:02:35,17,r/science,23,2018-05-17 02:33:31,1,0,9,0
8jyxvi,2018-05-16 22:02:35,17,r/science,24,2018-05-17 00:46:27,0,0,5,0
8jyxvi,2018-05-16 22:02:35,17,r/science,25,2018-05-17 01:40:42,0,0,3,0
8jyxvi,2018-05-16 22:02:35,17,r/science,26,2018-05-17 01:58:15,0,1,2,0
8jyxvi,2018-05-16 22:02:35,17,r/science,26,2018-05-17 03:02:48,1,0,11,0
8jyxvi,2018-05-16 22:02:35,17,r/science,27,2018-05-17 02:22:41,0,0,2,0
8jyxvi,2018-05-16 22:02:35,17,r/science,28,2018-05-17 03:53:32,0,0,1,0
8jyxvi,2018-05-16 22:02:35,17,r/science,29,2018-05-17 04:52:51,0,0,1,0
8jyxvi,2018-05-16 22:02:35,17,r/science,30,2018-05-17 04:56:19,0,0,1,0
8jyxvi,2018-05-16 22:02:35,17,r/science,31,2018-05-17 02:11:56,0,1,1,0
8jyxvi,2018-05-16 22:02:35,17,r/science,31,2018-05-17 03:38:16,1,1,2,0
8jyxvi,2018-05-16 22:02:35,17,r/science,31,2018-05-17 05:08:38,2,0,1,0
8jyxvi,2018-05-16 22:02:35,17,r/science,32,2018-05-17 04:03:33,0,0,0,0
8jyxvi,2018-05-16 22:02:35,17,r/science,33,2018-05-17 02:12:09,0,0,0,0
8jyxvi,2018-05-16 22:02:35,17,r/science,34,2018-05-17 02:30:17,0,0,-1,0
8jyxvi,2018-05-16 22:02:35,17,r/science,35,2018-05-17 03:48:31,0,0,0,0
8jyxvi,2018-05-16 22:02:35,17,r/science,36,2018-05-17 01:00:49,0,0,-3,0
8jyxvi,2018-05-16 22:02:35,17,r/science,37,2018-05-17 03:40:07,0,0,-2,0
8jyxvi,2018-05-16 22:02:35,17,r/science,38,2018-05-17 00:31:43,0,3,-39,0
8jyxvi,2018-05-16 22:02:35,17,r/science,38,2018-05-17 00:59:39,1,1,33,0
8jyxvi,2018-05-16 22:02:35,17,r/science,38,2018-05-17 01:36:14,1,0,14,0
8jyxvi,2018-05-16 22:02:35,17,r/science,38,2018-05-17 01:49:19,1,1,11,0
8jyxvi,2018-05-16 22:02:35,17,r/science,38,2018-05-17 02:37:20,2,1,8,0
8jyxvi,2018-05-16 22:02:35,17,r/science,38,2018-05-17 03:28:47,3,0,3,0
8jyxvi,2018-05-16 22:02:35,17,r/science,39,2018-05-17 00:45:40,0,2,-25,0
8jyxvi,2018-05-16 22:02:35,17,r/science,39,2018-05-17 01:17:02,1,1,9,0
8jyxvi,2018-05-16 22:02:35,17,r/science,39,2018-05-17 01:58:36,2,2,0,0
8jyxvi,2018-05-16 22:02:35,17,r/science,39,2018-05-17 02:15:21,3,0,2,0
8jyxvi,2018-05-16 22:02:35,17,r/science,39,2018-05-17 02:17:02,3,1,2,0
8jyxvi,2018-05-16 22:02:35,17,r/science,39,2018-05-17 02:53:29,4,0,1,0
8jyxvi,2018-05-16 22:02:35,17,r/science,39,2018-05-17 02:00:27,1,1,2,0
8jyxvi,2018-05-16 22:02:35,17,r/science,39,2018-05-17 02:25:26,2,1,3,0
8jyxvi,2018-05-16 22:02:35,17,r/science,39,2018-05-17 02:30:24,3,0,3,0
8jzoca,2018-05-16 23:50:55,18,r/starterpacks,0,2018-05-17 00:30:50,0,13,970,0
8jzoca,2018-05-16 23:50:55,18,r/starterpacks,0,2018-05-17 00:32:31,1,11,474,0
8jzoca,2018-05-16 23:50:55,18,r/starterpacks,0,2018-05-17 02:45:41,2,5,158,0
8jzoca,2018-05-16 23:50:55,18,r/starterpacks,0,2018-05-17 02:50:11,3,2,171,0
8jzoca,2018-05-16 23:50:55,18,r/starterpacks,0,2018-05-17 02:56:08,4,1,74,0
8jzoca,2018-05-16 23:50:55,18,r/starterpacks,0,2018-05-17 04:35:10,5,0,11,0
8jzoca,2018-05-16 23:50:55,18,r/starterpacks,0,2018-05-17 04:10:15,4,2,13,0
8jzoca,2018-05-16 23:50:55,18,r/starterpacks,0,2018-05-17 04:35:08,5,1,5,0
8jzoca,2018-05-16 23:50:55,18,r/starterpacks,0,2018-05-17 04:39:50,6,0,1,0
8jzoca,2018-05-16 23:50:55,18,r/starterpacks,0,2018-05-17 04:43:02,5,1,3,0
8jzoca,2018-05-16 23:50:55,18,r/starterpacks,0,2018-05-17 05:01:29,6,0,1,0
8jzoca,2018-05-16 23:50:55,18,r/starterpacks,0,2018-05-17 02:53:24,3,4,45,0
8jzoca,2018-05-16 23:50:55,18,r/starterpacks,0,2018-05-17 03:00:41,4,1,44,0
8jzoca,2018-05-16 23:50:55,18,r/starterpacks,0,2018-05-17 03:45:47,5,5,15,0
8jzoca,2018-05-16 23:50:55,18,r/starterpacks,0,2018-05-17 03:54:43,6,1,10,0
8jzoca,2018-05-16 23:50:55,18,r/starterpacks,0,2018-05-17 04:02:14,7,2,3,0
8jzoca,2018-05-16 23:50:55,18,r/starterpacks,0,2018-05-17 04:03:55,8,1,4,0
8jzoca,2018-05-16 23:50:55,18,r/starterpacks,0,2018-05-17 04:06:29,9,1,8,0
8jzoca,2018-05-16 23:50:55,18,r/starterpacks,0,2018-05-17 04:59:27,8,0,2,0
8jzoca,2018-05-16 23:50:55,18,r/starterpacks,0,2018-05-17 03:59:16,6,3,5,0
8jzoca,2018-05-16 23:50:55,18,r/starterpacks,0,2018-05-17 04:15:15,7,1,14,0
8jzoca,2018-05-16 23:50:55,18,r/starterpacks,0,2018-05-17 04:29:50,8,1,1,0
8jzoca,2018-05-16 23:50:55,18,r/starterpacks,0,2018-05-17 04:44:34,9,0,1,0
8jzoca,2018-05-16 23:50:55,18,r/starterpacks,0,2018-05-17 04:41:26,7,0,1,0
8jzoca,2018-05-16 23:50:55,18,r/starterpacks,0,2018-05-17 05:18:42,7,0,1,0
8jzoca,2018-05-16 23:50:55,18,r/starterpacks,0,2018-05-17 04:18:35,6,0,1,0
8jzoca,2018-05-16 23:50:55,18,r/starterpacks,0,2018-05-17 04:30:48,6,0,1,0
8jzoca,2018-05-16 23:50:55,18,r/starterpacks,0,2018-05-17 05:04:16,6,0,1,0
8jzoca,2018-05-16 23:50:55,18,r/starterpacks,0,2018-05-17 02:57:54,4,1,7,0
8jzoca,2018-05-16 23:50:55,18,r/starterpacks,0,2018-05-17 03:00:41,5,2,10,0
8jzoca,2018-05-16 23:50:55,18,r/starterpacks,0,2018-05-17 03:02:13,6,1,17,0
8jzoca,2018-05-16 23:50:55,18,r/starterpacks,0,2018-05-17 04:48:05,7,0,0,0
8jzoca,2018-05-16 23:50:55,18,r/starterpacks,0,2018-05-17 03:33:38,6,1,0,0
8jzoca,2018-05-16 23:50:55,18,r/starterpacks,0,2018-05-17 03:55:20,7,2,2,0
8jzoca,2018-05-16 23:50:55,18,r/starterpacks,0,2018-05-17 04:30:56,8,0,1,0
8jzoca,2018-05-16 23:50:55,18,r/starterpacks,0,2018-05-17 03:59:42,8,0,0,0
8jzoca,2018-05-16 23:50:55,18,r/starterpacks,0,2018-05-17 04:09:12,4,0,2,0
8jzoca,2018-05-16 23:50:55,18,r/starterpacks,0,2018-05-17 04:48:57,4,0,1,0
8jzoca,2018-05-16 23:50:55,18,r/starterpacks,0,2018-05-17 03:43:28,3,2,9,0
8jzoca,2018-05-16 23:50:55,18,r/starterpacks,0,2018-05-17 04:06:28,4,1,5,0
8jzoca,2018-05-16 23:50:55,18,r/starterpacks,0,2018-05-17 04:55:28,5,1,3,0
8jzoca,2018-05-16 23:50:55,18,r/starterpacks,0,2018-05-17 05:01:37,6,0,2,0
8jzoca,2018-05-16 23:50:55,18,r/starterpacks,0,2018-05-17 04:09:38,4,1,1,0
8jzoca,2018-05-16 23:50:55,18,r/starterpacks,0,2018-05-17 04:55:15,5,0,1,0
8jzoca,2018-05-16 23:50:55,18,r/starterpacks,0,2018-05-17 03:48:52,3,0,2,0
8jzoca,2018-05-16 23:50:55,18,r/starterpacks,0,2018-05-17 04:13:48,3,0,1,0
8jzoca,2018-05-16 23:50:55,18,r/starterpacks,0,2018-05-17 03:13:25,2,3,16,0
8jzoca,2018-05-16 23:50:55,18,r/starterpacks,0,2018-05-17 03:34:26,3,1,10,0
8jzoca,2018-05-16 23:50:55,18,r/starterpacks,0,2018-05-17 04:07:11,4,0,1,0
8jzoca,2018-05-16 23:50:55,18,r/starterpacks,0,2018-05-17 03:28:36,3,2,10,0
8jzoca,2018-05-16 23:50:55,18,r/starterpacks,0,2018-05-17 04:46:45,4,0,1,0
8jzoca,2018-05-16 23:50:55,18,r/starterpacks,0,2018-05-17 04:01:30,4,1,-1,0
8jzoca,2018-05-16 23:50:55,18,r/starterpacks,0,2018-05-17 04:10:35,5,0,4,0
8jzoca,2018-05-16 23:50:55,18,r/starterpacks,0,2018-05-17 03:22:16,3,3,2,0
8jzoca,2018-05-16 23:50:55,18,r/starterpacks,0,2018-05-17 03:39:51,4,0,2,0
8jzoca,2018-05-16 23:50:55,18,r/starterpacks,0,2018-05-17 03:44:28,4,0,1,0
8jzoca,2018-05-16 23:50:55,18,r/starterpacks,0,2018-05-17 03:27:17,4,0,1,0
8jzoca,2018-05-16 23:50:55,18,r/starterpacks,0,2018-05-17 05:09:22,2,0,2,0
8jzoca,2018-05-16 23:50:55,18,r/starterpacks,0,2018-05-17 04:12:00,2,0,1,0
8jzoca,2018-05-16 23:50:55,18,r/starterpacks,0,2018-05-17 04:25:04,2,0,1,0
8jzoca,2018-05-16 23:50:55,18,r/starterpacks,0,2018-05-17 04:54:38,2,0,1,0
8jzoca,2018-05-16 23:50:55,18,r/starterpacks,0,2018-05-17 05:05:05,2,0,1,0
8jzoca,2018-05-16 23:50:55,18,r/starterpacks,0,2018-05-17 05:13:43,2,0,1,0
8jzoca,2018-05-16 23:50:55,18,r/starterpacks,0,2018-05-17 03:27:48,2,1,0,0
8jzoca,2018-05-16 23:50:55,18,r/starterpacks,0,2018-05-17 04:26:28,3,0,1,0
8jzoca,2018-05-16 23:50:55,18,r/starterpacks,0,2018-05-17 04:16:29,2,0,0,0
8jzoca,2018-05-16 23:50:55,18,r/starterpacks,0,2018-05-17 03:35:50,2,0,-1,0
8jzoca,2018-05-16 23:50:55,18,r/starterpacks,0,2018-05-17 02:29:02,1,1,45,0
8jzoca,2018-05-16 23:50:55,18,r/starterpacks,0,2018-05-17 02:37:02,2,1,5,0
8jzoca,2018-05-16 23:50:55,18,r/starterpacks,0,2018-05-17 02:45:16,3,1,23,0
8jzoca,2018-05-16 23:50:55,18,r/starterpacks,0,2018-05-17 02:46:16,4,0,12,0
8jzoca,2018-05-16 23:50:55,18,r/starterpacks,0,2018-05-17 03:20:10,1,1,8,0
8jzoca,2018-05-16 23:50:55,18,r/starterpacks,0,2018-05-17 05:01:40,2,0,1,0
8jzoca,2018-05-16 23:50:55,18,r/starterpacks,0,2018-05-17 03:57:45,1,0,2,0
8jzoca,2018-05-16 23:50:55,18,r/starterpacks,0,2018-05-17 04:25:49,1,0,2,0
8jzoca,2018-05-16 23:50:55,18,r/starterpacks,0,2018-05-17 04:48:52,1,0,2,0
8jzoca,2018-05-16 23:50:55,18,r/starterpacks,0,2018-05-17 02:39:32,1,2,2,0
8jzoca,2018-05-16 23:50:55,18,r/starterpacks,0,2018-05-17 03:10:13,2,0,5,0
8jzoca,2018-05-16 23:50:55,18,r/starterpacks,0,2018-05-17 03:08:42,2,1,4,0
8jzoca,2018-05-16 23:50:55,18,r/starterpacks,0,2018-05-17 04:28:23,3,0,1,0
8jzoca,2018-05-16 23:50:55,18,r/starterpacks,0,2018-05-17 04:07:10,1,0,1,0
8jzoca,2018-05-16 23:50:55,18,r/starterpacks,0,2018-05-17 04:18:22,1,0,1,0
8jzoca,2018-05-16 23:50:55,18,r/starterpacks,0,2018-05-17 04:35:09,1,0,1,0
8jzoca,2018-05-16 23:50:55,18,r/starterpacks,0,2018-05-17 04:35:30,1,0,1,0
8jzoca,2018-05-16 23:50:55,18,r/starterpacks,0,2018-05-17 05:19:21,1,0,1,0
8jzoca,2018-05-16 23:50:55,18,r/starterpacks,0,2018-05-17 03:28:46,1,0,0,0
8jzoca,2018-05-16 23:50:55,18,r/starterpacks,1,2018-05-17 00:56:59,0,1,182,0
8jzoca,2018-05-16 23:50:55,18,r/starterpacks,1,2018-05-17 02:28:18,1,1,30,0
8jzoca,2018-05-16 23:50:55,18,r/starterpacks,1,2018-05-17 02:34:35,2,0,8,0
8jzoca,2018-05-16 23:50:55,18,r/starterpacks,2,2018-05-17 02:36:12,0,13,385,0
8jzoca,2018-05-16 23:50:55,18,r/starterpacks,2,2018-05-17 03:10:42,1,5,103,0
8jzoca,2018-05-16 23:50:55,18,r/starterpacks,2,2018-05-17 03:46:58,2,2,44,0
8jzoca,2018-05-16 23:50:55,18,r/starterpacks,2,2018-05-17 03:54:10,3,1,22,0
8jzoca,2018-05-16 23:50:55,18,r/starterpacks,2,2018-05-17 04:07:30,4,3,15,0
8jzoca,2018-05-16 23:50:55,18,r/starterpacks,2,2018-05-17 04:26:16,5,0,6,0
8jzoca,2018-05-16 23:50:55,18,r/starterpacks,2,2018-05-17 04:19:55,5,0,4,0
8jzoca,2018-05-16 23:50:55,18,r/starterpacks,2,2018-05-17 04:50:07,5,0,2,0
8jzoca,2018-05-16 23:50:55,18,r/starterpacks,2,2018-05-17 04:17:32,3,1,1,0
8jzoca,2018-05-16 23:50:55,18,r/starterpacks,2,2018-05-17 04:53:28,4,0,1,0
8jzoca,2018-05-16 23:50:55,18,r/starterpacks,2,2018-05-17 04:20:12,2,1,3,0
8jzoca,2018-05-16 23:50:55,18,r/starterpacks,2,2018-05-17 04:32:02,3,1,2,0
8jzoca,2018-05-16 23:50:55,18,r/starterpacks,2,2018-05-17 04:59:16,4,0,1,0
8jzoca,2018-05-16 23:50:55,18,r/starterpacks,2,2018-05-17 04:45:46,2,0,1,0
8jzoca,2018-05-16 23:50:55,18,r/starterpacks,2,2018-05-17 04:53:43,2,0,1,0
8jzoca,2018-05-16 23:50:55,18,r/starterpacks,2,2018-05-17 05:09:03,2,0,1,0
8jzoca,2018-05-16 23:50:55,18,r/starterpacks,2,2018-05-17 03:46:26,1,2,15,0
8jzoca,2018-05-16 23:50:55,18,r/starterpacks,2,2018-05-17 04:54:55,2,0,1,0
8jzoca,2018-05-16 23:50:55,18,r/starterpacks,2,2018-05-17 04:55:26,2,0,1,0
8jzoca,2018-05-16 23:50:55,18,r/starterpacks,2,2018-05-17 02:59:13,1,1,37,0
8jzoca,2018-05-16 23:50:55,18,r/starterpacks,2,2018-05-17 03:54:50,2,0,14,0
8jzoca,2018-05-16 23:50:55,18,r/starterpacks,2,2018-05-17 03:18:43,1,2,32,0
8jzoca,2018-05-16 23:50:55,18,r/starterpacks,2,2018-05-17 03:57:25,2,1,7,0
8jzoca,2018-05-16 23:50:55,18,r/starterpacks,2,2018-05-17 04:07:56,3,1,4,0
8jzoca,2018-05-16 23:50:55,18,r/starterpacks,2,2018-05-17 04:08:30,4,0,5,0
8jzoca,2018-05-16 23:50:55,18,r/starterpacks,2,2018-05-17 03:30:24,2,0,10,0
8jzoca,2018-05-16 23:50:55,18,r/starterpacks,2,2018-05-17 03:50:27,1,1,16,0
8jzoca,2018-05-16 23:50:55,18,r/starterpacks,2,2018-05-17 04:36:20,2,0,3,0
8jzoca,2018-05-16 23:50:55,18,r/starterpacks,2,2018-05-17 03:53:26,1,0,5,0
8jzoca,2018-05-16 23:50:55,18,r/starterpacks,2,2018-05-17 03:34:21,1,3,9,0
8jzoca,2018-05-16 23:50:55,18,r/starterpacks,2,2018-05-17 03:51:25,2,1,5,0
8jzoca,2018-05-16 23:50:55,18,r/starterpacks,2,2018-05-17 04:37:24,3,1,1,0
8jzoca,2018-05-16 23:50:55,18,r/starterpacks,2,2018-05-17 05:03:44,4,0,1,0
8jzoca,2018-05-16 23:50:55,18,r/starterpacks,2,2018-05-17 03:55:02,2,0,3,0
8jzoca,2018-05-16 23:50:55,18,r/starterpacks,2,2018-05-17 04:43:27,2,0,1,0
8jzoca,2018-05-16 23:50:55,18,r/starterpacks,2,2018-05-17 03:47:27,1,1,5,0
8jzoca,2018-05-16 23:50:55,18,r/starterpacks,2,2018-05-17 04:19:11,2,0,2,0
8jzoca,2018-05-16 23:50:55,18,r/starterpacks,2,2018-05-17 04:15:02,1,0,3,0
8jzoca,2018-05-16 23:50:55,18,r/starterpacks,2,2018-05-17 04:45:09,1,1,2,0
8jzoca,2018-05-16 23:50:55,18,r/starterpacks,2,2018-05-17 05:08:03,2,0,1,0
8jzoca,2018-05-16 23:50:55,18,r/starterpacks,2,2018-05-17 04:34:09,1,0,1,0
8jzoca,2018-05-16 23:50:55,18,r/starterpacks,2,2018-05-17 05:07:26,1,0,1,0
8jzoca,2018-05-16 23:50:55,18,r/starterpacks,2,2018-05-17 05:12:10,1,0,1,0
8jzoca,2018-05-16 23:50:55,18,r/starterpacks,3,2018-05-17 00:44:39,0,7,247,0
8jzoca,2018-05-16 23:50:55,18,r/starterpacks,3,2018-05-17 01:48:35,1,2,80,0
8jzoca,2018-05-16 23:50:55,18,r/starterpacks,3,2018-05-17 02:24:46,2,0,20,0
8jzoca,2018-05-16 23:50:55,18,r/starterpacks,3,2018-05-17 02:44:51,2,1,6,0
8jzoca,2018-05-16 23:50:55,18,r/starterpacks,3,2018-05-17 02:48:45,3,2,2,0
8jzoca,2018-05-16 23:50:55,18,r/starterpacks,3,2018-05-17 02:53:08,4,2,18,0
8jzoca,2018-05-16 23:50:55,18,r/starterpacks,3,2018-05-17 03:28:54,5,0,2,0
8jzoca,2018-05-16 23:50:55,18,r/starterpacks,3,2018-05-17 03:29:47,5,1,2,0
8jzoca,2018-05-16 23:50:55,18,r/starterpacks,3,2018-05-17 03:31:48,6,1,2,0
8jzoca,2018-05-16 23:50:55,18,r/starterpacks,3,2018-05-17 03:59:26,7,0,2,0
8jzoca,2018-05-16 23:50:55,18,r/starterpacks,3,2018-05-17 02:54:01,4,1,3,0
8jzoca,2018-05-16 23:50:55,18,r/starterpacks,3,2018-05-17 04:58:55,5,0,1,0
8jzoca,2018-05-16 23:50:55,18,r/starterpacks,3,2018-05-17 02:44:30,1,0,7,0
8jzoca,2018-05-16 23:50:55,18,r/starterpacks,3,2018-05-17 02:53:50,1,1,4,0
8jzoca,2018-05-16 23:50:55,18,r/starterpacks,3,2018-05-17 03:58:39,2,2,3,0
8jzoca,2018-05-16 23:50:55,18,r/starterpacks,3,2018-05-17 04:14:12,3,1,1,0
8jzoca,2018-05-16 23:50:55,18,r/starterpacks,3,2018-05-17 04:23:33,4,0,1,0
8jzoca,2018-05-16 23:50:55,18,r/starterpacks,3,2018-05-17 04:36:11,3,0,1,0
8jzoca,2018-05-16 23:50:55,18,r/starterpacks,3,2018-05-17 03:24:11,1,0,2,0
8jzoca,2018-05-16 23:50:55,18,r/starterpacks,3,2018-05-17 03:25:26,1,0,2,0
8jzoca,2018-05-16 23:50:55,18,r/starterpacks,3,2018-05-17 03:48:37,1,0,1,0
8jzoca,2018-05-16 23:50:55,18,r/starterpacks,3,2018-05-17 03:55:31,1,0,1,0
8jzoca,2018-05-16 23:50:55,18,r/starterpacks,4,2018-05-17 01:02:06,0,2,85,0
8jzoca,2018-05-16 23:50:55,18,r/starterpacks,4,2018-05-17 02:51:59,1,1,14,0
8jzoca,2018-05-16 23:50:55,18,r/starterpacks,4,2018-05-17 03:48:12,2,0,1,0
8jzoca,2018-05-16 23:50:55,18,r/starterpacks,4,2018-05-17 03:54:28,1,0,1,0
8jzoca,2018-05-16 23:50:55,18,r/starterpacks,5,2018-05-17 00:38:36,0,1,123,0
8jzoca,2018-05-16 23:50:55,18,r/starterpacks,5,2018-05-17 03:32:00,1,1,31,0
8jzoca,2018-05-16 23:50:55,18,r/starterpacks,5,2018-05-17 04:12:12,2,0,4,0
8jzoca,2018-05-16 23:50:55,18,r/starterpacks,6,2018-05-17 03:00:25,0,1,36,0
8jzoca,2018-05-16 23:50:55,18,r/starterpacks,6,2018-05-17 05:19:36,1,0,1,0
8jzoca,2018-05-16 23:50:55,18,r/starterpacks,7,2018-05-17 02:26:06,0,1,67,0
8jzoca,2018-05-16 23:50:55,18,r/starterpacks,7,2018-05-17 03:11:09,1,3,20,0
8jzoca,2018-05-16 23:50:55,18,r/starterpacks,7,2018-05-17 03:40:40,2,0,13,0
8jzoca,2018-05-16 23:50:55,18,r/starterpacks,7,2018-05-17 04:14:24,2,0,3,0
8jzoca,2018-05-16 23:50:55,18,r/starterpacks,7,2018-05-17 04:51:51,2,0,1,0
8jzoca,2018-05-16 23:50:55,18,r/starterpacks,8,2018-05-17 02:22:48,0,0,22,0
8jzoca,2018-05-16 23:50:55,18,r/starterpacks,9,2018-05-17 02:56:13,0,1,21,0
8jzoca,2018-05-16 23:50:55,18,r/starterpacks,9,2018-05-17 04:32:40,1,0,4,0
8jzoca,2018-05-16 23:50:55,18,r/starterpacks,10,2018-05-17 02:36:29,0,4,57,0
8jzoca,2018-05-16 23:50:55,18,r/starterpacks,10,2018-05-17 03:39:16,1,1,9,0
8jzoca,2018-05-16 23:50:55,18,r/starterpacks,10,2018-05-17 04:13:59,2,1,-1,0
8jzoca,2018-05-16 23:50:55,18,r/starterpacks,10,2018-05-17 04:29:45,3,1,3,0
8jzoca,2018-05-16 23:50:55,18,r/starterpacks,10,2018-05-17 04:49:44,4,0,1,0
8jzoca,2018-05-16 23:50:55,18,r/starterpacks,10,2018-05-17 03:55:25,1,0,4,0
8jzoca,2018-05-16 23:50:55,18,r/starterpacks,10,2018-05-17 03:39:46,1,1,1,0
8jzoca,2018-05-16 23:50:55,18,r/starterpacks,10,2018-05-17 03:45:16,2,1,3,0
8jzoca,2018-05-16 23:50:55,18,r/starterpacks,10,2018-05-17 03:47:00,3,0,3,0
8jzoca,2018-05-16 23:50:55,18,r/starterpacks,10,2018-05-17 04:47:42,1,0,1,0
8jzoca,2018-05-16 23:50:55,18,r/starterpacks,11,2018-05-17 00:55:04,0,0,41,0
8jzoca,2018-05-16 23:50:55,18,r/starterpacks,12,2018-05-17 03:18:41,0,1,45,0
8jzoca,2018-05-16 23:50:55,18,r/starterpacks,12,2018-05-17 04:58:36,1,0,2,0
8jzoca,2018-05-16 23:50:55,18,r/starterpacks,13,2018-05-17 02:59:13,0,0,13,0
8jzoca,2018-05-16 23:50:55,18,r/starterpacks,14,2018-05-17 01:57:17,0,1,30,0
8jzoca,2018-05-16 23:50:55,18,r/starterpacks,14,2018-05-17 03:45:31,1,0,8,0
8jzoca,2018-05-16 23:50:55,18,r/starterpacks,15,2018-05-17 01:57:30,0,2,27,0
8jzoca,2018-05-16 23:50:55,18,r/starterpacks,15,2018-05-17 02:52:31,1,0,14,0
8jzoca,2018-05-16 23:50:55,18,r/starterpacks,15,2018-05-17 03:25:56,1,1,7,0
8jzoca,2018-05-16 23:50:55,18,r/starterpacks,15,2018-05-17 03:28:10,2,0,9,0
8jzoca,2018-05-16 23:50:55,18,r/starterpacks,16,2018-05-17 01:12:26,0,2,29,0
8jzoca,2018-05-16 23:50:55,18,r/starterpacks,16,2018-05-17 02:40:37,1,1,10,0
8jzoca,2018-05-16 23:50:55,18,r/starterpacks,16,2018-05-17 03:25:18,2,0,10,0
8jzoca,2018-05-16 23:50:55,18,r/starterpacks,16,2018-05-17 03:46:36,1,1,3,0
8jzoca,2018-05-16 23:50:55,18,r/starterpacks,16,2018-05-17 04:55:27,2,0,2,0
8jzoca,2018-05-16 23:50:55,18,r/starterpacks,17,2018-05-17 02:04:35,0,0,17,0
8jzoca,2018-05-16 23:50:55,18,r/starterpacks,18,2018-05-17 03:21:47,0,1,8,0
8jzoca,2018-05-16 23:50:55,18,r/starterpacks,18,2018-05-17 05:03:15,1,0,1,0
8jzoca,2018-05-16 23:50:55,18,r/starterpacks,19,2018-05-17 01:00:54,0,0,12,0
8jzoca,2018-05-16 23:50:55,18,r/starterpacks,20,2018-05-17 02:51:29,0,0,8,0
8jzoca,2018-05-16 23:50:55,18,r/starterpacks,21,2018-05-17 02:17:21,0,0,7,0
8jzoca,2018-05-16 23:50:55,18,r/starterpacks,22,2018-05-17 02:56:09,0,0,5,0
8jzoca,2018-05-16 23:50:55,18,r/starterpacks,23,2018-05-17 02:11:58,0,2,11,0
8jzoca,2018-05-16 23:50:55,18,r/starterpacks,23,2018-05-17 02:30:13,1,0,23,0
8jzoca,2018-05-16 23:50:55,18,r/starterpacks,23,2018-05-17 03:13:35,1,0,3,0
8jzoca,2018-05-16 23:50:55,18,r/starterpacks,24,2018-05-17 03:02:45,0,0,4,0
8jzoca,2018-05-16 23:50:55,18,r/starterpacks,25,2018-05-17 01:22:40,0,0,7,0
8jzoca,2018-05-16 23:50:55,18,r/starterpacks,26,2018-05-17 02:22:21,0,0,7,0
8jzoca,2018-05-16 23:50:55,18,r/starterpacks,27,2018-05-17 02:29:40,0,2,4,0
8jzoca,2018-05-16 23:50:55,18,r/starterpacks,27,2018-05-17 02:54:48,1,0,3,0
8jzoca,2018-05-16 23:50:55,18,r/starterpacks,27,2018-05-17 03:08:16,1,0,3,0
8jzoca,2018-05-16 23:50:55,18,r/starterpacks,28,2018-05-17 02:24:28,0,0,3,0
8jzoca,2018-05-16 23:50:55,18,r/starterpacks,29,2018-05-17 02:45:44,0,0,3,0
8jzoca,2018-05-16 23:50:55,18,r/starterpacks,30,2018-05-17 02:28:20,0,1,7,0
8jzoca,2018-05-16 23:50:55,18,r/starterpacks,30,2018-05-17 03:13:13,1,1,6,0
8jzoca,2018-05-16 23:50:55,18,r/starterpacks,30,2018-05-17 03:13:50,2,0,9,0
8jzoca,2018-05-16 23:50:55,18,r/starterpacks,31,2018-05-17 02:18:02,0,0,7,0
8jzoca,2018-05-16 23:50:55,18,r/starterpacks,32,2018-05-17 02:49:10,0,0,2,0
8jzoca,2018-05-16 23:50:55,18,r/starterpacks,33,2018-05-17 02:54:30,0,0,2,0
8jzoca,2018-05-16 23:50:55,18,r/starterpacks,34,2018-05-17 02:55:45,0,0,2,0
8jzoca,2018-05-16 23:50:55,18,r/starterpacks,35,2018-05-17 03:02:08,0,0,2,0
8jzoca,2018-05-16 23:50:55,18,r/starterpacks,36,2018-05-17 03:14:19,0,0,2,0
8jzoca,2018-05-16 23:50:55,18,r/starterpacks,37,2018-05-17 03:18:36,0,0,2,0
8jzoca,2018-05-16 23:50:55,18,r/starterpacks,38,2018-05-17 03:21:20,0,0,2,0
8jzoca,2018-05-16 23:50:55,18,r/starterpacks,39,2018-05-17 03:35:59,0,0,2,0
8jzoca,2018-05-16 23:50:55,18,r/starterpacks,40,2018-05-17 03:40:25,0,0,2,0
8jzoca,2018-05-16 23:50:55,18,r/starterpacks,41,2018-05-17 03:46:51,0,0,2,0
8jzoca,2018-05-16 23:50:55,18,r/starterpacks,42,2018-05-17 03:47:26,0,0,2,0
8jzoca,2018-05-16 23:50:55,18,r/starterpacks,43,2018-05-17 03:47:48,0,0,2,0
8jzoca,2018-05-16 23:50:55,18,r/starterpacks,44,2018-05-17 04:00:07,0,0,2,0
8jzoca,2018-05-16 23:50:55,18,r/starterpacks,45,2018-05-17 04:24:03,0,0,2,0
8jzoca,2018-05-16 23:50:55,18,r/starterpacks,46,2018-05-17 02:06:12,0,0,4,0
8jzoca,2018-05-16 23:50:55,18,r/starterpacks,47,2018-05-17 02:09:40,0,0,3,0
8jzoca,2018-05-16 23:50:55,18,r/starterpacks,48,2018-05-17 02:13:59,0,1,6,0
8jzoca,2018-05-16 23:50:55,18,r/starterpacks,48,2018-05-17 02:34:58,1,0,4,0
8jzoca,2018-05-16 23:50:55,18,r/starterpacks,49,2018-05-17 02:35:05,0,0,1,0
8jzoca,2018-05-16 23:50:55,18,r/starterpacks,50,2018-05-17 02:38:48,0,0,1,0
8jzoca,2018-05-16 23:50:55,18,r/starterpacks,51,2018-05-17 02:43:20,0,0,1,0
8jzoca,2018-05-16 23:50:55,18,r/starterpacks,52,2018-05-17 02:44:52,0,1,1,0
8jzoca,2018-05-16 23:50:55,18,r/starterpacks,52,2018-05-17 03:13:02,1,0,1,0
8jzoca,2018-05-16 23:50:55,18,r/starterpacks,53,2018-05-17 02:53:58,0,0,1,0
8jzoca,2018-05-16 23:50:55,18,r/starterpacks,54,2018-05-17 02:54:26,0,0,1,0
8jzoca,2018-05-16 23:50:55,18,r/starterpacks,55,2018-05-17 02:55:07,0,0,1,0
8jzoca,2018-05-16 23:50:55,18,r/starterpacks,56,2018-05-17 02:56:29,0,0,1,0
8jzoca,2018-05-16 23:50:55,18,r/starterpacks,57,2018-05-17 02:58:02,0,0,1,0
8jzoca,2018-05-16 23:50:55,18,r/starterpacks,58,2018-05-17 03:03:36,0,0,1,0
8jzoca,2018-05-16 23:50:55,18,r/starterpacks,59,2018-05-17 03:14:30,0,0,1,0
8jzoca,2018-05-16 23:50:55,18,r/starterpacks,60,2018-05-17 03:15:11,0,0,1,0
8jzoca,2018-05-16 23:50:55,18,r/starterpacks,61,2018-05-17 03:18:07,0,0,1,0
8jzoca,2018-05-16 23:50:55,18,r/starterpacks,62,2018-05-17 03:22:26,0,0,1,0
8jzoca,2018-05-16 23:50:55,18,r/starterpacks,63,2018-05-17 03:25:01,0,0,1,0
8jzoca,2018-05-16 23:50:55,18,r/starterpacks,64,2018-05-17 03:27:01,0,0,1,0
8jzoca,2018-05-16 23:50:55,18,r/starterpacks,65,2018-05-17 03:27:27,0,0,1,0
8jzoca,2018-05-16 23:50:55,18,r/starterpacks,66,2018-05-17 03:27:34,0,0,1,0
8jzoca,2018-05-16 23:50:55,18,r/starterpacks,67,2018-05-17 03:28:22,0,0,1,0
8jzoca,2018-05-16 23:50:55,18,r/starterpacks,68,2018-05-17 03:29:00,0,0,1,0
8jzoca,2018-05-16 23:50:55,18,r/starterpacks,69,2018-05-17 03:30:05,0,0,1,0
8jzoca,2018-05-16 23:50:55,18,r/starterpacks,70,2018-05-17 03:30:53,0,0,1,0
8jzoca,2018-05-16 23:50:55,18,r/starterpacks,71,2018-05-17 03:32:17,0,0,1,0
8jzoca,2018-05-16 23:50:55,18,r/starterpacks,72,2018-05-17 03:32:29,0,0,1,0
8jzoca,2018-05-16 23:50:55,18,r/starterpacks,73,2018-05-17 03:33:33,0,0,1,0
8jzoca,2018-05-16 23:50:55,18,r/starterpacks,74,2018-05-17 03:34:46,0,0,1,0
8jzoca,2018-05-16 23:50:55,18,r/starterpacks,75,2018-05-17 03:36:42,0,0,1,0
8jzoca,2018-05-16 23:50:55,18,r/starterpacks,76,2018-05-17 03:39:09,0,0,1,0
8jzoca,2018-05-16 23:50:55,18,r/starterpacks,77,2018-05-17 03:47:08,0,0,1,0
8jzoca,2018-05-16 23:50:55,18,r/starterpacks,78,2018-05-17 03:47:12,0,0,1,0
8jzoca,2018-05-16 23:50:55,18,r/starterpacks,79,2018-05-17 03:47:21,0,0,1,0
8jzoca,2018-05-16 23:50:55,18,r/starterpacks,80,2018-05-17 03:47:58,0,0,1,0
8jzoca,2018-05-16 23:50:55,18,r/starterpacks,81,2018-05-17 03:49:57,0,0,1,0
8jzoca,2018-05-16 23:50:55,18,r/starterpacks,82,2018-05-17 03:49:59,0,0,1,0
8jzoca,2018-05-16 23:50:55,18,r/starterpacks,83,2018-05-17 03:50:01,0,0,1,0
8jzoca,2018-05-16 23:50:55,18,r/starterpacks,84,2018-05-17 03:51:27,0,0,1,0
8jzoca,2018-05-16 23:50:55,18,r/starterpacks,85,2018-05-17 03:55:12,0,0,1,0
8jzoca,2018-05-16 23:50:55,18,r/starterpacks,86,2018-05-17 03:55:30,0,0,1,0
8jzoca,2018-05-16 23:50:55,18,r/starterpacks,87,2018-05-17 03:55:42,0,0,1,0
8jzoca,2018-05-16 23:50:55,18,r/starterpacks,88,2018-05-17 04:01:15,0,0,1,0
8jzoca,2018-05-16 23:50:55,18,r/starterpacks,89,2018-05-17 04:05:17,0,0,1,0
8jzoca,2018-05-16 23:50:55,18,r/starterpacks,90,2018-05-17 04:06:26,0,0,1,0
8jzoca,2018-05-16 23:50:55,18,r/starterpacks,91,2018-05-17 04:06:44,0,0,1,0
8jzoca,2018-05-16 23:50:55,18,r/starterpacks,92,2018-05-17 04:07:13,0,0,1,0
8jzoca,2018-05-16 23:50:55,18,r/starterpacks,93,2018-05-17 04:10:36,0,0,1,0
8jzoca,2018-05-16 23:50:55,18,r/starterpacks,94,2018-05-17 04:12:53,0,0,1,0
8jzoca,2018-05-16 23:50:55,18,r/starterpacks,95,2018-05-17 04:13:06,0,0,1,0
8jzoca,2018-05-16 23:50:55,18,r/starterpacks,96,2018-05-17 04:18:22,0,0,1,0
8jzoca,2018-05-16 23:50:55,18,r/starterpacks,97,2018-05-17 04:19:18,0,0,1,0
8jzoca,2018-05-16 23:50:55,18,r/starterpacks,98,2018-05-17 04:19:56,0,0,1,0
8jzoca,2018-05-16 23:50:55,18,r/starterpacks,99,2018-05-17 04:20:20,0,0,1,0
8jzoca,2018-05-16 23:50:55,18,r/starterpacks,100,2018-05-17 04:20:55,0,0,1,0
8jzoca,2018-05-16 23:50:55,18,r/starterpacks,101,2018-05-17 04:22:04,0,0,1,0
8jzoca,2018-05-16 23:50:55,18,r/starterpacks,102,2018-05-17 04:23:35,0,0,1,0
8jzoca,2018-05-16 23:50:55,18,r/starterpacks,103,2018-05-17 04:24:19,0,0,1,0
8jzoca,2018-05-16 23:50:55,18,r/starterpacks,104,2018-05-17 04:24:29,0,0,1,0
8jzoca,2018-05-16 23:50:55,18,r/starterpacks,105,2018-05-17 04:24:46,0,0,1,0
8jzoca,2018-05-16 23:50:55,18,r/starterpacks,106,2018-05-17 04:24:49,0,0,1,0
8jzoca,2018-05-16 23:50:55,18,r/starterpacks,107,2018-05-17 04:25:29,0,0,1,0
8jzoca,2018-05-16 23:50:55,18,r/starterpacks,108,2018-05-17 04:25:29,0,0,1,0
8jzoca,2018-05-16 23:50:55,18,r/starterpacks,109,2018-05-17 04:28:08,0,0,1,0
8jzoca,2018-05-16 23:50:55,18,r/starterpacks,110,2018-05-17 04:29:52,0,0,1,0
8jzoca,2018-05-16 23:50:55,18,r/starterpacks,111,2018-05-17 04:30:06,0,0,1,0
8jzoca,2018-05-16 23:50:55,18,r/starterpacks,112,2018-05-17 04:31:35,0,0,1,0
8jzoca,2018-05-16 23:50:55,18,r/starterpacks,113,2018-05-17 04:34:08,0,0,1,0
8jzoca,2018-05-16 23:50:55,18,r/starterpacks,114,2018-05-17 04:37:11,0,0,1,0
8jzoca,2018-05-16 23:50:55,18,r/starterpacks,115,2018-05-17 04:40:12,0,0,1,0
8jzoca,2018-05-16 23:50:55,18,r/starterpacks,116,2018-05-17 04:43:57,0,0,1,0
8jzoca,2018-05-16 23:50:55,18,r/starterpacks,117,2018-05-17 04:49:18,0,0,1,0
8jzoca,2018-05-16 23:50:55,18,r/starterpacks,118,2018-05-17 04:49:32,0,0,1,0
8jzoca,2018-05-16 23:50:55,18,r/starterpacks,119,2018-05-17 04:50:12,0,0,1,0
8jzoca,2018-05-16 23:50:55,18,r/starterpacks,120,2018-05-17 04:50:25,0,0,1,0
8jzoca,2018-05-16 23:50:55,18,r/starterpacks,121,2018-05-17 04:51:13,0,0,1,0
8jzoca,2018-05-16 23:50:55,18,r/starterpacks,122,2018-05-17 04:52:32,0,0,1,0
8jzoca,2018-05-16 23:50:55,18,r/starterpacks,123,2018-05-17 04:52:59,0,0,1,0
8jzoca,2018-05-16 23:50:55,18,r/starterpacks,124,2018-05-17 04:58:28,0,0,1,0
8jzoca,2018-05-16 23:50:55,18,r/starterpacks,125,2018-05-17 04:59:04,0,0,1,0
8jzoca,2018-05-16 23:50:55,18,r/starterpacks,126,2018-05-17 05:02:40,0,0,1,0
8jzoca,2018-05-16 23:50:55,18,r/starterpacks,127,2018-05-17 05:06:25,0,0,1,0
8jzoca,2018-05-16 23:50:55,18,r/starterpacks,128,2018-05-17 05:08:08,0,0,1,0
8jzoca,2018-05-16 23:50:55,18,r/starterpacks,129,2018-05-17 05:08:19,0,0,1,0
8jzoca,2018-05-16 23:50:55,18,r/starterpacks,130,2018-05-17 05:08:56,0,0,1,0
8jzoca,2018-05-16 23:50:55,18,r/starterpacks,131,2018-05-17 05:09:33,0,0,1,0
8jzoca,2018-05-16 23:50:55,18,r/starterpacks,132,2018-05-17 05:09:50,0,0,1,0
8jzoca,2018-05-16 23:50:55,18,r/starterpacks,133,2018-05-17 05:11:50,0,0,1,0
8jzoca,2018-05-16 23:50:55,18,r/starterpacks,134,2018-05-17 05:12:21,0,0,1,0
8jzoca,2018-05-16 23:50:55,18,r/starterpacks,135,2018-05-17 05:15:38,0,0,1,0
8jzoca,2018-05-16 23:50:55,18,r/starterpacks,136,2018-05-17 05:15:44,0,0,1,0
8jzoca,2018-05-16 23:50:55,18,r/starterpacks,137,2018-05-17 05:18:40,0,0,1,0
8jzoca,2018-05-16 23:50:55,18,r/starterpacks,138,2018-05-17 05:19:21,0,0,1,0
8jzoca,2018-05-16 23:50:55,18,r/starterpacks,139,2018-05-17 03:15:23,0,0,1,0
8jzoca,2018-05-16 23:50:55,18,r/starterpacks,140,2018-05-17 03:48:04,0,0,1,0
8jzoca,2018-05-16 23:50:55,18,r/starterpacks,141,2018-05-17 02:54:08,0,1,0,0
8jzoca,2018-05-16 23:50:55,18,r/starterpacks,141,2018-05-17 03:53:42,1,0,1,0
8jzoca,2018-05-16 23:50:55,18,r/starterpacks,142,2018-05-16 23:59:36,0,3,-4,0
8jzoca,2018-05-16 23:50:55,18,r/starterpacks,142,2018-05-17 02:32:34,1,0,3,0
8jzoca,2018-05-16 23:50:55,18,r/starterpacks,142,2018-05-17 02:13:58,1,1,4,0
8jzoca,2018-05-16 23:50:55,18,r/starterpacks,142,2018-05-17 02:14:03,2,0,3,0
8jzoca,2018-05-16 23:50:55,18,r/starterpacks,142,2018-05-17 03:47:57,1,0,1,0
8jyx4e,2018-05-16 21:59:38,19,r/hmmm,0,2018-05-16 22:23:44,0,2,1274,0
8jyx4e,2018-05-16 21:59:38,19,r/hmmm,0,2018-05-16 23:18:44,1,2,350,0
8jyx4e,2018-05-16 21:59:38,19,r/hmmm,0,2018-05-17 01:36:27,2,4,84,0
8jyx4e,2018-05-16 21:59:38,19,r/hmmm,0,2018-05-17 01:38:46,3,0,17,0
8jyx4e,2018-05-16 21:59:38,19,r/hmmm,0,2018-05-17 02:29:53,3,1,11,0
8jyx4e,2018-05-16 21:59:38,19,r/hmmm,0,2018-05-17 03:52:32,4,1,2,0
8jyx4e,2018-05-16 21:59:38,19,r/hmmm,0,2018-05-17 05:08:57,5,0,1,0
8jyx4e,2018-05-16 21:59:38,19,r/hmmm,0,2018-05-17 04:15:44,3,0,3,0
8jyx4e,2018-05-16 21:59:38,19,r/hmmm,0,2018-05-17 02:57:28,3,2,6,0
8jyx4e,2018-05-16 21:59:38,19,r/hmmm,0,2018-05-17 03:01:00,4,0,9,0
8jyx4e,2018-05-16 21:59:38,19,r/hmmm,0,2018-05-17 05:12:03,4,0,1,0
8jyx4e,2018-05-16 21:59:38,19,r/hmmm,0,2018-05-17 03:54:00,2,0,5,0
8jyx4e,2018-05-16 21:59:38,19,r/hmmm,0,2018-05-17 03:52:06,1,0,2,0
8jyx4e,2018-05-16 21:59:38,19,r/hmmm,1,2018-05-16 22:34:32,0,1,235,0
8jyx4e,2018-05-16 21:59:38,19,r/hmmm,1,2018-05-17 01:08:29,1,2,22,0
8jyx4e,2018-05-16 21:59:38,19,r/hmmm,1,2018-05-17 01:20:41,2,0,12,0
8jyx4e,2018-05-16 21:59:38,19,r/hmmm,1,2018-05-17 05:19:05,2,0,1,0
8jyx4e,2018-05-16 21:59:38,19,r/hmmm,2,2018-05-17 00:04:41,0,6,367,0
8jyx4e,2018-05-16 21:59:38,19,r/hmmm,2,2018-05-17 00:41:05,1,1,311,0
8jyx4e,2018-05-16 21:59:38,19,r/hmmm,2,2018-05-17 00:51:28,2,3,179,0
8jyx4e,2018-05-16 21:59:38,19,r/hmmm,2,2018-05-17 01:03:04,3,2,117,0
8jyx4e,2018-05-16 21:59:38,19,r/hmmm,2,2018-05-17 02:27:15,4,1,23,0
8jyx4e,2018-05-16 21:59:38,19,r/hmmm,2,2018-05-17 02:30:36,5,1,27,0
8jyx4e,2018-05-16 21:59:38,19,r/hmmm,2,2018-05-17 02:43:03,6,0,21,0
8jyx4e,2018-05-16 21:59:38,19,r/hmmm,2,2018-05-17 04:41:25,4,0,1,0
8jyx4e,2018-05-16 21:59:38,19,r/hmmm,2,2018-05-17 01:03:24,3,1,23,0
8jyx4e,2018-05-16 21:59:38,19,r/hmmm,2,2018-05-17 01:06:05,4,2,12,0
8jyx4e,2018-05-16 21:59:38,19,r/hmmm,2,2018-05-17 02:17:34,5,0,10,0
8jyx4e,2018-05-16 21:59:38,19,r/hmmm,2,2018-05-17 01:32:07,5,1,-4,0
8jyx4e,2018-05-16 21:59:38,19,r/hmmm,2,2018-05-17 02:10:27,6,1,4,0
8jyx4e,2018-05-16 21:59:38,19,r/hmmm,2,2018-05-17 03:03:48,7,1,-1,0
8jyx4e,2018-05-16 21:59:38,19,r/hmmm,2,2018-05-17 03:46:58,8,1,7,0
8jyx4e,2018-05-16 21:59:38,19,r/hmmm,2,2018-05-17 04:07:25,9,1,-2,0
8jyx4e,2018-05-16 21:59:38,19,r/hmmm,2,2018-05-17 02:40:24,3,0,0,0
8jyx4e,2018-05-16 21:59:38,19,r/hmmm,2,2018-05-17 01:19:51,1,0,3,0
8jyx4e,2018-05-16 21:59:38,19,r/hmmm,2,2018-05-17 03:18:45,1,0,3,0
8jyx4e,2018-05-16 21:59:38,19,r/hmmm,2,2018-05-17 02:36:37,1,0,2,0
8jyx4e,2018-05-16 21:59:38,19,r/hmmm,2,2018-05-17 02:06:42,1,0,2,0
8jyx4e,2018-05-16 21:59:38,19,r/hmmm,2,2018-05-17 03:28:32,1,0,1,0
8jyx4e,2018-05-16 21:59:38,19,r/hmmm,3,2018-05-16 22:44:27,0,0,45,0
8jyx4e,2018-05-16 21:59:38,19,r/hmmm,4,2018-05-17 01:28:51,0,1,33,0
8jyx4e,2018-05-16 21:59:38,19,r/hmmm,4,2018-05-17 02:17:41,1,2,16,0
8jyx4e,2018-05-16 21:59:38,19,r/hmmm,4,2018-05-17 02:42:02,2,0,9,0
8jyx4e,2018-05-16 21:59:38,19,r/hmmm,4,2018-05-17 03:41:41,2,1,8,0
8jyx4e,2018-05-16 21:59:38,19,r/hmmm,4,2018-05-17 04:05:44,3,0,2,0
8jyx4e,2018-05-16 21:59:38,19,r/hmmm,5,2018-05-16 22:40:35,0,3,89,0
8jyx4e,2018-05-16 21:59:38,19,r/hmmm,5,2018-05-17 00:50:23,1,2,15,0
8jyx4e,2018-05-16 21:59:38,19,r/hmmm,5,2018-05-17 01:03:16,2,1,8,0
8jyx4e,2018-05-16 21:59:38,19,r/hmmm,5,2018-05-17 01:30:24,3,1,6,0
8jyx4e,2018-05-16 21:59:38,19,r/hmmm,5,2018-05-17 01:40:01,4,1,3,0
8jyx4e,2018-05-16 21:59:38,19,r/hmmm,5,2018-05-17 01:46:19,5,1,4,0
8jyx4e,2018-05-16 21:59:38,19,r/hmmm,5,2018-05-17 01:49:47,6,1,3,0
8jyx4e,2018-05-16 21:59:38,19,r/hmmm,5,2018-05-17 02:35:32,7,0,2,0
8jyx4e,2018-05-16 21:59:38,19,r/hmmm,5,2018-05-17 01:40:20,2,1,2,0
8jyx4e,2018-05-16 21:59:38,19,r/hmmm,5,2018-05-17 01:42:19,3,2,1,0
8jyx4e,2018-05-16 21:59:38,19,r/hmmm,5,2018-05-17 01:44:58,4,1,2,0
8jyx4e,2018-05-16 21:59:38,19,r/hmmm,5,2018-05-17 01:46:40,5,0,1,0
8jyx4e,2018-05-16 21:59:38,19,r/hmmm,5,2018-05-17 02:12:11,4,0,2,0
8jyx4e,2018-05-16 21:59:38,19,r/hmmm,5,2018-05-17 01:32:03,1,1,4,0
8jyx4e,2018-05-16 21:59:38,19,r/hmmm,5,2018-05-17 02:49:25,2,0,1,0
8jyx4e,2018-05-16 21:59:38,19,r/hmmm,5,2018-05-17 01:43:51,1,0,2,0
8jyx4e,2018-05-16 21:59:38,19,r/hmmm,6,2018-05-17 01:19:49,0,4,43,0
8jyx4e,2018-05-16 21:59:38,19,r/hmmm,6,2018-05-17 01:42:04,1,1,26,0
8jyx4e,2018-05-16 21:59:38,19,r/hmmm,6,2018-05-17 02:04:51,2,2,17,0
8jyx4e,2018-05-16 21:59:38,19,r/hmmm,6,2018-05-17 03:46:27,3,0,4,0
8jyx4e,2018-05-16 21:59:38,19,r/hmmm,6,2018-05-17 03:29:11,3,1,6,0
8jyx4e,2018-05-16 21:59:38,19,r/hmmm,6,2018-05-17 04:44:46,4,0,2,0
8jyx4e,2018-05-16 21:59:38,19,r/hmmm,6,2018-05-17 01:50:47,1,0,14,0
8jyx4e,2018-05-16 21:59:38,19,r/hmmm,6,2018-05-17 02:42:25,1,0,6,0
8jyx4e,2018-05-16 21:59:38,19,r/hmmm,6,2018-05-17 02:35:05,1,0,2,0
8jyx4e,2018-05-16 21:59:38,19,r/hmmm,7,2018-05-17 01:43:45,0,0,8,0
8jyx4e,2018-05-16 21:59:38,19,r/hmmm,8,2018-05-17 02:10:52,0,0,10,0
8jyx4e,2018-05-16 21:59:38,19,r/hmmm,9,2018-05-17 01:16:37,0,1,8,0
8jyx4e,2018-05-16 21:59:38,19,r/hmmm,9,2018-05-17 01:49:05,1,1,3,0
8jyx4e,2018-05-16 21:59:38,19,r/hmmm,9,2018-05-17 02:45:42,2,0,1,0
8jyx4e,2018-05-16 21:59:38,19,r/hmmm,10,2018-05-16 23:31:59,0,0,4,0
8jyx4e,2018-05-16 21:59:38,19,r/hmmm,11,2018-05-17 01:34:13,0,0,5,0
8jyx4e,2018-05-16 21:59:38,19,r/hmmm,12,2018-05-17 02:03:50,0,0,4,0
8jyx4e,2018-05-16 21:59:38,19,r/hmmm,13,2018-05-17 02:40:36,0,0,4,0
8jyx4e,2018-05-16 21:59:38,19,r/hmmm,14,2018-05-17 01:57:54,0,1,3,0
8jyx4e,2018-05-16 21:59:38,19,r/hmmm,14,2018-05-17 02:47:26,1,0,1,0
8jyx4e,2018-05-16 21:59:38,19,r/hmmm,15,2018-05-17 01:53:17,0,0,2,0
8jyx4e,2018-05-16 21:59:38,19,r/hmmm,16,2018-05-17 02:00:01,0,0,2,0
8jyx4e,2018-05-16 21:59:38,19,r/hmmm,17,2018-05-17 02:07:12,0,0,2,0
8jyx4e,2018-05-16 21:59:38,19,r/hmmm,18,2018-05-17 02:42:53,0,0,2,0
8jyx4e,2018-05-16 21:59:38,19,r/hmmm,19,2018-05-17 03:10:39,0,0,2,0
8jyx4e,2018-05-16 21:59:38,19,r/hmmm,20,2018-05-17 01:54:00,0,0,1,0
8jyx4e,2018-05-16 21:59:38,19,r/hmmm,21,2018-05-17 01:54:22,0,0,1,0
8jyx4e,2018-05-16 21:59:38,19,r/hmmm,22,2018-05-17 02:15:33,0,0,1,0
8jyx4e,2018-05-16 21:59:38,19,r/hmmm,23,2018-05-17 02:20:56,0,0,1,0
8jyx4e,2018-05-16 21:59:38,19,r/hmmm,24,2018-05-17 02:23:36,0,0,1,0
8jyx4e,2018-05-16 21:59:38,19,r/hmmm,25,2018-05-17 02:26:13,0,0,1,0
8jyx4e,2018-05-16 21:59:38,19,r/hmmm,26,2018-05-17 02:28:36,0,0,1,0
8jyx4e,2018-05-16 21:59:38,19,r/hmmm,27,2018-05-17 02:34:15,0,0,1,0
8jyx4e,2018-05-16 21:59:38,19,r/hmmm,28,2018-05-17 02:51:03,0,0,1,0
8jyx4e,2018-05-16 21:59:38,19,r/hmmm,29,2018-05-17 03:22:47,0,0,1,0
8jyx4e,2018-05-16 21:59:38,19,r/hmmm,30,2018-05-17 03:35:43,0,0,1,0
8jyx4e,2018-05-16 21:59:38,19,r/hmmm,31,2018-05-17 03:39:02,0,0,1,0
8jyx4e,2018-05-16 21:59:38,19,r/hmmm,32,2018-05-17 03:42:15,0,0,1,0
8jyx4e,2018-05-16 21:59:38,19,r/hmmm,33,2018-05-17 03:42:43,0,0,1,0
8jyx4e,2018-05-16 21:59:38,19,r/hmmm,34,2018-05-17 03:49:03,0,1,1,0
8jyx4e,2018-05-16 21:59:38,19,r/hmmm,34,2018-05-17 05:07:32,1,0,1,0
8jyx4e,2018-05-16 21:59:38,19,r/hmmm,35,2018-05-17 03:54:13,0,0,1,0
8jyx4e,2018-05-16 21:59:38,19,r/hmmm,36,2018-05-17 04:04:16,0,0,1,0
8jyx4e,2018-05-16 21:59:38,19,r/hmmm,37,2018-05-17 04:12:37,0,0,1,0
8jyx4e,2018-05-16 21:59:38,19,r/hmmm,38,2018-05-17 04:20:31,0,0,1,0
8jyx4e,2018-05-16 21:59:38,19,r/hmmm,39,2018-05-17 04:31:47,0,0,1,0
8jyx4e,2018-05-16 21:59:38,19,r/hmmm,40,2018-05-17 04:32:50,0,0,1,0
8jyx4e,2018-05-16 21:59:38,19,r/hmmm,41,2018-05-17 04:34:28,0,0,1,0
8jyx4e,2018-05-16 21:59:38,19,r/hmmm,42,2018-05-17 04:57:21,0,0,1,0
8jyx4e,2018-05-16 21:59:38,19,r/hmmm,43,2018-05-17 04:57:47,0,0,1,0
8jyx4e,2018-05-16 21:59:38,19,r/hmmm,44,2018-05-17 05:05:15,0,0,1,0
8jyx4e,2018-05-16 21:59:38,19,r/hmmm,45,2018-05-17 02:25:37,0,1,-2,0
8jyx4e,2018-05-16 21:59:38,19,r/hmmm,45,2018-05-17 02:35:52,1,2,2,0
8jyx4e,2018-05-16 21:59:38,19,r/hmmm,45,2018-05-17 02:48:08,2,0,1,0
8jyx4e,2018-05-16 21:59:38,19,r/hmmm,45,2018-05-17 02:58:35,2,0,0,0
8jzsir,2018-05-17 00:09:23,20,r/rarepuppers,0,2018-05-17 01:40:54,0,6,666,0
8jzsir,2018-05-17 00:09:23,20,r/rarepuppers,0,2018-05-17 01:59:24,1,4,325,0
8jzsir,2018-05-17 00:09:23,20,r/rarepuppers,0,2018-05-17 04:27:41,2,0,30,0
8jzsir,2018-05-17 00:09:23,20,r/rarepuppers,0,2018-05-17 02:34:50,2,0,35,0
8jzsir,2018-05-17 00:09:23,20,r/rarepuppers,0,2018-05-17 04:43:16,2,0,6,0
8jzsir,2018-05-17 00:09:23,20,r/rarepuppers,0,2018-05-17 04:58:37,2,1,0,0
8jzsir,2018-05-17 00:09:23,20,r/rarepuppers,0,2018-05-17 04:58:37,3,0,7,0
8jzsir,2018-05-17 00:09:23,20,r/rarepuppers,0,2018-05-17 04:33:48,1,1,16,0
8jzsir,2018-05-17 00:09:23,20,r/rarepuppers,0,2018-05-17 04:57:17,2,1,1,0
8jzsir,2018-05-17 00:09:23,20,r/rarepuppers,0,2018-05-17 04:57:17,3,0,1,0
8jzsir,2018-05-17 00:09:23,20,r/rarepuppers,0,2018-05-17 04:24:49,1,1,15,0
8jzsir,2018-05-17 00:09:23,20,r/rarepuppers,0,2018-05-17 05:10:21,2,0,2,0
8jzsir,2018-05-17 00:09:23,20,r/rarepuppers,0,2018-05-17 04:44:33,1,0,5,0
8jzsir,2018-05-17 00:09:23,20,r/rarepuppers,0,2018-05-17 04:59:12,1,0,5,0
8jzsir,2018-05-17 00:09:23,20,r/rarepuppers,0,2018-05-17 04:28:28,1,0,-3,0
8jzsir,2018-05-17 00:09:23,20,r/rarepuppers,1,2018-05-17 00:11:00,0,1,534,0
8jzsir,2018-05-17 00:09:23,20,r/rarepuppers,1,2018-05-17 00:58:38,1,2,67,0
8jzsir,2018-05-17 00:09:23,20,r/rarepuppers,1,2018-05-17 04:23:46,2,0,15,0
8jzsir,2018-05-17 00:09:23,20,r/rarepuppers,1,2018-05-17 03:00:27,2,0,19,0
8jzsir,2018-05-17 00:09:23,20,r/rarepuppers,2,2018-05-17 00:50:50,0,0,328,0
8jzsir,2018-05-17 00:09:23,20,r/rarepuppers,3,2018-05-17 00:26:43,0,0,134,0
8jzsir,2018-05-17 00:09:23,20,r/rarepuppers,4,2018-05-17 01:20:36,0,1,113,0
8jzsir,2018-05-17 00:09:23,20,r/rarepuppers,4,2018-05-17 01:32:23,1,4,99,0
8jzsir,2018-05-17 00:09:23,20,r/rarepuppers,4,2018-05-17 03:07:34,2,1,33,0
8jzsir,2018-05-17 00:09:23,20,r/rarepuppers,4,2018-05-17 04:33:23,3,0,3,0
8jzsir,2018-05-17 00:09:23,20,r/rarepuppers,4,2018-05-17 03:39:49,2,0,27,0
8jzsir,2018-05-17 00:09:23,20,r/rarepuppers,4,2018-05-17 04:24:05,2,0,5,0
8jzsir,2018-05-17 00:09:23,20,r/rarepuppers,4,2018-05-17 05:08:19,2,0,4,0
8jzsir,2018-05-17 00:09:23,20,r/rarepuppers,5,2018-05-17 01:22:37,0,0,54,0
8jzsir,2018-05-17 00:09:23,20,r/rarepuppers,6,2018-05-17 00:28:59,0,1,83,0
8jzsir,2018-05-17 00:09:23,20,r/rarepuppers,6,2018-05-17 04:58:15,1,0,5,0
8jzsir,2018-05-17 00:09:23,20,r/rarepuppers,7,2018-05-17 00:11:23,0,4,56,0
8jzsir,2018-05-17 00:09:23,20,r/rarepuppers,7,2018-05-17 03:12:48,1,1,12,0
8jzsir,2018-05-17 00:09:23,20,r/rarepuppers,7,2018-05-17 04:47:16,2,0,5,0
8jzsir,2018-05-17 00:09:23,20,r/rarepuppers,7,2018-05-17 04:30:47,1,0,5,0
8jzsir,2018-05-17 00:09:23,20,r/rarepuppers,7,2018-05-17 04:39:07,1,2,4,0
8jzsir,2018-05-17 00:09:23,20,r/rarepuppers,7,2018-05-17 04:45:56,2,0,2,0
8jzsir,2018-05-17 00:09:23,20,r/rarepuppers,7,2018-05-17 04:49:41,2,0,2,0
8jzsir,2018-05-17 00:09:23,20,r/rarepuppers,7,2018-05-17 02:46:13,1,1,1,0
8jzsir,2018-05-17 00:09:23,20,r/rarepuppers,7,2018-05-17 02:46:13,2,0,9,0
8jzsir,2018-05-17 00:09:23,20,r/rarepuppers,8,2018-05-17 03:11:48,0,0,23,0
8jzsir,2018-05-17 00:09:23,20,r/rarepuppers,9,2018-05-17 01:23:13,0,0,19,0
8jzsir,2018-05-17 00:09:23,20,r/rarepuppers,10,2018-05-17 00:33:22,0,0,15,0
8jzsir,2018-05-17 00:09:23,20,r/rarepuppers,11,2018-05-17 02:32:13,0,0,8,0
8jzsir,2018-05-17 00:09:23,20,r/rarepuppers,12,2018-05-17 01:30:37,0,0,7,0
8jzsir,2018-05-17 00:09:23,20,r/rarepuppers,13,2018-05-17 03:33:02,0,1,9,0
8jzsir,2018-05-17 00:09:23,20,r/rarepuppers,13,2018-05-17 04:14:00,1,0,6,0
8jzsir,2018-05-17 00:09:23,20,r/rarepuppers,14,2018-05-17 02:21:37,0,0,7,0
8jzsir,2018-05-17 00:09:23,20,r/rarepuppers,15,2018-05-17 01:01:11,0,0,5,0
8jzsir,2018-05-17 00:09:23,20,r/rarepuppers,16,2018-05-17 02:20:42,0,0,5,0
8jzsir,2018-05-17 00:09:23,20,r/rarepuppers,17,2018-05-17 00:27:27,0,1,38,0
8jzsir,2018-05-17 00:09:23,20,r/rarepuppers,17,2018-05-17 00:37:47,1,2,-13,0
8jzsir,2018-05-17 00:09:23,20,r/rarepuppers,17,2018-05-17 01:13:16,2,2,69,0
8jzsir,2018-05-17 00:09:23,20,r/rarepuppers,17,2018-05-17 01:33:05,3,1,17,0
8jzsir,2018-05-17 00:09:23,20,r/rarepuppers,17,2018-05-17 05:06:29,4,0,1,0
8jzsir,2018-05-17 00:09:23,20,r/rarepuppers,17,2018-05-17 05:13:57,3,0,1,0
8jzsir,2018-05-17 00:09:23,20,r/rarepuppers,17,2018-05-17 00:50:10,2,0,32,0
8jzsir,2018-05-17 00:09:23,20,r/rarepuppers,18,2018-05-17 03:09:04,0,1,4,0
8jzsir,2018-05-17 00:09:23,20,r/rarepuppers,18,2018-05-17 03:10:15,1,0,1,0
8jzsir,2018-05-17 00:09:23,20,r/rarepuppers,19,2018-05-17 03:36:14,0,0,5,0
8jzsir,2018-05-17 00:09:23,20,r/rarepuppers,20,2018-05-17 03:36:59,0,0,5,0
8jzsir,2018-05-17 00:09:23,20,r/rarepuppers,21,2018-05-17 03:50:47,0,0,5,0
8jzsir,2018-05-17 00:09:23,20,r/rarepuppers,22,2018-05-17 04:57:08,0,0,3,0
8jzsir,2018-05-17 00:09:23,20,r/rarepuppers,23,2018-05-17 05:00:19,0,0,3,0
8jzsir,2018-05-17 00:09:23,20,r/rarepuppers,24,2018-05-17 02:59:12,0,0,5,0
8jzsir,2018-05-17 00:09:23,20,r/rarepuppers,25,2018-05-17 03:54:52,0,1,5,0
8jzsir,2018-05-17 00:09:23,20,r/rarepuppers,25,2018-05-17 03:56:02,1,1,3,0
8jzsir,2018-05-17 00:09:23,20,r/rarepuppers,25,2018-05-17 04:40:00,2,0,3,0
8jzsir,2018-05-17 00:09:23,20,r/rarepuppers,26,2018-05-17 01:39:57,0,0,2,0
8jzsir,2018-05-17 00:09:23,20,r/rarepuppers,27,2018-05-17 01:54:22,0,0,2,0
8jzsir,2018-05-17 00:09:23,20,r/rarepuppers,28,2018-05-17 03:57:48,0,0,2,0
8jzsir,2018-05-17 00:09:23,20,r/rarepuppers,29,2018-05-17 04:06:37,0,2,2,0
8jzsir,2018-05-17 00:09:23,20,r/rarepuppers,29,2018-05-17 04:09:26,1,0,4,0
8jzsir,2018-05-17 00:09:23,20,r/rarepuppers,29,2018-05-17 04:51:41,1,0,2,0
8jzsir,2018-05-17 00:09:23,20,r/rarepuppers,30,2018-05-17 04:12:51,0,0,2,0
8jzsir,2018-05-17 00:09:23,20,r/rarepuppers,31,2018-05-17 04:13:21,0,0,2,0
8jzsir,2018-05-17 00:09:23,20,r/rarepuppers,32,2018-05-17 04:14:39,0,0,2,0
8jzsir,2018-05-17 00:09:23,20,r/rarepuppers,33,2018-05-17 04:26:06,0,0,2,0
8jzsir,2018-05-17 00:09:23,20,r/rarepuppers,34,2018-05-17 04:31:08,0,0,2,0
8jzsir,2018-05-17 00:09:23,20,r/rarepuppers,35,2018-05-17 04:34:25,0,0,2,0
8jzsir,2018-05-17 00:09:23,20,r/rarepuppers,36,2018-05-17 04:35:27,0,0,2,0
8jzsir,2018-05-17 00:09:23,20,r/rarepuppers,37,2018-05-17 04:42:14,0,0,2,0
8jzsir,2018-05-17 00:09:23,20,r/rarepuppers,38,2018-05-17 04:43:25,0,0,2,0
8jzsir,2018-05-17 00:09:23,20,r/rarepuppers,39,2018-05-17 04:45:43,0,1,2,0
8jzsir,2018-05-17 00:09:23,20,r/rarepuppers,39,2018-05-17 04:46:52,1,1,3,0
8jzsir,2018-05-17 00:09:23,20,r/rarepuppers,39,2018-05-17 04:48:32,2,0,1,0
8jzsir,2018-05-17 00:09:23,20,r/rarepuppers,40,2018-05-17 05:06:44,0,0,2,0
8jzsir,2018-05-17 00:09:23,20,r/rarepuppers,41,2018-05-17 05:11:01,0,0,2,0
8jzsir,2018-05-17 00:09:23,20,r/rarepuppers,42,2018-05-17 05:14:02,0,0,2,0
8jzsir,2018-05-17 00:09:23,20,r/rarepuppers,43,2018-05-17 05:14:10,0,0,2,0
8jzsir,2018-05-17 00:09:23,20,r/rarepuppers,44,2018-05-17 05:17:36,0,0,2,0
8jzsir,2018-05-17 00:09:23,20,r/rarepuppers,45,2018-05-17 01:32:34,0,0,3,0
8jzsir,2018-05-17 00:09:23,20,r/rarepuppers,46,2018-05-17 02:15:08,0,0,1,0
8jzsir,2018-05-17 00:09:23,20,r/rarepuppers,47,2018-05-17 02:52:49,0,0,1,0
8jzsir,2018-05-17 00:09:23,20,r/rarepuppers,48,2018-05-17 03:32:08,0,1,1,0
8jzsir,2018-05-17 00:09:23,20,r/rarepuppers,48,2018-05-17 03:35:15,1,0,2,0
8jzsir,2018-05-17 00:09:23,20,r/rarepuppers,49,2018-05-17 03:45:29,0,0,1,0
8jzsir,2018-05-17 00:09:23,20,r/rarepuppers,50,2018-05-17 03:55:01,0,0,1,0
8jzsir,2018-05-17 00:09:23,20,r/rarepuppers,51,2018-05-17 03:58:15,0,0,1,0
8jzsir,2018-05-17 00:09:23,20,r/rarepuppers,52,2018-05-17 04:10:04,0,0,1,0
8jzsir,2018-05-17 00:09:23,20,r/rarepuppers,53,2018-05-17 04:12:36,0,1,1,0
8jzsir,2018-05-17 00:09:23,20,r/rarepuppers,53,2018-05-17 04:12:37,1,0,1,0
8jzsir,2018-05-17 00:09:23,20,r/rarepuppers,54,2018-05-17 04:33:45,0,0,1,0
8jzsir,2018-05-17 00:09:23,20,r/rarepuppers,55,2018-05-17 04:44:09,0,0,1,0
8jzsir,2018-05-17 00:09:23,20,r/rarepuppers,56,2018-05-17 04:45:56,0,0,1,0
8jzsir,2018-05-17 00:09:23,20,r/rarepuppers,57,2018-05-17 04:46:00,0,0,1,0
8jzsir,2018-05-17 00:09:23,20,r/rarepuppers,58,2018-05-17 04:46:44,0,0,1,0
8jzsir,2018-05-17 00:09:23,20,r/rarepuppers,59,2018-05-17 04:49:43,0,0,1,0
8jzsir,2018-05-17 00:09:23,20,r/rarepuppers,60,2018-05-17 04:55:36,0,1,1,0
8jzsir,2018-05-17 00:09:23,20,r/rarepuppers,60,2018-05-17 04:59:43,1,0,1,0
8jzsir,2018-05-17 00:09:23,20,r/rarepuppers,61,2018-05-17 04:55:42,0,0,1,0
8jzsir,2018-05-17 00:09:23,20,r/rarepuppers,62,2018-05-17 04:58:31,0,1,1,0
8jzsir,2018-05-17 00:09:23,20,r/rarepuppers,62,2018-05-17 04:58:31,1,0,1,0
8jzsir,2018-05-17 00:09:23,20,r/rarepuppers,63,2018-05-17 05:00:49,0,0,1,0
8jzsir,2018-05-17 00:09:23,20,r/rarepuppers,64,2018-05-17 05:07:12,0,1,1,0
8jzsir,2018-05-17 00:09:23,20,r/rarepuppers,64,2018-05-17 05:07:13,1,0,1,0
8jzsir,2018-05-17 00:09:23,20,r/rarepuppers,65,2018-05-17 05:08:32,0,0,1,0
8jzsir,2018-05-17 00:09:23,20,r/rarepuppers,66,2018-05-17 05:16:29,0,0,1,0
8jzsir,2018-05-17 00:09:23,20,r/rarepuppers,67,2018-05-17 05:16:59,0,0,1,0
8jzsir,2018-05-17 00:09:23,20,r/rarepuppers,68,2018-05-17 05:17:19,0,0,1,0
8jzsir,2018-05-17 00:09:23,20,r/rarepuppers,69,2018-05-17 05:19:02,0,0,1,0
8jzsir,2018-05-17 00:09:23,20,r/rarepuppers,70,2018-05-17 02:56:31,0,1,-6,0
8jzsir,2018-05-17 00:09:23,20,r/rarepuppers,70,2018-05-17 04:01:46,1,0,2,0
8jzsir,2018-05-17 00:09:23,20,r/rarepuppers,71,2018-05-17 05:16:42,0,0,0,0
8jza4o,2018-05-16 22:52:19,21,r/southpark,0,2018-05-16 23:47:50,0,6,795,0
8jza4o,2018-05-16 22:52:19,21,r/southpark,0,2018-05-17 00:18:25,1,6,142,0
8jza4o,2018-05-16 22:52:19,21,r/southpark,0,2018-05-17 00:37:18,2,5,80,0
8jza4o,2018-05-16 22:52:19,21,r/southpark,0,2018-05-17 00:42:23,3,4,55,0
8jza4o,2018-05-16 22:52:19,21,r/southpark,0,2018-05-17 00:52:00,4,1,9,0
8jza4o,2018-05-16 22:52:19,21,r/southpark,0,2018-05-17 01:01:54,5,0,5,0
8jza4o,2018-05-16 22:52:19,21,r/southpark,0,2018-05-17 01:10:42,4,1,10,0
8jza4o,2018-05-16 22:52:19,21,r/southpark,0,2018-05-17 02:07:06,5,1,4,0
8jza4o,2018-05-16 22:52:19,21,r/southpark,0,2018-05-17 02:17:29,6,0,4,0
8jza4o,2018-05-16 22:52:19,21,r/southpark,0,2018-05-17 01:34:32,4,1,7,0
8jza4o,2018-05-16 22:52:19,21,r/southpark,0,2018-05-17 02:21:31,5,0,3,0
8jza4o,2018-05-16 22:52:19,21,r/southpark,0,2018-05-17 02:56:43,4,0,2,0
8jza4o,2018-05-16 22:52:19,21,r/southpark,0,2018-05-17 00:55:42,3,2,8,0
8jza4o,2018-05-16 22:52:19,21,r/southpark,0,2018-05-17 01:26:16,4,0,3,0
8jza4o,2018-05-16 22:52:19,21,r/southpark,0,2018-05-17 01:28:01,4,1,1,0
8jza4o,2018-05-16 22:52:19,21,r/southpark,0,2018-05-17 04:01:38,5,0,1,0
8jza4o,2018-05-16 22:52:19,21,r/southpark,0,2018-05-17 02:19:48,3,0,5,0
8jza4o,2018-05-16 22:52:19,21,r/southpark,0,2018-05-17 00:45:43,3,3,8,0
8jza4o,2018-05-16 22:52:19,21,r/southpark,0,2018-05-17 00:49:47,4,1,26,0
8jza4o,2018-05-16 22:52:19,21,r/southpark,0,2018-05-17 01:28:09,5,2,4,0
8jza4o,2018-05-16 22:52:19,21,r/southpark,0,2018-05-17 01:59:59,6,4,5,0
8jza4o,2018-05-16 22:52:19,21,r/southpark,0,2018-05-17 02:42:49,7,0,3,0
8jza4o,2018-05-16 22:52:19,21,r/southpark,0,2018-05-17 03:05:08,7,0,3,0
8jza4o,2018-05-16 22:52:19,21,r/southpark,0,2018-05-17 02:19:26,7,0,2,0
8jza4o,2018-05-16 22:52:19,21,r/southpark,0,2018-05-17 03:59:44,7,0,1,0
8jza4o,2018-05-16 22:52:19,21,r/southpark,0,2018-05-17 03:17:58,6,1,1,0
8jza4o,2018-05-16 22:52:19,21,r/southpark,0,2018-05-17 03:21:32,7,1,1,0
8jza4o,2018-05-16 22:52:19,21,r/southpark,0,2018-05-17 04:16:08,8,0,1,0
8jza4o,2018-05-16 22:52:19,21,r/southpark,0,2018-05-17 00:46:40,4,0,5,0
8jza4o,2018-05-16 22:52:19,21,r/southpark,0,2018-05-17 00:51:36,4,2,3,0
8jza4o,2018-05-16 22:52:19,21,r/southpark,0,2018-05-17 02:40:39,5,2,5,0
8jza4o,2018-05-16 22:52:19,21,r/southpark,0,2018-05-17 04:01:54,6,0,1,0
8jza4o,2018-05-16 22:52:19,21,r/southpark,0,2018-05-17 04:05:25,6,0,1,0
8jza4o,2018-05-16 22:52:19,21,r/southpark,0,2018-05-17 00:52:08,5,0,3,0
8jza4o,2018-05-16 22:52:19,21,r/southpark,0,2018-05-17 02:33:28,3,0,2,0
8jza4o,2018-05-16 22:52:19,21,r/southpark,0,2018-05-17 03:06:39,2,1,4,0
8jza4o,2018-05-16 22:52:19,21,r/southpark,0,2018-05-17 03:07:59,3,0,2,0
8jza4o,2018-05-16 22:52:19,21,r/southpark,0,2018-05-17 03:16:07,2,0,3,0
8jza4o,2018-05-16 22:52:19,21,r/southpark,0,2018-05-17 00:31:10,2,0,1,0
8jza4o,2018-05-16 22:52:19,21,r/southpark,0,2018-05-17 03:25:25,2,0,1,0
8jza4o,2018-05-16 22:52:19,21,r/southpark,0,2018-05-17 03:33:49,2,0,1,0
8jza4o,2018-05-16 22:52:19,21,r/southpark,0,2018-05-17 02:53:21,1,0,3,0
8jza4o,2018-05-16 22:52:19,21,r/southpark,0,2018-05-17 01:22:39,1,1,5,0
8jza4o,2018-05-16 22:52:19,21,r/southpark,0,2018-05-17 02:48:15,2,1,2,0
8jza4o,2018-05-16 22:52:19,21,r/southpark,0,2018-05-17 03:43:06,3,0,1,0
8jza4o,2018-05-16 22:52:19,21,r/southpark,0,2018-05-17 04:00:11,1,0,2,0
8jza4o,2018-05-16 22:52:19,21,r/southpark,0,2018-05-17 02:36:43,1,0,1,0
8jza4o,2018-05-16 22:52:19,21,r/southpark,0,2018-05-17 03:37:36,1,0,1,0
8jza4o,2018-05-16 22:52:19,21,r/southpark,1,2018-05-16 23:43:17,0,2,67,0
8jza4o,2018-05-16 22:52:19,21,r/southpark,1,2018-05-17 02:19:54,1,2,18,0
8jza4o,2018-05-16 22:52:19,21,r/southpark,1,2018-05-17 02:33:32,2,0,8,0
8jza4o,2018-05-16 22:52:19,21,r/southpark,1,2018-05-17 04:05:16,2,0,1,0
8jza4o,2018-05-16 22:52:19,21,r/southpark,1,2018-05-17 03:15:00,1,0,5,0
8jza4o,2018-05-16 22:52:19,21,r/southpark,2,2018-05-16 22:53:32,0,3,104,0
8jza4o,2018-05-16 22:52:19,21,r/southpark,2,2018-05-16 22:55:58,1,2,46,0
8jza4o,2018-05-16 22:52:19,21,r/southpark,2,2018-05-16 23:35:33,2,4,36,0
8jza4o,2018-05-16 22:52:19,21,r/southpark,2,2018-05-16 23:40:03,3,2,20,0
8jza4o,2018-05-16 22:52:19,21,r/southpark,2,2018-05-16 23:40:51,4,1,26,0
8jza4o,2018-05-16 22:52:19,21,r/southpark,2,2018-05-16 23:45:21,5,1,14,0
8jza4o,2018-05-16 22:52:19,21,r/southpark,2,2018-05-16 23:49:10,6,3,17,0
8jza4o,2018-05-16 22:52:19,21,r/southpark,2,2018-05-17 00:44:37,7,0,14,0
8jza4o,2018-05-16 22:52:19,21,r/southpark,2,2018-05-17 02:31:23,7,1,5,0
8jza4o,2018-05-16 22:52:19,21,r/southpark,2,2018-05-17 03:35:08,8,0,3,0
8jza4o,2018-05-16 22:52:19,21,r/southpark,2,2018-05-17 00:02:16,7,1,-42,0
8jza4o,2018-05-16 22:52:19,21,r/southpark,2,2018-05-17 00:48:11,8,1,19,0
8jza4o,2018-05-16 22:52:19,21,r/southpark,2,2018-05-17 01:05:54,9,1,-19,0
8jza4o,2018-05-16 22:52:19,21,r/southpark,2,2018-05-17 02:26:40,4,0,-1,0
8jza4o,2018-05-16 22:52:19,21,r/southpark,2,2018-05-17 04:23:20,3,0,2,0
8jza4o,2018-05-16 22:52:19,21,r/southpark,2,2018-05-17 04:26:45,3,0,2,0
8jza4o,2018-05-16 22:52:19,21,r/southpark,2,2018-05-17 04:46:23,3,0,1,0
8jza4o,2018-05-16 22:52:19,21,r/southpark,2,2018-05-17 03:15:21,2,0,2,0
8jza4o,2018-05-16 22:52:19,21,r/southpark,2,2018-05-17 01:05:48,1,1,3,0
8jza4o,2018-05-16 22:52:19,21,r/southpark,2,2018-05-17 01:49:33,2,2,5,0
8jza4o,2018-05-16 22:52:19,21,r/southpark,2,2018-05-17 03:45:06,3,0,0,0
8jza4o,2018-05-16 22:52:19,21,r/southpark,2,2018-05-17 02:37:48,3,0,-8,0
8jza4o,2018-05-16 22:52:19,21,r/southpark,2,2018-05-17 02:57:09,1,0,2,0
8jza4o,2018-05-16 22:52:19,21,r/southpark,3,2018-05-16 23:32:09,0,2,87,0
8jza4o,2018-05-16 22:52:19,21,r/southpark,3,2018-05-16 23:35:59,1,2,125,0
8jza4o,2018-05-16 22:52:19,21,r/southpark,3,2018-05-17 01:00:34,2,1,23,0
8jza4o,2018-05-16 22:52:19,21,r/southpark,3,2018-05-17 02:20:26,3,0,6,0
8jza4o,2018-05-16 22:52:19,21,r/southpark,3,2018-05-17 03:00:13,2,1,6,0
8jza4o,2018-05-16 22:52:19,21,r/southpark,3,2018-05-17 03:07:58,3,1,3,0
8jza4o,2018-05-16 22:52:19,21,r/southpark,3,2018-05-17 03:08:02,4,0,1,0
8jza4o,2018-05-16 22:52:19,21,r/southpark,3,2018-05-17 03:15:57,1,0,3,0
8jza4o,2018-05-16 22:52:19,21,r/southpark,4,2018-05-17 02:23:29,0,2,20,0
8jza4o,2018-05-16 22:52:19,21,r/southpark,4,2018-05-17 02:40:52,1,0,8,0
8jza4o,2018-05-16 22:52:19,21,r/southpark,4,2018-05-17 03:25:08,1,0,6,0
8jza4o,2018-05-16 22:52:19,21,r/southpark,5,2018-05-17 03:08:58,0,1,17,0
8jza4o,2018-05-16 22:52:19,21,r/southpark,5,2018-05-17 03:35:48,1,1,8,0
8jza4o,2018-05-16 22:52:19,21,r/southpark,5,2018-05-17 04:07:07,2,2,8,0
8jza4o,2018-05-16 22:52:19,21,r/southpark,5,2018-05-17 04:44:54,3,0,4,0
8jza4o,2018-05-16 22:52:19,21,r/southpark,5,2018-05-17 04:50:00,3,0,0,0
8jza4o,2018-05-16 22:52:19,21,r/southpark,6,2018-05-17 00:41:26,0,1,21,0
8jza4o,2018-05-16 22:52:19,21,r/southpark,6,2018-05-17 01:29:08,1,0,4,0
8jza4o,2018-05-16 22:52:19,21,r/southpark,7,2018-05-17 00:47:59,0,3,59,0
8jza4o,2018-05-16 22:52:19,21,r/southpark,7,2018-05-17 02:43:39,1,1,16,0
8jza4o,2018-05-16 22:52:19,21,r/southpark,7,2018-05-17 04:29:47,2,0,3,0
8jza4o,2018-05-16 22:52:19,21,r/southpark,7,2018-05-17 03:09:08,1,1,5,0
8jza4o,2018-05-16 22:52:19,21,r/southpark,7,2018-05-17 03:14:35,2,0,5,0
8jza4o,2018-05-16 22:52:19,21,r/southpark,7,2018-05-17 04:02:24,1,2,1,0
8jza4o,2018-05-16 22:52:19,21,r/southpark,7,2018-05-17 04:09:30,2,1,12,0
8jza4o,2018-05-16 22:52:19,21,r/southpark,7,2018-05-17 04:26:56,3,1,1,0
8jza4o,2018-05-16 22:52:19,21,r/southpark,7,2018-05-17 04:35:20,4,0,1,0
8jza4o,2018-05-16 22:52:19,21,r/southpark,7,2018-05-17 04:09:53,2,0,0,0
8jza4o,2018-05-16 22:52:19,21,r/southpark,8,2018-05-16 23:43:37,0,1,8,0
8jza4o,2018-05-16 22:52:19,21,r/southpark,8,2018-05-17 02:43:03,1,1,5,0
8jza4o,2018-05-16 22:52:19,21,r/southpark,8,2018-05-17 02:54:36,2,1,1,0
8jza4o,2018-05-16 22:52:19,21,r/southpark,8,2018-05-17 04:21:11,3,0,1,0
8jza4o,2018-05-16 22:52:19,21,r/southpark,9,2018-05-17 00:35:13,0,3,8,0
8jza4o,2018-05-16 22:52:19,21,r/southpark,9,2018-05-17 03:51:13,1,0,16,0
8jza4o,2018-05-16 22:52:19,21,r/southpark,9,2018-05-17 03:09:17,1,0,6,0
8jza4o,2018-05-16 22:52:19,21,r/southpark,9,2018-05-17 00:46:32,1,1,-17,0
8jza4o,2018-05-16 22:52:19,21,r/southpark,9,2018-05-17 00:49:37,2,2,65,0
8jza4o,2018-05-16 22:52:19,21,r/southpark,9,2018-05-17 01:33:38,3,0,13,0
8jza4o,2018-05-16 22:52:19,21,r/southpark,9,2018-05-17 02:03:17,3,0,1,0
8jza4o,2018-05-16 22:52:19,21,r/southpark,10,2018-05-17 00:59:59,0,0,6,0
8jza4o,2018-05-16 22:52:19,21,r/southpark,11,2018-05-17 00:43:14,0,1,14,0
8jza4o,2018-05-16 22:52:19,21,r/southpark,11,2018-05-17 03:54:50,1,0,2,0
8jza4o,2018-05-16 22:52:19,21,r/southpark,12,2018-05-17 00:45:32,0,0,4,0
8jza4o,2018-05-16 22:52:19,21,r/southpark,13,2018-05-17 02:28:38,0,0,4,0
8jza4o,2018-05-16 22:52:19,21,r/southpark,14,2018-05-17 02:34:38,0,1,4,0
8jza4o,2018-05-16 22:52:19,21,r/southpark,14,2018-05-17 03:09:02,1,0,1,0
8jza4o,2018-05-16 22:52:19,21,r/southpark,15,2018-05-17 03:30:36,0,1,3,0
8jza4o,2018-05-16 22:52:19,21,r/southpark,15,2018-05-17 03:45:52,1,0,3,0
8jza4o,2018-05-16 22:52:19,21,r/southpark,16,2018-05-17 04:00:07,0,1,3,0
8jza4o,2018-05-16 22:52:19,21,r/southpark,16,2018-05-17 04:01:09,1,0,2,0
8jza4o,2018-05-16 22:52:19,21,r/southpark,17,2018-05-17 00:44:53,0,0,6,0
8jza4o,2018-05-16 22:52:19,21,r/southpark,18,2018-05-17 00:20:32,0,0,2,0
8jza4o,2018-05-16 22:52:19,21,r/southpark,19,2018-05-17 01:19:48,0,0,2,0
8jza4o,2018-05-16 22:52:19,21,r/southpark,20,2018-05-17 01:44:06,0,0,2,0
8jza4o,2018-05-16 22:52:19,21,r/southpark,21,2018-05-17 02:36:31,0,0,2,0
8jza4o,2018-05-16 22:52:19,21,r/southpark,22,2018-05-17 00:14:03,0,0,3,0
8jza4o,2018-05-16 22:52:19,21,r/southpark,23,2018-05-17 01:33:27,0,0,1,0
8jza4o,2018-05-16 22:52:19,21,r/southpark,24,2018-05-17 01:56:47,0,0,1,0
8jza4o,2018-05-16 22:52:19,21,r/southpark,25,2018-05-17 02:06:31,0,0,1,0
8jza4o,2018-05-16 22:52:19,21,r/southpark,26,2018-05-17 02:06:39,0,0,1,0
8jza4o,2018-05-16 22:52:19,21,r/southpark,27,2018-05-17 02:20:56,0,0,1,0
8jza4o,2018-05-16 22:52:19,21,r/southpark,28,2018-05-17 02:34:49,0,0,1,0
8jza4o,2018-05-16 22:52:19,21,r/southpark,29,2018-05-17 02:41:08,0,0,1,0
8jza4o,2018-05-16 22:52:19,21,r/southpark,30,2018-05-17 02:55:48,0,0,1,0
8jza4o,2018-05-16 22:52:19,21,r/southpark,31,2018-05-17 02:56:08,0,0,1,0
8jza4o,2018-05-16 22:52:19,21,r/southpark,32,2018-05-17 03:00:06,0,0,1,0
8jza4o,2018-05-16 22:52:19,21,r/southpark,33,2018-05-17 03:12:00,0,0,1,0
8jza4o,2018-05-16 22:52:19,21,r/southpark,34,2018-05-17 03:14:04,0,0,1,0
8jza4o,2018-05-16 22:52:19,21,r/southpark,35,2018-05-17 03:16:50,0,0,1,0
8jza4o,2018-05-16 22:52:19,21,r/southpark,36,2018-05-17 03:29:57,0,0,1,0
8jza4o,2018-05-16 22:52:19,21,r/southpark,37,2018-05-17 03:32:28,0,0,1,0
8jza4o,2018-05-16 22:52:19,21,r/southpark,38,2018-05-17 03:40:14,0,0,1,0
8jza4o,2018-05-16 22:52:19,21,r/southpark,39,2018-05-17 03:40:33,0,0,1,0
8jza4o,2018-05-16 22:52:19,21,r/southpark,40,2018-05-17 03:45:45,0,0,1,0
8jza4o,2018-05-16 22:52:19,21,r/southpark,41,2018-05-17 03:49:15,0,0,1,0
8jza4o,2018-05-16 22:52:19,21,r/southpark,42,2018-05-17 03:50:53,0,0,1,0
8jza4o,2018-05-16 22:52:19,21,r/southpark,43,2018-05-17 03:53:36,0,0,2,0
8jza4o,2018-05-16 22:52:19,21,r/southpark,44,2018-05-17 03:56:50,0,0,1,0
8jza4o,2018-05-16 22:52:19,21,r/southpark,45,2018-05-17 03:58:42,0,0,1,0
8jza4o,2018-05-16 22:52:19,21,r/southpark,46,2018-05-17 03:59:11,0,0,1,0
8jza4o,2018-05-16 22:52:19,21,r/southpark,47,2018-05-17 04:00:10,0,0,1,0
8jza4o,2018-05-16 22:52:19,21,r/southpark,48,2018-05-17 04:01:42,0,0,1,0
8jza4o,2018-05-16 22:52:19,21,r/southpark,49,2018-05-17 04:13:14,0,0,1,0
8jza4o,2018-05-16 22:52:19,21,r/southpark,50,2018-05-17 04:13:25,0,0,1,0
8jza4o,2018-05-16 22:52:19,21,r/southpark,51,2018-05-17 04:13:44,0,0,1,0
8jza4o,2018-05-16 22:52:19,21,r/southpark,52,2018-05-17 04:16:42,0,0,1,0
8jza4o,2018-05-16 22:52:19,21,r/southpark,53,2018-05-17 04:20:23,0,0,1,0
8jza4o,2018-05-16 22:52:19,21,r/southpark,54,2018-05-17 04:22:13,0,0,1,0
8jza4o,2018-05-16 22:52:19,21,r/southpark,55,2018-05-17 04:27:25,0,0,1,0
8jza4o,2018-05-16 22:52:19,21,r/southpark,56,2018-05-17 04:31:37,0,0,1,0
8jza4o,2018-05-16 22:52:19,21,r/southpark,57,2018-05-17 04:40:15,0,0,1,0
8jza4o,2018-05-16 22:52:19,21,r/southpark,58,2018-05-17 04:49:03,0,0,1,0
8jza4o,2018-05-16 22:52:19,21,r/southpark,59,2018-05-17 04:56:09,0,0,1,0
8jza4o,2018-05-16 22:52:19,21,r/southpark,60,2018-05-17 04:59:53,0,0,1,0
8jza4o,2018-05-16 22:52:19,21,r/southpark,61,2018-05-17 05:02:20,0,0,1,0
8jza4o,2018-05-16 22:52:19,21,r/southpark,62,2018-05-17 05:04:03,0,0,1,0
8jza4o,2018-05-16 22:52:19,21,r/southpark,63,2018-05-17 05:10:37,0,0,1,0
8jza4o,2018-05-16 22:52:19,21,r/southpark,64,2018-05-17 05:11:11,0,0,1,0
8jza4o,2018-05-16 22:52:19,21,r/southpark,65,2018-05-17 05:13:22,0,0,1,0
8jza4o,2018-05-16 22:52:19,21,r/southpark,66,2018-05-17 05:16:37,0,0,1,0
8jza4o,2018-05-16 22:52:19,21,r/southpark,67,2018-05-17 05:17:23,0,0,1,0
8jza4o,2018-05-16 22:52:19,21,r/southpark,68,2018-05-17 05:18:56,0,0,1,0
8jza4o,2018-05-16 22:52:19,21,r/southpark,69,2018-05-17 00:36:47,0,0,1,0
8jza4o,2018-05-16 22:52:19,21,r/southpark,70,2018-05-17 02:28:53,0,0,1,0
8jza4o,2018-05-16 22:52:19,21,r/southpark,71,2018-05-17 00:45:05,0,0,0,0
8jza4o,2018-05-16 22:52:19,21,r/southpark,72,2018-05-16 23:26:37,0,0,-4,0
8jz4fh,2018-05-16 22:29:07,22,r/westworld,0,2018-05-16 23:19:26,0,4,493,0
8jz4fh,2018-05-16 22:29:07,22,r/westworld,0,2018-05-17 01:56:50,1,0,38,0
8jz4fh,2018-05-16 22:29:07,22,r/westworld,0,2018-05-17 03:10:19,1,1,23,0
8jz4fh,2018-05-16 22:29:07,22,r/westworld,0,2018-05-17 03:26:45,2,1,6,0
8jz4fh,2018-05-16 22:29:07,22,r/westworld,0,2018-05-17 03:33:25,3,1,3,0
8jz4fh,2018-05-16 22:29:07,22,r/westworld,0,2018-05-17 04:11:37,4,1,3,0
8jz4fh,2018-05-16 22:29:07,22,r/westworld,0,2018-05-17 04:36:14,5,0,3,0
8jz4fh,2018-05-16 22:29:07,22,r/westworld,0,2018-05-17 04:56:38,1,0,2,0
8jz4fh,2018-05-16 22:29:07,22,r/westworld,0,2018-05-17 04:48:03,1,0,1,0
8jz4fh,2018-05-16 22:29:07,22,r/westworld,1,2018-05-16 23:17:35,0,4,749,0
8jz4fh,2018-05-16 22:29:07,22,r/westworld,1,2018-05-16 23:32:28,1,2,169,0
8jz4fh,2018-05-16 22:29:07,22,r/westworld,1,2018-05-17 00:45:07,2,2,72,0
8jz4fh,2018-05-16 22:29:07,22,r/westworld,1,2018-05-17 01:02:56,3,1,25,0
8jz4fh,2018-05-16 22:29:07,22,r/westworld,1,2018-05-17 05:05:44,4,1,3,0
8jz4fh,2018-05-16 22:29:07,22,r/westworld,1,2018-05-17 05:10:08,5,0,1,0
8jz4fh,2018-05-16 22:29:07,22,r/westworld,1,2018-05-17 02:28:15,3,0,4,0
8jz4fh,2018-05-16 22:29:07,22,r/westworld,1,2018-05-17 02:26:12,2,0,28,0
8jz4fh,2018-05-16 22:29:07,22,r/westworld,1,2018-05-17 02:46:01,1,2,11,0
8jz4fh,2018-05-16 22:29:07,22,r/westworld,1,2018-05-17 04:17:09,2,0,9,0
8jz4fh,2018-05-16 22:29:07,22,r/westworld,1,2018-05-17 03:30:41,2,2,2,0
8jz4fh,2018-05-16 22:29:07,22,r/westworld,1,2018-05-17 03:43:55,3,1,12,0
8jz4fh,2018-05-16 22:29:07,22,r/westworld,1,2018-05-17 04:15:00,4,0,3,0
8jz4fh,2018-05-16 22:29:07,22,r/westworld,1,2018-05-17 04:27:02,3,1,3,0
8jz4fh,2018-05-16 22:29:07,22,r/westworld,1,2018-05-17 04:37:42,4,1,1,0
8jz4fh,2018-05-16 22:29:07,22,r/westworld,1,2018-05-17 04:53:39,5,0,2,0
8jz4fh,2018-05-16 22:29:07,22,r/westworld,1,2018-05-17 02:53:14,1,0,3,0
8jz4fh,2018-05-16 22:29:07,22,r/westworld,1,2018-05-17 04:09:11,1,0,3,0
8jz4fh,2018-05-16 22:29:07,22,r/westworld,2,2018-05-17 00:40:06,0,3,319,0
8jz4fh,2018-05-16 22:29:07,22,r/westworld,2,2018-05-17 01:25:38,1,1,133,0
8jz4fh,2018-05-16 22:29:07,22,r/westworld,2,2018-05-17 01:37:12,2,1,45,0
8jz4fh,2018-05-16 22:29:07,22,r/westworld,2,2018-05-17 02:50:24,3,2,24,0
8jz4fh,2018-05-16 22:29:07,22,r/westworld,2,2018-05-17 02:53:08,4,0,9,0
8jz4fh,2018-05-16 22:29:07,22,r/westworld,2,2018-05-17 04:21:48,4,1,5,0
8jz4fh,2018-05-16 22:29:07,22,r/westworld,2,2018-05-17 05:13:20,5,0,1,0
8jz4fh,2018-05-16 22:29:07,22,r/westworld,2,2018-05-17 02:21:57,1,0,24,0
8jz4fh,2018-05-16 22:29:07,22,r/westworld,2,2018-05-17 03:19:27,1,0,-2,0
8jz4fh,2018-05-16 22:29:07,22,r/westworld,3,2018-05-17 00:07:14,0,1,138,0
8jz4fh,2018-05-16 22:29:07,22,r/westworld,3,2018-05-17 01:16:44,1,1,14,0
8jz4fh,2018-05-16 22:29:07,22,r/westworld,3,2018-05-17 01:17:58,2,0,25,0
8jz4fh,2018-05-16 22:29:07,22,r/westworld,4,2018-05-17 00:00:35,0,1,45,0
8jz4fh,2018-05-16 22:29:07,22,r/westworld,4,2018-05-17 02:28:41,1,1,17,0
8jz4fh,2018-05-16 22:29:07,22,r/westworld,4,2018-05-17 02:32:27,2,0,6,0
8jz4fh,2018-05-16 22:29:07,22,r/westworld,5,2018-05-17 01:57:05,0,2,68,0
8jz4fh,2018-05-16 22:29:07,22,r/westworld,5,2018-05-17 03:42:45,1,1,36,0
8jz4fh,2018-05-16 22:29:07,22,r/westworld,5,2018-05-17 03:54:43,2,1,12,0
8jz4fh,2018-05-16 22:29:07,22,r/westworld,5,2018-05-17 05:15:34,3,0,1,0
8jz4fh,2018-05-16 22:29:07,22,r/westworld,5,2018-05-17 04:35:02,1,1,6,0
8jz4fh,2018-05-16 22:29:07,22,r/westworld,5,2018-05-17 04:40:29,2,0,2,0
8jz4fh,2018-05-16 22:29:07,22,r/westworld,6,2018-05-17 02:02:43,0,0,34,0
8jz4fh,2018-05-16 22:29:07,22,r/westworld,7,2018-05-17 03:41:36,0,0,12,0
8jz4fh,2018-05-16 22:29:07,22,r/westworld,8,2018-05-17 02:36:49,0,1,26,0
8jz4fh,2018-05-16 22:29:07,22,r/westworld,8,2018-05-17 03:56:02,1,0,1,0
8jz4fh,2018-05-16 22:29:07,22,r/westworld,9,2018-05-17 00:09:31,0,0,22,0
8jz4fh,2018-05-16 22:29:07,22,r/westworld,10,2018-05-16 23:08:45,0,1,23,0
8jz4fh,2018-05-16 22:29:07,22,r/westworld,10,2018-05-17 02:40:44,1,0,10,0
8jz4fh,2018-05-16 22:29:07,22,r/westworld,11,2018-05-17 00:41:00,0,1,5,0
8jz4fh,2018-05-16 22:29:07,22,r/westworld,11,2018-05-17 01:36:06,1,0,4,0
8jz4fh,2018-05-16 22:29:07,22,r/westworld,12,2018-05-17 02:19:24,0,0,7,0
8jz4fh,2018-05-16 22:29:07,22,r/westworld,13,2018-05-17 02:35:12,0,1,6,0
8jz4fh,2018-05-16 22:29:07,22,r/westworld,13,2018-05-17 04:41:36,1,0,2,0
8jz4fh,2018-05-16 22:29:07,22,r/westworld,14,2018-05-17 02:29:58,0,0,5,0
8jz4fh,2018-05-16 22:29:07,22,r/westworld,15,2018-05-17 00:31:07,0,0,4,0
8jz4fh,2018-05-16 22:29:07,22,r/westworld,16,2018-05-17 02:19:28,0,0,5,0
8jz4fh,2018-05-16 22:29:07,22,r/westworld,17,2018-05-17 03:02:48,0,1,4,0
8jz4fh,2018-05-16 22:29:07,22,r/westworld,17,2018-05-17 04:00:36,1,0,1,0
8jz4fh,2018-05-16 22:29:07,22,r/westworld,18,2018-05-17 00:13:26,0,0,6,0
8jz4fh,2018-05-16 22:29:07,22,r/westworld,19,2018-05-17 03:05:33,0,1,3,0
8jz4fh,2018-05-16 22:29:07,22,r/westworld,19,2018-05-17 04:01:00,1,0,1,0
8jz4fh,2018-05-16 22:29:07,22,r/westworld,20,2018-05-17 03:07:22,0,1,3,0
8jz4fh,2018-05-16 22:29:07,22,r/westworld,20,2018-05-17 03:33:14,1,0,3,0
8jz4fh,2018-05-16 22:29:07,22,r/westworld,21,2018-05-17 03:21:40,0,0,3,0
8jz4fh,2018-05-16 22:29:07,22,r/westworld,22,2018-05-17 02:56:45,0,0,2,0
8jz4fh,2018-05-16 22:29:07,22,r/westworld,23,2018-05-17 05:13:04,0,0,2,0
8jz4fh,2018-05-16 22:29:07,22,r/westworld,24,2018-05-17 02:19:07,0,0,7,0
8jz4fh,2018-05-16 22:29:07,22,r/westworld,25,2018-05-16 23:36:07,0,0,4,0
8jz4fh,2018-05-16 22:29:07,22,r/westworld,26,2018-05-16 23:01:27,0,1,2,0
8jz4fh,2018-05-16 22:29:07,22,r/westworld,26,2018-05-16 23:30:25,1,0,5,0
8jz4fh,2018-05-16 22:29:07,22,r/westworld,27,2018-05-17 03:34:41,0,0,1,0
8jz4fh,2018-05-16 22:29:07,22,r/westworld,28,2018-05-17 03:43:28,0,0,1,0
8jz4fh,2018-05-16 22:29:07,22,r/westworld,29,2018-05-17 03:47:18,0,0,1,0
8jz4fh,2018-05-16 22:29:07,22,r/westworld,30,2018-05-17 03:51:50,0,0,1,0
8jz4fh,2018-05-16 22:29:07,22,r/westworld,31,2018-05-17 03:54:07,0,0,1,0
8jz4fh,2018-05-16 22:29:07,22,r/westworld,32,2018-05-17 04:03:59,0,0,1,0
8jz4fh,2018-05-16 22:29:07,22,r/westworld,33,2018-05-17 04:08:47,0,0,1,0
8jz4fh,2018-05-16 22:29:07,22,r/westworld,34,2018-05-17 04:09:49,0,0,1,0
8jz4fh,2018-05-16 22:29:07,22,r/westworld,35,2018-05-17 04:17:38,0,0,1,0
8jz4fh,2018-05-16 22:29:07,22,r/westworld,36,2018-05-17 04:21:28,0,0,1,0
8jz4fh,2018-05-16 22:29:07,22,r/westworld,37,2018-05-17 04:36:18,0,0,1,0
8jz4fh,2018-05-16 22:29:07,22,r/westworld,38,2018-05-17 04:45:32,0,0,1,0
8jz4fh,2018-05-16 22:29:07,22,r/westworld,39,2018-05-17 04:50:05,0,0,1,0
8jz4fh,2018-05-16 22:29:07,22,r/westworld,40,2018-05-17 04:52:40,0,0,1,0
8jz4fh,2018-05-16 22:29:07,22,r/westworld,41,2018-05-17 04:55:25,0,0,1,0
8jz4fh,2018-05-16 22:29:07,22,r/westworld,42,2018-05-17 04:56:56,0,0,1,0
8jz4fh,2018-05-16 22:29:07,22,r/westworld,43,2018-05-17 05:05:01,0,0,1,0
8jz4fh,2018-05-16 22:29:07,22,r/westworld,44,2018-05-17 01:08:36,0,2,1,0
8jz4fh,2018-05-16 22:29:07,22,r/westworld,44,2018-05-17 02:33:20,1,0,1,0
8jz4fh,2018-05-16 22:29:07,22,r/westworld,44,2018-05-17 02:36:47,1,0,1,0
8jz4fh,2018-05-16 22:29:07,22,r/westworld,45,2018-05-17 02:49:15,0,0,1,0
8jz4fh,2018-05-16 22:29:07,22,r/westworld,46,2018-05-17 02:58:58,0,0,1,0
8jz4fh,2018-05-16 22:29:07,22,r/westworld,47,2018-05-17 04:08:19,0,0,0,0
8jz4fh,2018-05-16 22:29:07,22,r/westworld,48,2018-05-17 03:21:26,0,0,-1,0
8jzxj8,2018-05-17 00:29:38,23,r/bestof,0,2018-05-17 04:27:15,0,0,47,0
8jzxj8,2018-05-17 00:29:38,23,r/bestof,1,2018-05-17 01:46:04,0,11,296,0
8jzxj8,2018-05-17 00:29:38,23,r/bestof,1,2018-05-17 02:58:28,1,1,107,0
8jzxj8,2018-05-17 00:29:38,23,r/bestof,1,2018-05-17 03:04:44,2,0,43,0
8jzxj8,2018-05-17 00:29:38,23,r/bestof,1,2018-05-17 02:16:32,1,1,73,0
8jzxj8,2018-05-17 00:29:38,23,r/bestof,1,2018-05-17 03:26:57,2,0,7,0
8jzxj8,2018-05-17 00:29:38,23,r/bestof,1,2018-05-17 02:23:15,1,2,54,0
8jzxj8,2018-05-17 00:29:38,23,r/bestof,1,2018-05-17 02:33:54,2,0,28,0
8jzxj8,2018-05-17 00:29:38,23,r/bestof,1,2018-05-17 02:38:05,2,1,32,0
8jzxj8,2018-05-17 00:29:38,23,r/bestof,1,2018-05-17 02:51:43,3,1,24,0
8jzxj8,2018-05-17 00:29:38,23,r/bestof,1,2018-05-17 02:55:03,4,1,7,0
8jzxj8,2018-05-17 00:29:38,23,r/bestof,1,2018-05-17 02:56:04,5,1,7,0
8jzxj8,2018-05-17 00:29:38,23,r/bestof,1,2018-05-17 02:58:00,6,0,2,0
8jzxj8,2018-05-17 00:29:38,23,r/bestof,1,2018-05-17 04:40:48,1,0,5,0
8jzxj8,2018-05-17 00:29:38,23,r/bestof,1,2018-05-17 04:51:53,1,0,4,0
8jzxj8,2018-05-17 00:29:38,23,r/bestof,1,2018-05-17 03:35:09,1,1,7,0
8jzxj8,2018-05-17 00:29:38,23,r/bestof,1,2018-05-17 04:50:05,2,0,2,0
8jzxj8,2018-05-17 00:29:38,23,r/bestof,1,2018-05-17 03:09:21,1,0,5,0
8jzxj8,2018-05-17 00:29:38,23,r/bestof,1,2018-05-17 04:43:14,1,0,2,0
8jzxj8,2018-05-17 00:29:38,23,r/bestof,1,2018-05-17 05:04:28,1,0,1,0
8jzxj8,2018-05-17 00:29:38,23,r/bestof,1,2018-05-17 05:12:12,1,0,1,0
8jzxj8,2018-05-17 00:29:38,23,r/bestof,1,2018-05-17 05:18:15,1,0,1,0
8jzxj8,2018-05-17 00:29:38,23,r/bestof,2,2018-05-17 01:00:27,0,9,774,0
8jzxj8,2018-05-17 00:29:38,23,r/bestof,2,2018-05-17 01:25:36,1,4,440,0
8jzxj8,2018-05-17 00:29:38,23,r/bestof,2,2018-05-17 02:03:12,2,3,124,0
8jzxj8,2018-05-17 00:29:38,23,r/bestof,2,2018-05-17 02:13:34,3,14,409,0
8jzxj8,2018-05-17 00:29:38,23,r/bestof,2,2018-05-17 03:21:38,4,1,21,0
8jzxj8,2018-05-17 00:29:38,23,r/bestof,2,2018-05-17 04:07:23,5,1,8,0
8jzxj8,2018-05-17 00:29:38,23,r/bestof,2,2018-05-17 04:16:33,6,0,3,0
8jzxj8,2018-05-17 00:29:38,23,r/bestof,2,2018-05-17 02:38:31,4,3,121,0
8jzxj8,2018-05-17 00:29:38,23,r/bestof,2,2018-05-17 03:06:06,5,2,103,0
8jzxj8,2018-05-17 00:29:38,23,r/bestof,2,2018-05-17 03:23:58,6,2,24,0
8jzxj8,2018-05-17 00:29:38,23,r/bestof,2,2018-05-17 04:32:18,7,1,-1,0
8jzxj8,2018-05-17 00:29:38,23,r/bestof,2,2018-05-17 04:45:34,8,0,4,0
8jzxj8,2018-05-17 00:29:38,23,r/bestof,2,2018-05-17 04:08:59,7,0,0,0
8jzxj8,2018-05-17 00:29:38,23,r/bestof,2,2018-05-17 04:18:11,6,1,9,0
8jzxj8,2018-05-17 00:29:38,23,r/bestof,2,2018-05-17 05:10:12,7,0,1,0
8jzxj8,2018-05-17 00:29:38,23,r/bestof,2,2018-05-17 02:58:25,5,0,13,0
8jzxj8,2018-05-17 00:29:38,23,r/bestof,2,2018-05-17 04:31:11,5,1,-4,0
8jzxj8,2018-05-17 00:29:38,23,r/bestof,2,2018-05-17 05:03:53,6,0,2,0
8jzxj8,2018-05-17 00:29:38,23,r/bestof,2,2018-05-17 02:59:32,4,0,6,0
8jzxj8,2018-05-17 00:29:38,23,r/bestof,2,2018-05-17 04:22:31,4,0,2,0
8jzxj8,2018-05-17 00:29:38,23,r/bestof,2,2018-05-17 04:12:33,4,0,2,0
8jzxj8,2018-05-17 00:29:38,23,r/bestof,2,2018-05-17 05:00:13,4,1,1,0
8jzxj8,2018-05-17 00:29:38,23,r/bestof,2,2018-05-17 05:06:35,5,1,2,0
8jzxj8,2018-05-17 00:29:38,23,r/bestof,2,2018-05-17 05:18:53,6,0,1,0
8jzxj8,2018-05-17 00:29:38,23,r/bestof,2,2018-05-17 05:01:36,4,0,1,0
8jzxj8,2018-05-17 00:29:38,23,r/bestof,2,2018-05-17 04:51:52,4,0,0,0
8jzxj8,2018-05-17 00:29:38,23,r/bestof,2,2018-05-17 02:44:20,4,3,-17,0
8jzxj8,2018-05-17 00:29:38,23,r/bestof,2,2018-05-17 02:48:16,5,2,35,0
8jzxj8,2018-05-17 00:29:38,23,r/bestof,2,2018-05-17 02:57:44,6,1,-4,0
8jzxj8,2018-05-17 00:29:38,23,r/bestof,2,2018-05-17 03:02:49,7,1,19,0
8jzxj8,2018-05-17 00:29:38,23,r/bestof,2,2018-05-17 03:16:21,8,1,-12,0
8jzxj8,2018-05-17 00:29:38,23,r/bestof,2,2018-05-17 04:28:00,9,1,3,0
8jzxj8,2018-05-17 00:29:38,23,r/bestof,2,2018-05-17 03:03:43,6,2,-24,0
8jzxj8,2018-05-17 00:29:38,23,r/bestof,2,2018-05-17 03:28:15,7,1,14,0
8jzxj8,2018-05-17 00:29:38,23,r/bestof,2,2018-05-17 03:41:32,8,2,-15,0
8jzxj8,2018-05-17 00:29:38,23,r/bestof,2,2018-05-17 04:01:07,9,1,9,0
8jzxj8,2018-05-17 00:29:38,23,r/bestof,2,2018-05-17 04:27:33,9,1,4,0
8jzxj8,2018-05-17 00:29:38,23,r/bestof,2,2018-05-17 04:09:31,7,1,9,0
8jzxj8,2018-05-17 00:29:38,23,r/bestof,2,2018-05-17 04:12:31,8,0,-6,0
8jzxj8,2018-05-17 00:29:38,23,r/bestof,2,2018-05-17 03:36:58,5,1,2,0
8jzxj8,2018-05-17 00:29:38,23,r/bestof,2,2018-05-17 03:39:03,6,0,1,0
8jzxj8,2018-05-17 00:29:38,23,r/bestof,2,2018-05-17 03:10:41,5,0,1,0
8jzxj8,2018-05-17 00:29:38,23,r/bestof,2,2018-05-17 02:41:46,4,2,-18,0
8jzxj8,2018-05-17 00:29:38,23,r/bestof,2,2018-05-17 02:52:22,5,3,17,0
8jzxj8,2018-05-17 00:29:38,23,r/bestof,2,2018-05-17 03:14:07,6,0,10,0
8jzxj8,2018-05-17 00:29:38,23,r/bestof,2,2018-05-17 03:01:37,6,1,-8,0
8jzxj8,2018-05-17 00:29:38,23,r/bestof,2,2018-05-17 04:41:26,7,0,5,0
8jzxj8,2018-05-17 00:29:38,23,r/bestof,2,2018-05-17 02:59:53,6,0,-5,0
8jzxj8,2018-05-17 00:29:38,23,r/bestof,2,2018-05-17 02:58:24,5,1,7,0
8jzxj8,2018-05-17 00:29:38,23,r/bestof,2,2018-05-17 03:15:16,6,1,-7,0
8jzxj8,2018-05-17 00:29:38,23,r/bestof,2,2018-05-17 03:37:46,7,0,9,0
8jzxj8,2018-05-17 00:29:38,23,r/bestof,2,2018-05-17 02:45:34,4,2,-15,0
8jzxj8,2018-05-17 00:29:38,23,r/bestof,2,2018-05-17 03:10:51,5,0,19,0
8jzxj8,2018-05-17 00:29:38,23,r/bestof,2,2018-05-17 03:55:51,5,0,2,0
8jzxj8,2018-05-17 00:29:38,23,r/bestof,2,2018-05-17 03:52:03,4,3,-12,0
8jzxj8,2018-05-17 00:29:38,23,r/bestof,2,2018-05-17 03:57:12,5,1,12,0
8jzxj8,2018-05-17 00:29:38,23,r/bestof,2,2018-05-17 04:01:28,6,0,-6,0
8jzxj8,2018-05-17 00:29:38,23,r/bestof,2,2018-05-17 04:33:50,5,0,1,0
8jzxj8,2018-05-17 00:29:38,23,r/bestof,2,2018-05-17 04:25:23,5,1,1,0
8jzxj8,2018-05-17 00:29:38,23,r/bestof,2,2018-05-17 05:20:11,6,0,1,0
8jzxj8,2018-05-17 00:29:38,23,r/bestof,2,2018-05-17 02:49:37,4,2,-20,0
8jzxj8,2018-05-17 00:29:38,23,r/bestof,2,2018-05-17 02:51:32,5,2,22,0
8jzxj8,2018-05-17 00:29:38,23,r/bestof,2,2018-05-17 03:05:38,6,1,-3,0
8jzxj8,2018-05-17 00:29:38,23,r/bestof,2,2018-05-17 03:12:58,7,1,13,0
8jzxj8,2018-05-17 00:29:38,23,r/bestof,2,2018-05-17 03:17:13,8,1,-4,0
8jzxj8,2018-05-17 00:29:38,23,r/bestof,2,2018-05-17 03:32:50,9,1,14,0
8jzxj8,2018-05-17 00:29:38,23,r/bestof,2,2018-05-17 03:03:01,6,1,-6,0
8jzxj8,2018-05-17 00:29:38,23,r/bestof,2,2018-05-17 04:26:59,7,0,5,0
8jzxj8,2018-05-17 00:29:38,23,r/bestof,2,2018-05-17 03:02:46,5,1,12,0
8jzxj8,2018-05-17 00:29:38,23,r/bestof,2,2018-05-17 03:05:47,6,2,-11,0
8jzxj8,2018-05-17 00:29:38,23,r/bestof,2,2018-05-17 03:21:03,7,0,10,0
8jzxj8,2018-05-17 00:29:38,23,r/bestof,2,2018-05-17 03:37:51,7,0,7,0
8jzxj8,2018-05-17 00:29:38,23,r/bestof,2,2018-05-17 03:12:20,4,3,-15,0
8jzxj8,2018-05-17 00:29:38,23,r/bestof,2,2018-05-17 03:15:25,5,1,9,0
8jzxj8,2018-05-17 00:29:38,23,r/bestof,2,2018-05-17 03:22:56,6,3,2,0
8jzxj8,2018-05-17 00:29:38,23,r/bestof,2,2018-05-17 03:23:54,7,1,2,0
8jzxj8,2018-05-17 00:29:38,23,r/bestof,2,2018-05-17 04:47:34,8,1,2,0
8jzxj8,2018-05-17 00:29:38,23,r/bestof,2,2018-05-17 04:52:29,9,0,0,0
8jzxj8,2018-05-17 00:29:38,23,r/bestof,2,2018-05-17 04:31:05,7,0,2,0
8jzxj8,2018-05-17 00:29:38,23,r/bestof,2,2018-05-17 04:46:48,7,0,2,0
8jzxj8,2018-05-17 00:29:38,23,r/bestof,2,2018-05-17 03:27:25,5,1,4,0
8jzxj8,2018-05-17 00:29:38,23,r/bestof,2,2018-05-17 03:30:03,6,0,0,0
8jzxj8,2018-05-17 00:29:38,23,r/bestof,2,2018-05-17 03:39:25,5,1,3,0
8jzxj8,2018-05-17 00:29:38,23,r/bestof,2,2018-05-17 03:40:59,6,1,1,0
8jzxj8,2018-05-17 00:29:38,23,r/bestof,2,2018-05-17 03:51:20,7,0,4,0
8jzxj8,2018-05-17 00:29:38,23,r/bestof,2,2018-05-17 02:28:24,3,2,44,0
8jzxj8,2018-05-17 00:29:38,23,r/bestof,2,2018-05-17 04:13:49,4,0,-2,0
8jzxj8,2018-05-17 00:29:38,23,r/bestof,2,2018-05-17 02:45:28,4,1,-6,0
8jzxj8,2018-05-17 00:29:38,23,r/bestof,2,2018-05-17 02:57:41,5,0,16,0
8jzxj8,2018-05-17 00:29:38,23,r/bestof,2,2018-05-17 04:37:17,3,0,1,0
8jzxj8,2018-05-17 00:29:38,23,r/bestof,2,2018-05-17 04:30:14,2,0,1,0
8jzxj8,2018-05-17 00:29:38,23,r/bestof,2,2018-05-17 03:04:09,2,1,-7,0
8jzxj8,2018-05-17 00:29:38,23,r/bestof,2,2018-05-17 03:24:32,3,1,12,0
8jzxj8,2018-05-17 00:29:38,23,r/bestof,2,2018-05-17 04:16:51,4,0,-1,0
8jzxj8,2018-05-17 00:29:38,23,r/bestof,2,2018-05-17 04:46:36,2,0,-2,0
8jzxj8,2018-05-17 00:29:38,23,r/bestof,2,2018-05-17 04:26:13,1,1,6,0
8jzxj8,2018-05-17 00:29:38,23,r/bestof,2,2018-05-17 04:59:41,2,1,3,0
8jzxj8,2018-05-17 00:29:38,23,r/bestof,2,2018-05-17 05:05:02,3,1,1,0
8jzxj8,2018-05-17 00:29:38,23,r/bestof,2,2018-05-17 05:12:29,4,0,0,0
8jzxj8,2018-05-17 00:29:38,23,r/bestof,2,2018-05-17 01:36:34,1,1,97,0
8jzxj8,2018-05-17 00:29:38,23,r/bestof,2,2018-05-17 02:16:09,2,4,77,0
8jzxj8,2018-05-17 00:29:38,23,r/bestof,2,2018-05-17 02:35:25,3,1,35,0
8jzxj8,2018-05-17 00:29:38,23,r/bestof,2,2018-05-17 02:59:18,4,0,9,0
8jzxj8,2018-05-17 00:29:38,23,r/bestof,2,2018-05-17 03:03:55,3,1,21,0
8jzxj8,2018-05-17 00:29:38,23,r/bestof,2,2018-05-17 05:14:09,4,0,1,0
8jzxj8,2018-05-17 00:29:38,23,r/bestof,2,2018-05-17 03:18:50,3,0,4,0
8jzxj8,2018-05-17 00:29:38,23,r/bestof,2,2018-05-17 02:48:26,3,0,-42,0
8jzxj8,2018-05-17 00:29:38,23,r/bestof,2,2018-05-17 02:27:33,1,1,20,0
8jzxj8,2018-05-17 00:29:38,23,r/bestof,2,2018-05-17 03:02:43,2,0,17,0
8jzxj8,2018-05-17 00:29:38,23,r/bestof,2,2018-05-17 03:31:37,1,1,6,0
8jzxj8,2018-05-17 00:29:38,23,r/bestof,2,2018-05-17 04:38:12,2,0,5,0
8jzxj8,2018-05-17 00:29:38,23,r/bestof,2,2018-05-17 02:17:57,1,11,-25,0
8jzxj8,2018-05-17 00:29:38,23,r/bestof,2,2018-05-17 02:40:22,2,0,51,0
8jzxj8,2018-05-17 00:29:38,23,r/bestof,2,2018-05-17 02:39:21,2,0,31,0
8jzxj8,2018-05-17 00:29:38,23,r/bestof,2,2018-05-17 02:35:40,2,1,19,0
8jzxj8,2018-05-17 00:29:38,23,r/bestof,2,2018-05-17 03:01:08,3,1,0,0
8jzxj8,2018-05-17 00:29:38,23,r/bestof,2,2018-05-17 03:06:53,4,0,3,0
8jzxj8,2018-05-17 00:29:38,23,r/bestof,2,2018-05-17 02:43:54,2,1,13,0
8jzxj8,2018-05-17 00:29:38,23,r/bestof,2,2018-05-17 04:23:49,3,0,0,0
8jzxj8,2018-05-17 00:29:38,23,r/bestof,2,2018-05-17 03:09:29,2,0,4,0
8jzxj8,2018-05-17 00:29:38,23,r/bestof,2,2018-05-17 02:43:50,2,0,8,0
8jzxj8,2018-05-17 00:29:38,23,r/bestof,2,2018-05-17 03:35:17,2,0,5,0
8jzxj8,2018-05-17 00:29:38,23,r/bestof,2,2018-05-17 02:42:34,2,0,2,0
8jzxj8,2018-05-17 00:29:38,23,r/bestof,2,2018-05-17 03:59:11,2,0,1,0
8jzxj8,2018-05-17 00:29:38,23,r/bestof,2,2018-05-17 02:22:03,2,1,-18,0
8jzxj8,2018-05-17 00:29:38,23,r/bestof,2,2018-05-17 02:43:06,3,0,-20,0
8jzxj8,2018-05-17 00:29:38,23,r/bestof,2,2018-05-17 02:24:22,2,1,-27,0
8jzxj8,2018-05-17 00:29:38,23,r/bestof,2,2018-05-17 02:50:38,3,0,20,0
8jzxj8,2018-05-17 00:29:38,23,r/bestof,2,2018-05-17 02:17:11,1,0,-12,0
8jzxj8,2018-05-17 00:29:38,23,r/bestof,2,2018-05-17 03:42:31,1,0,-5,0
8jzxj8,2018-05-17 00:29:38,23,r/bestof,2,2018-05-17 03:16:50,1,3,-27,0
8jzxj8,2018-05-17 00:29:38,23,r/bestof,2,2018-05-17 03:24:57,2,0,20,0
8jzxj8,2018-05-17 00:29:38,23,r/bestof,2,2018-05-17 03:33:10,2,0,11,0
8jzxj8,2018-05-17 00:29:38,23,r/bestof,2,2018-05-17 04:39:50,2,0,2,0
8jzxj8,2018-05-17 00:29:38,23,r/bestof,3,2018-05-17 02:46:33,0,3,38,0
8jzxj8,2018-05-17 00:29:38,23,r/bestof,3,2018-05-17 04:32:07,1,1,3,0
8jzxj8,2018-05-17 00:29:38,23,r/bestof,3,2018-05-17 04:41:24,2,0,2,0
8jzxj8,2018-05-17 00:29:38,23,r/bestof,3,2018-05-17 04:41:44,1,0,3,0
8jzxj8,2018-05-17 00:29:38,23,r/bestof,3,2018-05-17 03:48:27,1,0,-20,0
8jzxj8,2018-05-17 00:29:38,23,r/bestof,4,2018-05-17 04:40:17,0,0,12,0
8jzxj8,2018-05-17 00:29:38,23,r/bestof,5,2018-05-17 01:29:19,0,0,92,0
8jzxj8,2018-05-17 00:29:38,23,r/bestof,6,2018-05-17 01:49:38,0,4,268,0
8jzxj8,2018-05-17 00:29:38,23,r/bestof,6,2018-05-17 03:01:12,1,0,35,0
8jzxj8,2018-05-17 00:29:38,23,r/bestof,6,2018-05-17 02:18:49,1,0,56,0
8jzxj8,2018-05-17 00:29:38,23,r/bestof,6,2018-05-17 04:44:32,1,0,2,0
8jzxj8,2018-05-17 00:29:38,23,r/bestof,6,2018-05-17 02:02:32,1,3,-68,0
8jzxj8,2018-05-17 00:29:38,23,r/bestof,6,2018-05-17 02:38:10,2,0,51,0
8jzxj8,2018-05-17 00:29:38,23,r/bestof,6,2018-05-17 03:52:40,2,2,-2,0
8jzxj8,2018-05-17 00:29:38,23,r/bestof,6,2018-05-17 04:08:35,3,1,5,0
8jzxj8,2018-05-17 00:29:38,23,r/bestof,6,2018-05-17 04:09:54,4,2,-2,0
8jzxj8,2018-05-17 00:29:38,23,r/bestof,6,2018-05-17 04:16:50,5,0,4,0
8jzxj8,2018-05-17 00:29:38,23,r/bestof,6,2018-05-17 04:14:41,5,1,2,0
8jzxj8,2018-05-17 00:29:38,23,r/bestof,6,2018-05-17 04:23:52,6,2,0,0
8jzxj8,2018-05-17 00:29:38,23,r/bestof,6,2018-05-17 04:33:31,7,1,3,0
8jzxj8,2018-05-17 00:29:38,23,r/bestof,6,2018-05-17 04:34:32,8,3,3,0
8jzxj8,2018-05-17 00:29:38,23,r/bestof,6,2018-05-17 04:47:33,9,0,2,0
8jzxj8,2018-05-17 00:29:38,23,r/bestof,6,2018-05-17 04:54:09,9,0,2,0
8jzxj8,2018-05-17 00:29:38,23,r/bestof,6,2018-05-17 04:47:20,9,0,3,0
8jzxj8,2018-05-17 00:29:38,23,r/bestof,6,2018-05-17 04:42:17,7,0,1,0
8jzxj8,2018-05-17 00:29:38,23,r/bestof,6,2018-05-17 04:28:54,3,0,1,0
8jzxj8,2018-05-17 00:29:38,23,r/bestof,6,2018-05-17 02:10:54,2,0,-53,0
8jzxj8,2018-05-17 00:29:38,23,r/bestof,7,2018-05-17 01:50:04,0,3,90,0
8jzxj8,2018-05-17 00:29:38,23,r/bestof,7,2018-05-17 04:20:22,1,0,3,0
8jzxj8,2018-05-17 00:29:38,23,r/bestof,7,2018-05-17 04:18:36,1,0,2,0
8jzxj8,2018-05-17 00:29:38,23,r/bestof,7,2018-05-17 04:04:20,1,0,-2,0
8jzxj8,2018-05-17 00:29:38,23,r/bestof,8,2018-05-17 03:39:28,0,0,13,0
8jzxj8,2018-05-17 00:29:38,23,r/bestof,9,2018-05-17 02:13:10,0,0,36,0
8jzxj8,2018-05-17 00:29:38,23,r/bestof,10,2018-05-17 01:43:42,0,0,24,0
8jzxj8,2018-05-17 00:29:38,23,r/bestof,11,2018-05-17 02:08:32,0,0,17,0
8jzxj8,2018-05-17 00:29:38,23,r/bestof,12,2018-05-17 03:12:13,0,0,7,0
8jzxj8,2018-05-17 00:29:38,23,r/bestof,13,2018-05-17 04:14:29,0,1,3,0
8jzxj8,2018-05-17 00:29:38,23,r/bestof,13,2018-05-17 04:55:12,1,0,1,0
8jzxj8,2018-05-17 00:29:38,23,r/bestof,14,2018-05-17 04:09:19,0,0,5,0
8jzxj8,2018-05-17 00:29:38,23,r/bestof,15,2018-05-17 04:05:13,0,0,2,0
8jzxj8,2018-05-17 00:29:38,23,r/bestof,16,2018-05-17 05:13:08,0,0,2,0
8jzxj8,2018-05-17 00:29:38,23,r/bestof,17,2018-05-17 02:57:35,0,0,1,0
8jzxj8,2018-05-17 00:29:38,23,r/bestof,18,2018-05-17 03:03:56,0,2,-8,0
8jzxj8,2018-05-17 00:29:38,23,r/bestof,18,2018-05-17 04:56:53,1,0,2,0
8jzxj8,2018-05-17 00:29:38,23,r/bestof,18,2018-05-17 03:43:02,1,0,-6,0
8jzxj8,2018-05-17 00:29:38,23,r/bestof,19,2018-05-17 02:09:08,0,1,-37,0
8jzxj8,2018-05-17 00:29:38,23,r/bestof,19,2018-05-17 02:39:44,1,1,18,0
8jzxj8,2018-05-17 00:29:38,23,r/bestof,19,2018-05-17 03:09:19,2,1,-21,0
8jzxj8,2018-05-17 00:29:38,23,r/bestof,19,2018-05-17 03:57:57,3,1,10,0
8jzxj8,2018-05-17 00:29:38,23,r/bestof,19,2018-05-17 04:00:50,4,2,-6,0
8jzxj8,2018-05-17 00:29:38,23,r/bestof,19,2018-05-17 04:06:53,5,1,6,0
8jzxj8,2018-05-17 00:29:38,23,r/bestof,19,2018-05-17 04:14:08,6,1,-4,0
8jzxj8,2018-05-17 00:29:38,23,r/bestof,19,2018-05-17 04:16:03,7,2,5,0
8jzxj8,2018-05-17 00:29:38,23,r/bestof,19,2018-05-17 04:24:25,8,0,3,0
8jzxj8,2018-05-17 00:29:38,23,r/bestof,19,2018-05-17 04:17:44,8,1,-5,0
8jzxj8,2018-05-17 00:29:38,23,r/bestof,19,2018-05-17 04:37:52,9,1,4,0
8jzxj8,2018-05-17 00:29:38,23,r/bestof,19,2018-05-17 04:14:51,5,1,3,0
8jzxj8,2018-05-17 00:29:38,23,r/bestof,19,2018-05-17 04:15:53,6,1,-5,0
8jzxj8,2018-05-17 00:29:38,23,r/bestof,19,2018-05-17 04:23:58,7,1,5,0
8jzxj8,2018-05-17 00:29:38,23,r/bestof,19,2018-05-17 04:41:48,8,2,-2,0
8jzxj8,2018-05-17 00:29:38,23,r/bestof,19,2018-05-17 04:44:12,9,0,4,0
8jzxj8,2018-05-17 00:29:38,23,r/bestof,19,2018-05-17 04:47:14,9,0,2,0
8jzxj8,2018-05-17 00:29:38,23,r/bestof,20,2018-05-17 04:57:10,0,0,0,0
8jzxj8,2018-05-17 00:29:38,23,r/bestof,21,2018-05-17 02:07:15,0,0,-52,0
8jzxj8,2018-05-17 00:29:38,23,r/bestof,22,2018-05-17 03:08:40,0,1,-15,0
8jzxj8,2018-05-17 00:29:38,23,r/bestof,22,2018-05-17 03:18:24,1,1,15,0
8jzxj8,2018-05-17 00:29:38,23,r/bestof,22,2018-05-17 03:33:46,2,0,-6,0
8jzxj8,2018-05-17 00:29:38,23,r/bestof,23,2018-05-17 04:21:33,0,1,-2,0
8jzxj8,2018-05-17 00:29:38,23,r/bestof,23,2018-05-17 04:42:17,1,0,1,0
8jzxj8,2018-05-17 00:29:38,23,r/bestof,24,2018-05-17 03:15:18,0,1,-36,0
8jzxj8,2018-05-17 00:29:38,23,r/bestof,24,2018-05-17 03:19:51,1,1,16,0
8jzxj8,2018-05-17 00:29:38,23,r/bestof,24,2018-05-17 03:36:41,2,1,-15,0
8jzxj8,2018-05-17 00:29:38,23,r/bestof,24,2018-05-17 04:02:18,3,1,7,0
8jzxj8,2018-05-17 00:29:38,23,r/bestof,24,2018-05-17 04:14:48,4,0,-5,0
8jzxj8,2018-05-17 00:29:38,23,r/bestof,25,2018-05-17 02:42:33,0,2,-39,0
8jzxj8,2018-05-17 00:29:38,23,r/bestof,25,2018-05-17 03:04:31,1,0,21,0
8jzxj8,2018-05-17 00:29:38,23,r/bestof,25,2018-05-17 03:05:36,1,1,14,0
8jzxj8,2018-05-17 00:29:38,23,r/bestof,25,2018-05-17 04:23:43,2,1,-4,0
8jzxj8,2018-05-17 00:29:38,23,r/bestof,25,2018-05-17 05:03:37,3,0,1,0
8jyuf1,2018-05-16 21:48:59,24,r/Art,0,2018-05-16 22:06:00,0,21,1042,0
8jyuf1,2018-05-16 21:48:59,24,r/Art,0,2018-05-16 22:25:46,1,24,446,0
8jyuf1,2018-05-16 21:48:59,24,r/Art,0,2018-05-17 00:04:26,2,8,361,0
8jyuf1,2018-05-16 21:48:59,24,r/Art,0,2018-05-17 00:06:54,3,3,190,0
8jyuf1,2018-05-16 21:48:59,24,r/Art,0,2018-05-17 02:03:48,4,3,62,0
8jyuf1,2018-05-16 21:48:59,24,r/Art,0,2018-05-17 02:20:22,5,2,134,0
8jyuf1,2018-05-16 21:48:59,24,r/Art,0,2018-05-17 02:43:28,6,0,21,0
8jyuf1,2018-05-16 21:48:59,24,r/Art,0,2018-05-17 03:10:08,6,1,12,0
8jyuf1,2018-05-16 21:48:59,24,r/Art,0,2018-05-17 03:44:16,7,1,-1,0
8jyuf1,2018-05-16 21:48:59,24,r/Art,0,2018-05-17 04:49:24,8,0,2,0
8jyuf1,2018-05-16 21:48:59,24,r/Art,0,2018-05-17 02:40:05,5,0,6,0
8jyuf1,2018-05-16 21:48:59,24,r/Art,0,2018-05-17 04:30:08,5,0,1,0
8jyuf1,2018-05-16 21:48:59,24,r/Art,0,2018-05-17 03:10:31,4,0,2,0
8jyuf1,2018-05-16 21:48:59,24,r/Art,0,2018-05-17 03:41:53,4,0,1,0
8jyuf1,2018-05-16 21:48:59,24,r/Art,0,2018-05-17 01:47:09,3,4,74,0
8jyuf1,2018-05-16 21:48:59,24,r/Art,0,2018-05-17 01:52:19,4,1,24,0
8jyuf1,2018-05-16 21:48:59,24,r/Art,0,2018-05-17 02:46:00,5,1,2,0
8jyuf1,2018-05-16 21:48:59,24,r/Art,0,2018-05-17 02:54:02,6,2,8,0
8jyuf1,2018-05-16 21:48:59,24,r/Art,0,2018-05-17 03:18:11,7,1,16,0
8jyuf1,2018-05-16 21:48:59,24,r/Art,0,2018-05-17 03:36:58,8,0,1,0
8jyuf1,2018-05-16 21:48:59,24,r/Art,0,2018-05-17 04:26:37,7,0,1,0
8jyuf1,2018-05-16 21:48:59,24,r/Art,0,2018-05-17 03:44:13,4,0,3,0
8jyuf1,2018-05-16 21:48:59,24,r/Art,0,2018-05-17 01:48:24,4,0,6,0
8jyuf1,2018-05-16 21:48:59,24,r/Art,0,2018-05-17 01:51:10,4,1,-5,0
8jyuf1,2018-05-16 21:48:59,24,r/Art,0,2018-05-17 02:31:03,5,0,6,0
8jyuf1,2018-05-16 21:48:59,24,r/Art,0,2018-05-17 02:18:30,3,1,15,0
8jyuf1,2018-05-16 21:48:59,24,r/Art,0,2018-05-17 02:41:29,4,0,3,0
8jyuf1,2018-05-16 21:48:59,24,r/Art,0,2018-05-17 02:03:54,3,1,20,0
8jyuf1,2018-05-16 21:48:59,24,r/Art,0,2018-05-17 02:28:30,4,3,15,0
8jyuf1,2018-05-16 21:48:59,24,r/Art,0,2018-05-17 03:16:36,5,0,7,0
8jyuf1,2018-05-16 21:48:59,24,r/Art,0,2018-05-17 02:39:53,5,1,5,0
8jyuf1,2018-05-16 21:48:59,24,r/Art,0,2018-05-17 02:43:07,6,0,1,0
8jyuf1,2018-05-16 21:48:59,24,r/Art,0,2018-05-17 02:56:02,5,1,0,0
8jyuf1,2018-05-16 21:48:59,24,r/Art,0,2018-05-17 03:18:14,6,0,6,0
8jyuf1,2018-05-16 21:48:59,24,r/Art,0,2018-05-17 01:16:57,3,1,6,0
8jyuf1,2018-05-16 21:48:59,24,r/Art,0,2018-05-17 01:22:11,4,0,6,0
8jyuf1,2018-05-16 21:48:59,24,r/Art,0,2018-05-17 02:43:09,3,1,1,0
8jyuf1,2018-05-16 21:48:59,24,r/Art,0,2018-05-17 02:50:41,4,0,1,0
8jyuf1,2018-05-16 21:48:59,24,r/Art,0,2018-05-17 02:50:37,3,1,1,0
8jyuf1,2018-05-16 21:48:59,24,r/Art,0,2018-05-17 02:51:07,4,0,3,0
8jyuf1,2018-05-16 21:48:59,24,r/Art,0,2018-05-17 04:27:17,3,1,1,0
8jyuf1,2018-05-16 21:48:59,24,r/Art,0,2018-05-17 04:28:15,4,0,1,0
8jyuf1,2018-05-16 21:48:59,24,r/Art,0,2018-05-16 23:01:16,2,0,20,0
8jyuf1,2018-05-16 21:48:59,24,r/Art,0,2018-05-17 03:00:40,2,0,7,0
8jyuf1,2018-05-16 21:48:59,24,r/Art,0,2018-05-17 00:42:22,2,0,3,0
8jyuf1,2018-05-16 21:48:59,24,r/Art,0,2018-05-17 01:17:59,2,0,4,0
8jyuf1,2018-05-16 21:48:59,24,r/Art,0,2018-05-17 01:49:29,2,0,3,0
8jyuf1,2018-05-16 21:48:59,24,r/Art,0,2018-05-17 02:38:33,2,0,2,0
8jyuf1,2018-05-16 21:48:59,24,r/Art,0,2018-05-17 03:12:11,2,1,2,0
8jyuf1,2018-05-16 21:48:59,24,r/Art,0,2018-05-17 03:46:34,3,0,1,0
8jyuf1,2018-05-16 21:48:59,24,r/Art,0,2018-05-17 02:13:13,2,0,1,0
8jyuf1,2018-05-16 21:48:59,24,r/Art,0,2018-05-17 02:27:18,2,0,1,0
8jyuf1,2018-05-16 21:48:59,24,r/Art,0,2018-05-17 02:50:40,2,0,1,0
8jyuf1,2018-05-16 21:48:59,24,r/Art,0,2018-05-17 02:53:22,2,0,1,0
8jyuf1,2018-05-16 21:48:59,24,r/Art,0,2018-05-17 02:54:10,2,0,1,0
8jyuf1,2018-05-16 21:48:59,24,r/Art,0,2018-05-17 03:12:18,2,0,1,0
8jyuf1,2018-05-16 21:48:59,24,r/Art,0,2018-05-17 03:20:23,2,0,1,0
8jyuf1,2018-05-16 21:48:59,24,r/Art,0,2018-05-17 03:31:07,2,0,1,0
8jyuf1,2018-05-16 21:48:59,24,r/Art,0,2018-05-17 03:32:15,2,0,1,0
8jyuf1,2018-05-16 21:48:59,24,r/Art,0,2018-05-17 03:36:55,2,0,1,0
8jyuf1,2018-05-16 21:48:59,24,r/Art,0,2018-05-17 03:41:14,2,0,1,0
8jyuf1,2018-05-16 21:48:59,24,r/Art,0,2018-05-17 04:15:08,2,0,1,0
8jyuf1,2018-05-16 21:48:59,24,r/Art,0,2018-05-17 04:33:00,2,0,1,0
8jyuf1,2018-05-16 21:48:59,24,r/Art,0,2018-05-17 04:55:58,2,0,1,0
8jyuf1,2018-05-16 21:48:59,24,r/Art,0,2018-05-17 02:46:01,2,0,1,0
8jyuf1,2018-05-16 21:48:59,24,r/Art,0,2018-05-17 01:34:12,2,0,0,0
8jyuf1,2018-05-16 21:48:59,24,r/Art,0,2018-05-17 00:56:29,1,2,66,0
8jyuf1,2018-05-16 21:48:59,24,r/Art,0,2018-05-17 02:08:34,2,0,6,0
8jyuf1,2018-05-16 21:48:59,24,r/Art,0,2018-05-17 03:43:34,2,0,1,0
8jyuf1,2018-05-16 21:48:59,24,r/Art,0,2018-05-16 23:47:46,1,3,159,0
8jyuf1,2018-05-16 21:48:59,24,r/Art,0,2018-05-17 01:06:10,2,2,104,0
8jyuf1,2018-05-16 21:48:59,24,r/Art,0,2018-05-17 01:55:59,3,4,42,0
8jyuf1,2018-05-16 21:48:59,24,r/Art,0,2018-05-17 02:37:42,4,0,22,0
8jyuf1,2018-05-16 21:48:59,24,r/Art,0,2018-05-17 03:17:32,4,1,11,0
8jyuf1,2018-05-16 21:48:59,24,r/Art,0,2018-05-17 03:48:36,5,0,6,0
8jyuf1,2018-05-16 21:48:59,24,r/Art,0,2018-05-17 03:53:35,4,0,5,0
8jyuf1,2018-05-16 21:48:59,24,r/Art,0,2018-05-17 03:41:45,4,0,2,0
8jyuf1,2018-05-16 21:48:59,24,r/Art,0,2018-05-17 02:25:44,3,0,6,0
8jyuf1,2018-05-16 21:48:59,24,r/Art,0,2018-05-17 00:50:40,2,0,32,0
8jyuf1,2018-05-16 21:48:59,24,r/Art,0,2018-05-17 00:54:05,2,1,5,0
8jyuf1,2018-05-16 21:48:59,24,r/Art,0,2018-05-17 01:30:28,3,0,20,0
8jyuf1,2018-05-16 21:48:59,24,r/Art,0,2018-05-17 01:26:40,1,0,14,0
8jyuf1,2018-05-16 21:48:59,24,r/Art,0,2018-05-17 02:32:17,1,0,5,0
8jyuf1,2018-05-16 21:48:59,24,r/Art,0,2018-05-17 01:23:21,1,0,5,0
8jyuf1,2018-05-16 21:48:59,24,r/Art,0,2018-05-16 22:12:36,1,0,5,0
8jyuf1,2018-05-16 21:48:59,24,r/Art,0,2018-05-17 01:42:42,1,0,2,0
8jyuf1,2018-05-16 21:48:59,24,r/Art,0,2018-05-17 02:36:44,1,0,2,0
8jyuf1,2018-05-16 21:48:59,24,r/Art,0,2018-05-16 23:44:16,1,0,3,0
8jyuf1,2018-05-16 21:48:59,24,r/Art,0,2018-05-17 02:36:33,1,0,1,0
8jyuf1,2018-05-16 21:48:59,24,r/Art,0,2018-05-17 02:57:39,1,0,1,0
8jyuf1,2018-05-16 21:48:59,24,r/Art,0,2018-05-17 03:01:47,1,0,1,0
8jyuf1,2018-05-16 21:48:59,24,r/Art,0,2018-05-17 03:12:45,1,0,1,0
8jyuf1,2018-05-16 21:48:59,24,r/Art,0,2018-05-17 03:21:57,1,0,1,0
8jyuf1,2018-05-16 21:48:59,24,r/Art,0,2018-05-17 03:39:36,1,0,1,0
8jyuf1,2018-05-16 21:48:59,24,r/Art,0,2018-05-17 04:27:14,1,0,1,0
8jyuf1,2018-05-16 21:48:59,24,r/Art,0,2018-05-17 05:00:10,1,0,1,0
8jyuf1,2018-05-16 21:48:59,24,r/Art,0,2018-05-17 01:59:17,1,0,1,0
8jyuf1,2018-05-16 21:48:59,24,r/Art,0,2018-05-17 01:40:37,1,0,1,0
8jyuf1,2018-05-16 21:48:59,24,r/Art,0,2018-05-17 01:37:26,1,0,-2,0
8jyuf1,2018-05-16 21:48:59,24,r/Art,1,2018-05-16 23:32:43,0,4,72,0
8jyuf1,2018-05-16 21:48:59,24,r/Art,1,2018-05-16 23:38:59,1,0,15,0
8jyuf1,2018-05-16 21:48:59,24,r/Art,1,2018-05-17 02:25:33,1,1,5,0
8jyuf1,2018-05-16 21:48:59,24,r/Art,1,2018-05-17 03:11:13,2,0,1,0
8jyuf1,2018-05-16 21:48:59,24,r/Art,1,2018-05-17 01:32:53,1,0,2,0
8jyuf1,2018-05-16 21:48:59,24,r/Art,1,2018-05-17 04:18:32,1,0,1,0
8jyuf1,2018-05-16 21:48:59,24,r/Art,2,2018-05-17 00:50:41,0,1,56,0
8jyuf1,2018-05-16 21:48:59,24,r/Art,2,2018-05-17 02:31:45,1,1,17,0
8jyuf1,2018-05-16 21:48:59,24,r/Art,2,2018-05-17 03:19:35,2,1,1,0
8jyuf1,2018-05-16 21:48:59,24,r/Art,2,2018-05-17 04:05:13,3,0,1,0
8jyuf1,2018-05-16 21:48:59,24,r/Art,3,2018-05-16 22:49:07,0,3,44,0
8jyuf1,2018-05-16 21:48:59,24,r/Art,3,2018-05-16 22:52:49,1,1,46,0
8jyuf1,2018-05-16 21:48:59,24,r/Art,3,2018-05-17 01:51:10,2,1,12,0
8jyuf1,2018-05-16 21:48:59,24,r/Art,3,2018-05-17 03:23:39,3,0,5,0
8jyuf1,2018-05-16 21:48:59,24,r/Art,3,2018-05-17 02:37:07,1,0,5,0
8jyuf1,2018-05-16 21:48:59,24,r/Art,3,2018-05-17 02:44:25,1,0,8,0
8jyuf1,2018-05-16 21:48:59,24,r/Art,4,2018-05-17 00:15:38,0,1,19,0
8jyuf1,2018-05-16 21:48:59,24,r/Art,4,2018-05-17 00:39:35,1,0,1,0
8jyuf1,2018-05-16 21:48:59,24,r/Art,5,2018-05-16 23:45:08,0,1,47,0
8jyuf1,2018-05-16 21:48:59,24,r/Art,5,2018-05-16 23:55:03,1,0,41,0
8jyuf1,2018-05-16 21:48:59,24,r/Art,6,2018-05-17 00:26:24,0,1,14,0
8jyuf1,2018-05-16 21:48:59,24,r/Art,6,2018-05-17 00:40:26,1,1,7,0
8jyuf1,2018-05-16 21:48:59,24,r/Art,6,2018-05-17 00:46:52,2,0,8,0
8jyuf1,2018-05-16 21:48:59,24,r/Art,7,2018-05-17 01:26:20,0,0,9,0
8jyuf1,2018-05-16 21:48:59,24,r/Art,8,2018-05-17 00:15:28,0,4,15,0
8jyuf1,2018-05-16 21:48:59,24,r/Art,8,2018-05-17 02:18:05,1,1,5,0
8jyuf1,2018-05-16 21:48:59,24,r/Art,8,2018-05-17 03:21:23,2,0,1,0
8jyuf1,2018-05-16 21:48:59,24,r/Art,8,2018-05-17 01:51:57,1,2,3,0
8jyuf1,2018-05-16 21:48:59,24,r/Art,8,2018-05-17 03:03:46,2,0,2,0
8jyuf1,2018-05-16 21:48:59,24,r/Art,8,2018-05-17 04:49:04,2,0,1,0
8jyuf1,2018-05-16 21:48:59,24,r/Art,8,2018-05-17 03:17:37,1,1,1,0
8jyuf1,2018-05-16 21:48:59,24,r/Art,8,2018-05-17 03:43:45,2,0,1,0
8jyuf1,2018-05-16 21:48:59,24,r/Art,8,2018-05-17 04:28:22,1,0,1,0
8jyuf1,2018-05-16 21:48:59,24,r/Art,9,2018-05-17 00:09:25,0,1,7,0
8jyuf1,2018-05-16 21:48:59,24,r/Art,9,2018-05-17 00:39:20,1,0,17,0
8jyuf1,2018-05-16 21:48:59,24,r/Art,10,2018-05-17 03:06:37,0,1,6,0
8jyuf1,2018-05-16 21:48:59,24,r/Art,10,2018-05-17 03:09:56,1,0,1,0
8jyuf1,2018-05-16 21:48:59,24,r/Art,11,2018-05-17 00:39:53,0,0,6,0
8jyuf1,2018-05-16 21:48:59,24,r/Art,12,2018-05-17 01:57:59,0,1,5,0
8jyuf1,2018-05-16 21:48:59,24,r/Art,12,2018-05-17 04:45:12,1,0,1,0
8jyuf1,2018-05-16 21:48:59,24,r/Art,13,2018-05-17 03:18:54,0,1,5,0
8jyuf1,2018-05-16 21:48:59,24,r/Art,13,2018-05-17 03:36:47,1,0,1,0
8jyuf1,2018-05-16 21:48:59,24,r/Art,14,2018-05-16 23:50:42,0,1,4,0
8jyuf1,2018-05-16 21:48:59,24,r/Art,14,2018-05-16 23:57:02,1,0,1,0
8jyuf1,2018-05-16 21:48:59,24,r/Art,15,2018-05-17 02:40:25,0,0,4,0
8jyuf1,2018-05-16 21:48:59,24,r/Art,16,2018-05-17 00:13:08,0,0,9,0
8jyuf1,2018-05-16 21:48:59,24,r/Art,17,2018-05-16 23:58:55,0,1,3,0
8jyuf1,2018-05-16 21:48:59,24,r/Art,17,2018-05-17 00:07:47,1,1,12,0
8jyuf1,2018-05-16 21:48:59,24,r/Art,17,2018-05-17 00:18:47,2,0,4,0
8jyuf1,2018-05-16 21:48:59,24,r/Art,18,2018-05-17 01:46:04,0,0,3,0
8jyuf1,2018-05-16 21:48:59,24,r/Art,19,2018-05-17 02:07:07,0,0,3,0
8jyuf1,2018-05-16 21:48:59,24,r/Art,20,2018-05-17 00:42:38,0,1,2,0
8jyuf1,2018-05-16 21:48:59,24,r/Art,20,2018-05-17 02:46:48,1,1,2,0
8jyuf1,2018-05-16 21:48:59,24,r/Art,20,2018-05-17 03:02:42,2,0,1,0
8jyuf1,2018-05-16 21:48:59,24,r/Art,21,2018-05-17 02:20:05,0,0,2,0
8jyuf1,2018-05-16 21:48:59,24,r/Art,22,2018-05-17 03:18:50,0,0,2,0
8jyuf1,2018-05-16 21:48:59,24,r/Art,23,2018-05-17 03:35:16,0,0,2,0
8jyuf1,2018-05-16 21:48:59,24,r/Art,24,2018-05-17 03:56:29,0,0,2,0
8jyuf1,2018-05-16 21:48:59,24,r/Art,25,2018-05-17 04:18:00,0,0,2,0
8jyuf1,2018-05-16 21:48:59,24,r/Art,26,2018-05-17 04:49:37,0,1,3,0
8jyuf1,2018-05-16 21:48:59,24,r/Art,26,2018-05-17 05:10:23,1,0,1,0
8jyuf1,2018-05-16 21:48:59,24,r/Art,27,2018-05-17 01:06:32,0,0,1,0
8jyuf1,2018-05-16 21:48:59,24,r/Art,28,2018-05-17 01:07:02,0,0,1,0
8jyuf1,2018-05-16 21:48:59,24,r/Art,29,2018-05-17 01:12:32,0,0,1,0
8jyuf1,2018-05-16 21:48:59,24,r/Art,30,2018-05-17 01:12:33,0,0,1,0
8jyuf1,2018-05-16 21:48:59,24,r/Art,31,2018-05-17 01:17:24,0,2,1,0
8jyuf1,2018-05-16 21:48:59,24,r/Art,31,2018-05-17 01:22:36,1,0,3,0
8jyuf1,2018-05-16 21:48:59,24,r/Art,31,2018-05-17 02:42:14,1,0,2,0
8jyuf1,2018-05-16 21:48:59,24,r/Art,32,2018-05-17 01:20:11,0,0,1,0
8jyuf1,2018-05-16 21:48:59,24,r/Art,33,2018-05-17 01:23:58,0,0,1,0
8jyuf1,2018-05-16 21:48:59,24,r/Art,34,2018-05-17 01:24:19,0,0,1,0
8jyuf1,2018-05-16 21:48:59,24,r/Art,35,2018-05-17 01:29:05,0,0,1,0
8jyuf1,2018-05-16 21:48:59,24,r/Art,36,2018-05-17 01:29:15,0,0,1,0
8jyuf1,2018-05-16 21:48:59,24,r/Art,37,2018-05-17 01:41:47,0,0,1,0
8jyuf1,2018-05-16 21:48:59,24,r/Art,38,2018-05-17 01:43:56,0,0,1,0
8jyuf1,2018-05-16 21:48:59,24,r/Art,39,2018-05-17 01:45:04,0,0,1,0
8jyuf1,2018-05-16 21:48:59,24,r/Art,40,2018-05-17 02:00:06,0,0,1,0
8jyuf1,2018-05-16 21:48:59,24,r/Art,41,2018-05-17 02:03:53,0,0,1,0
8jyuf1,2018-05-16 21:48:59,24,r/Art,42,2018-05-17 02:20:07,0,0,1,0
8jyuf1,2018-05-16 21:48:59,24,r/Art,43,2018-05-17 02:34:33,0,0,1,0
8jyuf1,2018-05-16 21:48:59,24,r/Art,44,2018-05-17 02:39:12,0,0,1,0
8jyuf1,2018-05-16 21:48:59,24,r/Art,45,2018-05-17 02:40:15,0,0,1,0
8jyuf1,2018-05-16 21:48:59,24,r/Art,46,2018-05-17 02:40:15,0,0,1,0
8jyuf1,2018-05-16 21:48:59,24,r/Art,47,2018-05-17 02:43:47,0,0,1,0
8jyuf1,2018-05-16 21:48:59,24,r/Art,48,2018-05-17 02:53:51,0,0,1,0
8jyuf1,2018-05-16 21:48:59,24,r/Art,49,2018-05-17 02:56:59,0,0,1,0
8jyuf1,2018-05-16 21:48:59,24,r/Art,50,2018-05-17 03:04:51,0,0,1,0
8jyuf1,2018-05-16 21:48:59,24,r/Art,51,2018-05-17 03:07:37,0,0,1,0
8jyuf1,2018-05-16 21:48:59,24,r/Art,52,2018-05-17 03:14:50,0,0,1,0
8jyuf1,2018-05-16 21:48:59,24,r/Art,53,2018-05-17 03:17:40,0,0,1,0
8jyuf1,2018-05-16 21:48:59,24,r/Art,54,2018-05-17 03:20:12,0,0,1,0
8jyuf1,2018-05-16 21:48:59,24,r/Art,55,2018-05-17 03:20:44,0,0,1,0
8jyuf1,2018-05-16 21:48:59,24,r/Art,56,2018-05-17 03:21:41,0,0,1,0
8jyuf1,2018-05-16 21:48:59,24,r/Art,57,2018-05-17 03:24:45,0,0,1,0
8jyuf1,2018-05-16 21:48:59,24,r/Art,58,2018-05-17 03:31:37,0,0,1,0
8jyuf1,2018-05-16 21:48:59,24,r/Art,59,2018-05-17 03:32:09,0,0,1,0
8jyuf1,2018-05-16 21:48:59,24,r/Art,60,2018-05-17 04:25:43,0,0,1,0
8jyuf1,2018-05-16 21:48:59,24,r/Art,61,2018-05-17 04:39:41,0,0,1,0
8jyuf1,2018-05-16 21:48:59,24,r/Art,62,2018-05-17 04:47:17,0,0,1,0
8jyuf1,2018-05-16 21:48:59,24,r/Art,63,2018-05-17 04:52:06,0,0,1,0
8jyuf1,2018-05-16 21:48:59,24,r/Art,64,2018-05-17 05:02:17,0,0,1,0
8jyuf1,2018-05-16 21:48:59,24,r/Art,65,2018-05-17 05:02:43,0,0,1,0
8jyuf1,2018-05-16 21:48:59,24,r/Art,66,2018-05-17 05:18:21,0,0,1,0
8jyuf1,2018-05-16 21:48:59,24,r/Art,67,2018-05-17 01:20:48,0,0,1,0
8jyuf1,2018-05-16 21:48:59,24,r/Art,68,2018-05-17 01:22:23,0,0,0,0
8jyuf1,2018-05-16 21:48:59,24,r/Art,69,2018-05-17 03:24:09,0,0,0,0
8k00va,2018-05-17 00:43:35,25,r/StarWars,0,2018-05-17 01:04:27,0,1,182,0
8k00va,2018-05-17 00:43:35,25,r/StarWars,0,2018-05-17 04:48:06,1,1,11,0
8k00va,2018-05-17 00:43:35,25,r/StarWars,0,2018-05-17 05:06:59,2,0,1,0
8k00va,2018-05-17 00:43:35,25,r/StarWars,1,2018-05-17 01:22:31,0,1,135,0
8k00va,2018-05-17 00:43:35,25,r/StarWars,1,2018-05-17 02:53:23,1,2,74,0
8k00va,2018-05-17 00:43:35,25,r/StarWars,1,2018-05-17 04:29:17,2,1,33,0
8k00va,2018-05-17 00:43:35,25,r/StarWars,1,2018-05-17 04:31:01,3,1,20,0
8k00va,2018-05-17 00:43:35,25,r/StarWars,1,2018-05-17 04:59:53,4,1,6,0
8k00va,2018-05-17 00:43:35,25,r/StarWars,1,2018-05-17 05:05:10,5,2,2,0
8k00va,2018-05-17 00:43:35,25,r/StarWars,1,2018-05-17 05:06:08,6,1,1,0
8k00va,2018-05-17 00:43:35,25,r/StarWars,1,2018-05-17 05:08:42,7,1,1,0
8k00va,2018-05-17 00:43:35,25,r/StarWars,1,2018-05-17 05:13:46,8,0,1,0
8k00va,2018-05-17 00:43:35,25,r/StarWars,1,2018-05-17 05:19:49,6,0,1,0
8k00va,2018-05-17 00:43:35,25,r/StarWars,1,2018-05-17 04:31:48,2,0,2,0
8k00va,2018-05-17 00:43:35,25,r/StarWars,2,2018-05-17 01:06:41,0,3,218,0
8k00va,2018-05-17 00:43:35,25,r/StarWars,2,2018-05-17 01:49:55,1,1,44,0
8k00va,2018-05-17 00:43:35,25,r/StarWars,2,2018-05-17 02:08:57,2,2,31,0
8k00va,2018-05-17 00:43:35,25,r/StarWars,2,2018-05-17 02:18:00,3,1,19,0
8k00va,2018-05-17 00:43:35,25,r/StarWars,2,2018-05-17 02:20:58,4,1,16,0
8k00va,2018-05-17 00:43:35,25,r/StarWars,2,2018-05-17 03:16:46,5,2,10,0
8k00va,2018-05-17 00:43:35,25,r/StarWars,2,2018-05-17 04:29:14,6,0,9,0
8k00va,2018-05-17 00:43:35,25,r/StarWars,2,2018-05-17 04:22:14,6,0,8,0
8k00va,2018-05-17 00:43:35,25,r/StarWars,2,2018-05-17 05:00:14,3,0,3,0
8k00va,2018-05-17 00:43:35,25,r/StarWars,2,2018-05-17 04:59:25,1,0,2,0
8k00va,2018-05-17 00:43:35,25,r/StarWars,2,2018-05-17 04:56:08,1,0,1,0
8k00va,2018-05-17 00:43:35,25,r/StarWars,3,2018-05-17 01:59:16,0,1,63,0
8k00va,2018-05-17 00:43:35,25,r/StarWars,3,2018-05-17 04:11:16,1,1,6,0
8k00va,2018-05-17 00:43:35,25,r/StarWars,3,2018-05-17 05:03:28,2,0,3,0
8k00va,2018-05-17 00:43:35,25,r/StarWars,4,2018-05-17 02:27:27,0,1,57,0
8k00va,2018-05-17 00:43:35,25,r/StarWars,4,2018-05-17 04:07:36,1,0,21,0
8k00va,2018-05-17 00:43:35,25,r/StarWars,5,2018-05-17 02:14:07,0,5,19,0
8k00va,2018-05-17 00:43:35,25,r/StarWars,5,2018-05-17 02:23:10,1,1,11,0
8k00va,2018-05-17 00:43:35,25,r/StarWars,5,2018-05-17 05:01:50,2,1,3,0
8k00va,2018-05-17 00:43:35,25,r/StarWars,5,2018-05-17 05:03:42,3,1,-2,0
8k00va,2018-05-17 00:43:35,25,r/StarWars,5,2018-05-17 05:08:20,4,1,1,0
8k00va,2018-05-17 00:43:35,25,r/StarWars,5,2018-05-17 05:11:41,5,0,1,0
8k00va,2018-05-17 00:43:35,25,r/StarWars,5,2018-05-17 04:51:31,1,0,2,0
8k00va,2018-05-17 00:43:35,25,r/StarWars,5,2018-05-17 03:18:56,1,0,3,0
8k00va,2018-05-17 00:43:35,25,r/StarWars,5,2018-05-17 04:49:12,1,0,1,0
8k00va,2018-05-17 00:43:35,25,r/StarWars,5,2018-05-17 05:09:24,1,0,1,0
8k00va,2018-05-17 00:43:35,25,r/StarWars,6,2018-05-17 02:08:07,0,0,14,0
8k00va,2018-05-17 00:43:35,25,r/StarWars,7,2018-05-17 04:34:57,0,0,14,0
8k00va,2018-05-17 00:43:35,25,r/StarWars,8,2018-05-17 00:57:50,0,0,34,0
8k00va,2018-05-17 00:43:35,25,r/StarWars,9,2018-05-17 02:01:35,0,0,6,0
8k00va,2018-05-17 00:43:35,25,r/StarWars,10,2018-05-17 01:46:37,0,0,3,0
8k00va,2018-05-17 00:43:35,25,r/StarWars,11,2018-05-17 03:22:40,0,0,3,0
8k00va,2018-05-17 00:43:35,25,r/StarWars,12,2018-05-17 03:44:58,0,0,3,0
8k00va,2018-05-17 00:43:35,25,r/StarWars,13,2018-05-17 01:07:38,0,1,2,0
8k00va,2018-05-17 00:43:35,25,r/StarWars,13,2018-05-17 04:25:19,1,0,1,0
8k00va,2018-05-17 00:43:35,25,r/StarWars,14,2018-05-17 02:57:16,0,0,3,0
8k00va,2018-05-17 00:43:35,25,r/StarWars,15,2018-05-17 03:21:07,0,1,3,0
8k00va,2018-05-17 00:43:35,25,r/StarWars,15,2018-05-17 04:53:08,1,1,2,0
8k00va,2018-05-17 00:43:35,25,r/StarWars,15,2018-05-17 05:06:11,2,0,1,0
8k00va,2018-05-17 00:43:35,25,r/StarWars,16,2018-05-17 03:57:27,0,0,2,0
8k00va,2018-05-17 00:43:35,25,r/StarWars,17,2018-05-17 04:25:40,0,0,3,0
8k00va,2018-05-17 00:43:35,25,r/StarWars,18,2018-05-17 02:08:44,0,0,2,0
8k00va,2018-05-17 00:43:35,25,r/StarWars,19,2018-05-17 04:24:44,0,0,2,0
8k00va,2018-05-17 00:43:35,25,r/StarWars,20,2018-05-17 04:27:13,0,0,2,0
8k00va,2018-05-17 00:43:35,25,r/StarWars,21,2018-05-17 03:31:06,0,0,2,0
8k00va,2018-05-17 00:43:35,25,r/StarWars,22,2018-05-17 01:27:33,0,0,1,0
8k00va,2018-05-17 00:43:35,25,r/StarWars,23,2018-05-17 02:02:49,0,1,1,0
8k00va,2018-05-17 00:43:35,25,r/StarWars,23,2018-05-17 03:48:05,1,0,1,0
8k00va,2018-05-17 00:43:35,25,r/StarWars,24,2018-05-17 04:59:23,0,0,1,0
8k00va,2018-05-17 00:43:35,25,r/StarWars,25,2018-05-17 05:01:01,0,0,1,0
8k00va,2018-05-17 00:43:35,25,r/StarWars,26,2018-05-17 05:04:26,0,0,1,0
8k00va,2018-05-17 00:43:35,25,r/StarWars,27,2018-05-17 05:05:04,0,0,1,0
8k00va,2018-05-17 00:43:35,25,r/StarWars,28,2018-05-17 05:05:40,0,0,1,0
8k00va,2018-05-17 00:43:35,25,r/StarWars,29,2018-05-17 05:08:10,0,0,1,0
8k00va,2018-05-17 00:43:35,25,r/StarWars,30,2018-05-17 05:09:32,0,0,1,0
8k00va,2018-05-17 00:43:35,25,r/StarWars,31,2018-05-17 05:19:53,0,0,1,0
8k00va,2018-05-17 00:43:35,25,r/StarWars,32,2018-05-17 03:13:21,0,0,1,0
8k00va,2018-05-17 00:43:35,25,r/StarWars,33,2018-05-17 03:14:06,0,0,1,0
8k00va,2018-05-17 00:43:35,25,r/StarWars,34,2018-05-17 03:32:25,0,0,1,0
8k00va,2018-05-17 00:43:35,25,r/StarWars,35,2018-05-17 03:35:52,0,0,1,0
8k00va,2018-05-17 00:43:35,25,r/StarWars,36,2018-05-17 03:36:01,0,0,1,0
8k00va,2018-05-17 00:43:35,25,r/StarWars,37,2018-05-17 04:06:29,0,0,1,0
8k00va,2018-05-17 00:43:35,25,r/StarWars,38,2018-05-17 04:18:47,0,0,1,0
8k00va,2018-05-17 00:43:35,25,r/StarWars,39,2018-05-17 04:19:57,0,0,1,0
8k00va,2018-05-17 00:43:35,25,r/StarWars,40,2018-05-17 04:23:44,0,0,1,0
8k00va,2018-05-17 00:43:35,25,r/StarWars,41,2018-05-17 04:24:02,0,0,1,0
8k00va,2018-05-17 00:43:35,25,r/StarWars,42,2018-05-17 04:24:23,0,0,1,0
8k00va,2018-05-17 00:43:35,25,r/StarWars,43,2018-05-17 04:04:00,0,0,-1,0
8k00va,2018-05-17 00:43:35,25,r/StarWars,44,2018-05-17 05:08:16,0,0,1,0
8jza0b,2018-05-16 22:51:47,26,r/BlackPeopleTwitter,0,2018-05-16 23:00:50,0,25,1362,0
8jza0b,2018-05-16 22:51:47,26,r/BlackPeopleTwitter,0,2018-05-16 23:09:02,1,2,731,0
8jza0b,2018-05-16 22:51:47,26,r/BlackPeopleTwitter,0,2018-05-17 00:05:06,2,4,290,0
8jza0b,2018-05-16 22:51:47,26,r/BlackPeopleTwitter,0,2018-05-17 00:44:44,3,1,121,0
8jza0b,2018-05-16 22:51:47,26,r/BlackPeopleTwitter,0,2018-05-17 03:50:25,4,0,27,0
8jza0b,2018-05-16 22:51:47,26,r/BlackPeopleTwitter,0,2018-05-17 04:51:52,3,1,4,0
8jza0b,2018-05-16 22:51:47,26,r/BlackPeopleTwitter,0,2018-05-17 05:01:20,4,0,1,0
8jza0b,2018-05-16 22:51:47,26,r/BlackPeopleTwitter,0,2018-05-17 04:29:37,3,0,1,0
8jza0b,2018-05-16 22:51:47,26,r/BlackPeopleTwitter,0,2018-05-17 05:16:59,3,0,1,0
8jza0b,2018-05-16 22:51:47,26,r/BlackPeopleTwitter,0,2018-05-17 04:16:53,2,5,-29,0
8jza0b,2018-05-16 22:51:47,26,r/BlackPeopleTwitter,0,2018-05-17 04:20:30,3,1,22,0
8jza0b,2018-05-16 22:51:47,26,r/BlackPeopleTwitter,0,2018-05-17 04:27:21,4,5,-14,0
8jza0b,2018-05-16 22:51:47,26,r/BlackPeopleTwitter,0,2018-05-17 04:31:51,5,1,11,0
8jza0b,2018-05-16 22:51:47,26,r/BlackPeopleTwitter,0,2018-05-17 04:37:28,6,0,-6,0
8jza0b,2018-05-16 22:51:47,26,r/BlackPeopleTwitter,0,2018-05-17 04:33:00,5,0,7,0
8jza0b,2018-05-16 22:51:47,26,r/BlackPeopleTwitter,0,2018-05-17 04:45:48,5,0,4,0
8jza0b,2018-05-16 22:51:47,26,r/BlackPeopleTwitter,0,2018-05-17 04:31:56,5,0,3,0
8jza0b,2018-05-16 22:51:47,26,r/BlackPeopleTwitter,0,2018-05-17 04:33:04,5,0,2,0
8jza0b,2018-05-16 22:51:47,26,r/BlackPeopleTwitter,0,2018-05-17 04:27:20,3,0,8,0
8jza0b,2018-05-16 22:51:47,26,r/BlackPeopleTwitter,0,2018-05-17 04:30:44,3,0,5,0
8jza0b,2018-05-16 22:51:47,26,r/BlackPeopleTwitter,0,2018-05-17 04:40:52,3,1,4,0
8jza0b,2018-05-16 22:51:47,26,r/BlackPeopleTwitter,0,2018-05-17 04:47:26,4,0,-4,0
8jza0b,2018-05-16 22:51:47,26,r/BlackPeopleTwitter,0,2018-05-17 05:02:28,3,1,2,0
8jza0b,2018-05-16 22:51:47,26,r/BlackPeopleTwitter,0,2018-05-17 05:11:45,4,0,1,0
8jza0b,2018-05-16 22:51:47,26,r/BlackPeopleTwitter,0,2018-05-17 01:04:10,1,3,132,0
8jza0b,2018-05-16 22:51:47,26,r/BlackPeopleTwitter,0,2018-05-17 02:02:28,2,3,82,0
8jza0b,2018-05-16 22:51:47,26,r/BlackPeopleTwitter,0,2018-05-17 03:13:34,3,0,6,0
8jza0b,2018-05-16 22:51:47,26,r/BlackPeopleTwitter,0,2018-05-17 02:57:20,3,2,35,0
8jza0b,2018-05-16 22:51:47,26,r/BlackPeopleTwitter,0,2018-05-17 04:06:09,4,1,18,0
8jza0b,2018-05-16 22:51:47,26,r/BlackPeopleTwitter,0,2018-05-17 04:38:37,5,0,9,0
8jza0b,2018-05-16 22:51:47,26,r/BlackPeopleTwitter,0,2018-05-17 04:40:22,4,3,-5,0
8jza0b,2018-05-16 22:51:47,26,r/BlackPeopleTwitter,0,2018-05-17 04:56:10,5,1,2,0
8jza0b,2018-05-16 22:51:47,26,r/BlackPeopleTwitter,0,2018-05-17 05:02:34,6,0,1,0
8jza0b,2018-05-16 22:51:47,26,r/BlackPeopleTwitter,0,2018-05-17 04:53:48,5,1,1,0
8jza0b,2018-05-16 22:51:47,26,r/BlackPeopleTwitter,0,2018-05-17 05:00:10,6,1,-2,0
8jza0b,2018-05-16 22:51:47,26,r/BlackPeopleTwitter,0,2018-05-17 05:02:07,7,1,1,0
8jza0b,2018-05-16 22:51:47,26,r/BlackPeopleTwitter,0,2018-05-17 05:05:12,8,0,1,0
8jza0b,2018-05-16 22:51:47,26,r/BlackPeopleTwitter,0,2018-05-17 05:07:20,5,0,1,0
8jza0b,2018-05-16 22:51:47,26,r/BlackPeopleTwitter,0,2018-05-17 05:01:49,3,0,1,0
8jza0b,2018-05-16 22:51:47,26,r/BlackPeopleTwitter,0,2018-05-17 01:55:11,2,0,24,0
8jza0b,2018-05-16 22:51:47,26,r/BlackPeopleTwitter,0,2018-05-17 04:19:51,2,0,4,0
8jza0b,2018-05-16 22:51:47,26,r/BlackPeopleTwitter,0,2018-05-17 02:19:52,1,5,66,0
8jza0b,2018-05-16 22:51:47,26,r/BlackPeopleTwitter,0,2018-05-17 04:07:45,2,1,33,0
8jza0b,2018-05-16 22:51:47,26,r/BlackPeopleTwitter,0,2018-05-17 04:27:35,3,2,16,0
8jza0b,2018-05-16 22:51:47,26,r/BlackPeopleTwitter,0,2018-05-17 04:42:36,4,2,-3,0
8jza0b,2018-05-16 22:51:47,26,r/BlackPeopleTwitter,0,2018-05-17 04:55:58,5,0,6,0
8jza0b,2018-05-16 22:51:47,26,r/BlackPeopleTwitter,0,2018-05-17 04:53:31,5,1,5,0
8jza0b,2018-05-16 22:51:47,26,r/BlackPeopleTwitter,0,2018-05-17 05:06:23,6,0,7,0
8jza0b,2018-05-16 22:51:47,26,r/BlackPeopleTwitter,0,2018-05-17 04:46:04,4,1,-3,0
8jza0b,2018-05-16 22:51:47,26,r/BlackPeopleTwitter,0,2018-05-17 04:56:06,5,1,7,0
8jza0b,2018-05-16 22:51:47,26,r/BlackPeopleTwitter,0,2018-05-17 05:14:47,6,0,3,0
8jza0b,2018-05-16 22:51:47,26,r/BlackPeopleTwitter,0,2018-05-17 04:38:39,2,0,14,0
8jza0b,2018-05-16 22:51:47,26,r/BlackPeopleTwitter,0,2018-05-17 03:59:47,2,3,-10,0
8jza0b,2018-05-16 22:51:47,26,r/BlackPeopleTwitter,0,2018-05-17 04:43:20,3,4,3,0
8jza0b,2018-05-16 22:51:47,26,r/BlackPeopleTwitter,0,2018-05-17 05:07:57,4,1,1,0
8jza0b,2018-05-16 22:51:47,26,r/BlackPeopleTwitter,0,2018-05-17 05:09:23,5,0,3,0
8jza0b,2018-05-16 22:51:47,26,r/BlackPeopleTwitter,0,2018-05-17 04:57:30,4,1,0,0
8jza0b,2018-05-16 22:51:47,26,r/BlackPeopleTwitter,0,2018-05-17 05:01:56,5,0,1,0
8jza0b,2018-05-16 22:51:47,26,r/BlackPeopleTwitter,0,2018-05-17 04:58:07,4,0,0,0
8jza0b,2018-05-16 22:51:47,26,r/BlackPeopleTwitter,0,2018-05-17 04:58:47,4,1,-3,0
8jza0b,2018-05-16 22:51:47,26,r/BlackPeopleTwitter,0,2018-05-17 05:12:00,5,0,2,0
8jza0b,2018-05-16 22:51:47,26,r/BlackPeopleTwitter,0,2018-05-17 04:43:20,3,0,1,0
8jza0b,2018-05-16 22:51:47,26,r/BlackPeopleTwitter,0,2018-05-17 04:05:27,3,0,0,0
8jza0b,2018-05-16 22:51:47,26,r/BlackPeopleTwitter,0,2018-05-17 03:46:50,2,1,-11,0
8jza0b,2018-05-16 22:51:47,26,r/BlackPeopleTwitter,0,2018-05-17 04:02:26,3,1,3,0
8jza0b,2018-05-16 22:51:47,26,r/BlackPeopleTwitter,0,2018-05-17 04:11:21,4,2,-6,0
8jza0b,2018-05-16 22:51:47,26,r/BlackPeopleTwitter,0,2018-05-17 04:31:47,5,0,3,0
8jza0b,2018-05-16 22:51:47,26,r/BlackPeopleTwitter,0,2018-05-17 04:34:07,5,0,4,0
8jza0b,2018-05-16 22:51:47,26,r/BlackPeopleTwitter,0,2018-05-17 02:33:34,2,1,-14,0
8jza0b,2018-05-16 22:51:47,26,r/BlackPeopleTwitter,0,2018-05-17 02:38:00,3,1,21,0
8jza0b,2018-05-16 22:51:47,26,r/BlackPeopleTwitter,0,2018-05-17 02:42:21,4,2,-7,0
8jza0b,2018-05-16 22:51:47,26,r/BlackPeopleTwitter,0,2018-05-17 04:04:34,5,1,7,0
8jza0b,2018-05-16 22:51:47,26,r/BlackPeopleTwitter,0,2018-05-17 04:12:24,6,2,0,0
8jza0b,2018-05-16 22:51:47,26,r/BlackPeopleTwitter,0,2018-05-17 04:43:26,7,1,0,0
8jza0b,2018-05-16 22:51:47,26,r/BlackPeopleTwitter,0,2018-05-17 04:46:43,8,1,-2,0
8jza0b,2018-05-16 22:51:47,26,r/BlackPeopleTwitter,0,2018-05-17 04:48:22,9,1,1,0
8jza0b,2018-05-16 22:51:47,26,r/BlackPeopleTwitter,0,2018-05-17 05:00:00,7,1,-1,0
8jza0b,2018-05-16 22:51:47,26,r/BlackPeopleTwitter,0,2018-05-17 05:02:27,8,0,2,0
8jza0b,2018-05-16 22:51:47,26,r/BlackPeopleTwitter,0,2018-05-17 03:12:43,5,1,2,0
8jza0b,2018-05-16 22:51:47,26,r/BlackPeopleTwitter,0,2018-05-17 03:17:24,6,2,2,0
8jza0b,2018-05-16 22:51:47,26,r/BlackPeopleTwitter,0,2018-05-17 04:52:56,7,1,1,0
8jza0b,2018-05-16 22:51:47,26,r/BlackPeopleTwitter,0,2018-05-17 04:59:46,8,1,0,0
8jza0b,2018-05-16 22:51:47,26,r/BlackPeopleTwitter,0,2018-05-17 05:19:05,9,0,1,0
8jza0b,2018-05-16 22:51:47,26,r/BlackPeopleTwitter,0,2018-05-17 03:19:25,7,1,0,0
8jza0b,2018-05-16 22:51:47,26,r/BlackPeopleTwitter,0,2018-05-17 03:41:02,8,2,-2,0
8jza0b,2018-05-16 22:51:47,26,r/BlackPeopleTwitter,0,2018-05-17 04:07:14,9,1,2,0
8jza0b,2018-05-16 22:51:47,26,r/BlackPeopleTwitter,0,2018-05-17 03:54:21,9,1,1,0
8jza0b,2018-05-16 22:51:47,26,r/BlackPeopleTwitter,0,2018-05-17 00:28:17,1,3,35,0
8jza0b,2018-05-16 22:51:47,26,r/BlackPeopleTwitter,0,2018-05-17 01:37:50,2,0,23,0
8jza0b,2018-05-16 22:51:47,26,r/BlackPeopleTwitter,0,2018-05-17 04:08:20,2,1,-8,0
8jza0b,2018-05-16 22:51:47,26,r/BlackPeopleTwitter,0,2018-05-17 04:16:08,3,1,8,0
8jza0b,2018-05-16 22:51:47,26,r/BlackPeopleTwitter,0,2018-05-17 04:20:27,4,2,-11,0
8jza0b,2018-05-16 22:51:47,26,r/BlackPeopleTwitter,0,2018-05-17 04:44:34,5,1,7,0
8jza0b,2018-05-16 22:51:47,26,r/BlackPeopleTwitter,0,2018-05-17 04:59:14,6,1,-4,0
8jza0b,2018-05-16 22:51:47,26,r/BlackPeopleTwitter,0,2018-05-17 05:06:24,7,0,4,0
8jza0b,2018-05-16 22:51:47,26,r/BlackPeopleTwitter,0,2018-05-17 04:24:37,5,0,6,0
8jza0b,2018-05-16 22:51:47,26,r/BlackPeopleTwitter,0,2018-05-17 04:54:43,2,1,-7,0
8jza0b,2018-05-16 22:51:47,26,r/BlackPeopleTwitter,0,2018-05-17 05:05:57,3,0,2,0
8jza0b,2018-05-16 22:51:47,26,r/BlackPeopleTwitter,0,2018-05-17 04:11:06,1,2,7,0
8jza0b,2018-05-16 22:51:47,26,r/BlackPeopleTwitter,0,2018-05-17 05:03:06,2,0,1,0
8jza0b,2018-05-16 22:51:47,26,r/BlackPeopleTwitter,0,2018-05-17 04:25:00,2,0,0,0
8jza0b,2018-05-16 22:51:47,26,r/BlackPeopleTwitter,0,2018-05-17 01:53:14,1,0,3,0
8jza0b,2018-05-16 22:51:47,26,r/BlackPeopleTwitter,0,2018-05-16 23:04:36,1,0,6,0
8jza0b,2018-05-16 22:51:47,26,r/BlackPeopleTwitter,0,2018-05-17 04:42:03,1,0,2,0
8jza0b,2018-05-16 22:51:47,26,r/BlackPeopleTwitter,0,2018-05-17 00:18:50,1,0,4,0
8jza0b,2018-05-16 22:51:47,26,r/BlackPeopleTwitter,0,2018-05-17 03:58:11,1,1,2,0
8jza0b,2018-05-16 22:51:47,26,r/BlackPeopleTwitter,0,2018-05-17 04:20:14,2,2,-6,0
8jza0b,2018-05-16 22:51:47,26,r/BlackPeopleTwitter,0,2018-05-17 04:41:38,3,1,3,0
8jza0b,2018-05-16 22:51:47,26,r/BlackPeopleTwitter,0,2018-05-17 04:45:50,4,1,0,0
8jza0b,2018-05-16 22:51:47,26,r/BlackPeopleTwitter,0,2018-05-17 04:48:47,5,2,0,0
8jza0b,2018-05-16 22:51:47,26,r/BlackPeopleTwitter,0,2018-05-17 05:03:27,6,0,1,0
8jza0b,2018-05-16 22:51:47,26,r/BlackPeopleTwitter,0,2018-05-17 04:51:43,6,1,0,0
8jza0b,2018-05-16 22:51:47,26,r/BlackPeopleTwitter,0,2018-05-17 05:01:00,7,1,1,0
8jza0b,2018-05-16 22:51:47,26,r/BlackPeopleTwitter,0,2018-05-17 05:07:25,8,0,0,0
8jza0b,2018-05-16 22:51:47,26,r/BlackPeopleTwitter,0,2018-05-17 04:45:33,3,2,3,0
8jza0b,2018-05-16 22:51:47,26,r/BlackPeopleTwitter,0,2018-05-17 04:49:08,4,1,2,0
8jza0b,2018-05-16 22:51:47,26,r/BlackPeopleTwitter,0,2018-05-17 04:51:10,5,2,0,0
8jza0b,2018-05-16 22:51:47,26,r/BlackPeopleTwitter,0,2018-05-17 04:53:16,6,0,2,0
8jza0b,2018-05-16 22:51:47,26,r/BlackPeopleTwitter,0,2018-05-17 05:01:55,6,1,1,0
8jza0b,2018-05-16 22:51:47,26,r/BlackPeopleTwitter,0,2018-05-17 05:08:45,7,0,1,0
8jza0b,2018-05-16 22:51:47,26,r/BlackPeopleTwitter,0,2018-05-17 05:01:08,4,0,1,0
8jza0b,2018-05-16 22:51:47,26,r/BlackPeopleTwitter,0,2018-05-17 04:51:06,1,1,1,0
8jza0b,2018-05-16 22:51:47,26,r/BlackPeopleTwitter,0,2018-05-17 05:05:28,2,0,1,0
8jza0b,2018-05-16 22:51:47,26,r/BlackPeopleTwitter,0,2018-05-17 04:55:30,1,0,1,0
8jza0b,2018-05-16 22:51:47,26,r/BlackPeopleTwitter,0,2018-05-17 05:05:25,1,0,1,0
8jza0b,2018-05-16 22:51:47,26,r/BlackPeopleTwitter,0,2018-05-17 05:10:27,1,0,1,0
8jza0b,2018-05-16 22:51:47,26,r/BlackPeopleTwitter,0,2018-05-17 05:12:06,1,0,1,0
8jza0b,2018-05-16 22:51:47,26,r/BlackPeopleTwitter,0,2018-05-17 05:14:51,1,0,1,0
8jza0b,2018-05-16 22:51:47,26,r/BlackPeopleTwitter,0,2018-05-17 05:19:58,1,0,1,0
8jza0b,2018-05-16 22:51:47,26,r/BlackPeopleTwitter,0,2018-05-17 04:56:11,1,1,1,0
8jza0b,2018-05-16 22:51:47,26,r/BlackPeopleTwitter,0,2018-05-17 05:20:22,2,0,1,0
8jza0b,2018-05-16 22:51:47,26,r/BlackPeopleTwitter,0,2018-05-17 01:48:36,1,0,1,0
8jza0b,2018-05-16 22:51:47,26,r/BlackPeopleTwitter,0,2018-05-17 03:13:04,1,1,1,0
8jza0b,2018-05-16 22:51:47,26,r/BlackPeopleTwitter,0,2018-05-17 04:19:05,2,1,-3,0
8jza0b,2018-05-16 22:51:47,26,r/BlackPeopleTwitter,0,2018-05-17 04:57:17,3,1,1,0
8jza0b,2018-05-16 22:51:47,26,r/BlackPeopleTwitter,0,2018-05-17 05:02:27,4,0,1,0
8jza0b,2018-05-16 22:51:47,26,r/BlackPeopleTwitter,0,2018-05-17 04:52:29,1,0,1,0
8jza0b,2018-05-16 22:51:47,26,r/BlackPeopleTwitter,0,2018-05-17 04:55:20,1,0,0,0
8jza0b,2018-05-16 22:51:47,26,r/BlackPeopleTwitter,0,2018-05-16 23:37:11,1,0,-7,0
8jza0b,2018-05-16 22:51:47,26,r/BlackPeopleTwitter,0,2018-05-17 04:17:04,1,2,-5,0
8jza0b,2018-05-16 22:51:47,26,r/BlackPeopleTwitter,0,2018-05-17 04:50:55,2,1,3,0
8jza0b,2018-05-16 22:51:47,26,r/BlackPeopleTwitter,0,2018-05-17 04:57:26,3,0,1,0
8jza0b,2018-05-16 22:51:47,26,r/BlackPeopleTwitter,0,2018-05-17 04:59:49,2,1,3,0
8jza0b,2018-05-16 22:51:47,26,r/BlackPeopleTwitter,0,2018-05-17 05:11:40,3,0,1,0
8jza0b,2018-05-16 22:51:47,26,r/BlackPeopleTwitter,0,2018-05-17 00:20:05,1,1,-14,0
8jza0b,2018-05-16 22:51:47,26,r/BlackPeopleTwitter,0,2018-05-17 00:41:33,2,0,74,0
8jza0b,2018-05-16 22:51:47,26,r/BlackPeopleTwitter,1,2018-05-16 23:47:51,0,10,418,0
8jza0b,2018-05-16 22:51:47,26,r/BlackPeopleTwitter,1,2018-05-17 00:19:35,1,0,286,0
8jza0b,2018-05-16 22:51:47,26,r/BlackPeopleTwitter,1,2018-05-17 00:36:02,1,2,41,0
8jza0b,2018-05-16 22:51:47,26,r/BlackPeopleTwitter,1,2018-05-17 02:19:31,2,2,17,0
8jza0b,2018-05-16 22:51:47,26,r/BlackPeopleTwitter,1,2018-05-17 03:40:42,3,1,11,0
8jza0b,2018-05-16 22:51:47,26,r/BlackPeopleTwitter,1,2018-05-17 04:56:55,4,0,2,0
8jza0b,2018-05-16 22:51:47,26,r/BlackPeopleTwitter,1,2018-05-17 03:33:59,3,2,25,0
8jza0b,2018-05-16 22:51:47,26,r/BlackPeopleTwitter,1,2018-05-17 04:42:50,4,1,13,0
8jza0b,2018-05-16 22:51:47,26,r/BlackPeopleTwitter,1,2018-05-17 04:51:37,5,0,13,0
8jza0b,2018-05-16 22:51:47,26,r/BlackPeopleTwitter,1,2018-05-17 04:45:10,4,3,6,0
8jza0b,2018-05-16 22:51:47,26,r/BlackPeopleTwitter,1,2018-05-17 04:55:11,5,1,4,0
8jza0b,2018-05-16 22:51:47,26,r/BlackPeopleTwitter,1,2018-05-17 05:04:40,6,1,-1,0
8jza0b,2018-05-16 22:51:47,26,r/BlackPeopleTwitter,1,2018-05-17 05:11:47,7,0,3,0
8jza0b,2018-05-16 22:51:47,26,r/BlackPeopleTwitter,1,2018-05-17 05:07:31,5,0,1,0
8jza0b,2018-05-16 22:51:47,26,r/BlackPeopleTwitter,1,2018-05-17 05:12:50,5,0,1,0
8jza0b,2018-05-16 22:51:47,26,r/BlackPeopleTwitter,1,2018-05-17 00:38:31,2,0,6,0
8jza0b,2018-05-16 22:51:47,26,r/BlackPeopleTwitter,1,2018-05-17 03:14:59,1,3,10,0
8jza0b,2018-05-16 22:51:47,26,r/BlackPeopleTwitter,1,2018-05-17 03:29:33,2,0,7,0
8jza0b,2018-05-16 22:51:47,26,r/BlackPeopleTwitter,1,2018-05-17 04:29:51,2,1,4,0
8jza0b,2018-05-16 22:51:47,26,r/BlackPeopleTwitter,1,2018-05-17 04:31:06,3,0,2,0
8jza0b,2018-05-16 22:51:47,26,r/BlackPeopleTwitter,1,2018-05-17 04:44:03,2,0,0,0
8jza0b,2018-05-16 22:51:47,26,r/BlackPeopleTwitter,1,2018-05-17 02:03:15,1,3,32,0
8jza0b,2018-05-16 22:51:47,26,r/BlackPeopleTwitter,1,2018-05-17 04:37:30,2,2,6,0
8jza0b,2018-05-16 22:51:47,26,r/BlackPeopleTwitter,1,2018-05-17 05:03:25,3,2,2,0
8jza0b,2018-05-16 22:51:47,26,r/BlackPeopleTwitter,1,2018-05-17 05:11:35,4,0,1,0
8jza0b,2018-05-16 22:51:47,26,r/BlackPeopleTwitter,1,2018-05-17 05:10:58,4,0,1,0
8jza0b,2018-05-16 22:51:47,26,r/BlackPeopleTwitter,1,2018-05-17 05:14:24,3,1,0,0
8jza0b,2018-05-16 22:51:47,26,r/BlackPeopleTwitter,1,2018-05-17 05:18:23,4,0,1,0
8jza0b,2018-05-16 22:51:47,26,r/BlackPeopleTwitter,1,2018-05-17 02:34:40,2,2,-9,0
8jza0b,2018-05-16 22:51:47,26,r/BlackPeopleTwitter,1,2018-05-17 04:05:20,3,1,6,0
8jza0b,2018-05-16 22:51:47,26,r/BlackPeopleTwitter,1,2018-05-17 04:10:27,4,2,-6,0
8jza0b,2018-05-16 22:51:47,26,r/BlackPeopleTwitter,1,2018-05-17 04:16:58,5,1,8,0
8jza0b,2018-05-16 22:51:47,26,r/BlackPeopleTwitter,1,2018-05-17 04:19:18,6,1,-5,0
8jza0b,2018-05-16 22:51:47,26,r/BlackPeopleTwitter,1,2018-05-17 04:45:53,7,1,-1,0
8jza0b,2018-05-16 22:51:47,26,r/BlackPeopleTwitter,1,2018-05-17 04:47:37,8,0,-1,0
8jza0b,2018-05-16 22:51:47,26,r/BlackPeopleTwitter,1,2018-05-17 04:15:58,5,0,2,0
8jza0b,2018-05-16 22:51:47,26,r/BlackPeopleTwitter,1,2018-05-17 04:44:37,3,0,0,0
8jza0b,2018-05-16 22:51:47,26,r/BlackPeopleTwitter,1,2018-05-17 04:43:12,2,0,-4,0
8jza0b,2018-05-16 22:51:47,26,r/BlackPeopleTwitter,1,2018-05-17 05:11:52,1,0,1,0
8jza0b,2018-05-16 22:51:47,26,r/BlackPeopleTwitter,1,2018-05-17 03:30:27,1,0,1,0
8jza0b,2018-05-16 22:51:47,26,r/BlackPeopleTwitter,1,2018-05-17 04:35:05,1,0,1,0
8jza0b,2018-05-16 22:51:47,26,r/BlackPeopleTwitter,1,2018-05-17 04:00:42,1,0,-1,0
8jza0b,2018-05-16 22:51:47,26,r/BlackPeopleTwitter,1,2018-05-17 05:03:31,1,0,0,0
8jza0b,2018-05-16 22:51:47,26,r/BlackPeopleTwitter,1,2018-05-17 04:36:28,1,0,-2,0
8jza0b,2018-05-16 22:51:47,26,r/BlackPeopleTwitter,2,2018-05-17 00:00:26,0,2,91,0
8jza0b,2018-05-16 22:51:47,26,r/BlackPeopleTwitter,2,2018-05-17 00:02:44,1,0,46,0
8jza0b,2018-05-16 22:51:47,26,r/BlackPeopleTwitter,2,2018-05-17 02:26:57,1,1,12,0
8jza0b,2018-05-16 22:51:47,26,r/BlackPeopleTwitter,2,2018-05-17 02:54:46,2,1,16,0
8jza0b,2018-05-16 22:51:47,26,r/BlackPeopleTwitter,2,2018-05-17 04:54:19,3,0,2,0
8jza0b,2018-05-16 22:51:47,26,r/BlackPeopleTwitter,3,2018-05-17 01:40:47,0,7,284,0
8jza0b,2018-05-16 22:51:47,26,r/BlackPeopleTwitter,3,2018-05-17 03:26:33,1,2,25,0
8jza0b,2018-05-16 22:51:47,26,r/BlackPeopleTwitter,3,2018-05-17 03:40:26,2,1,34,0
8jza0b,2018-05-16 22:51:47,26,r/BlackPeopleTwitter,3,2018-05-17 04:32:14,3,0,-22,0
8jza0b,2018-05-16 22:51:47,26,r/BlackPeopleTwitter,3,2018-05-17 04:59:56,2,0,1,0
8jza0b,2018-05-16 22:51:47,26,r/BlackPeopleTwitter,3,2018-05-17 01:48:53,1,5,54,0
8jza0b,2018-05-16 22:51:47,26,r/BlackPeopleTwitter,3,2018-05-17 02:04:34,2,1,35,0
8jza0b,2018-05-16 22:51:47,26,r/BlackPeopleTwitter,3,2018-05-17 04:43:54,3,0,12,0
8jza0b,2018-05-16 22:51:47,26,r/BlackPeopleTwitter,3,2018-05-17 03:24:17,2,0,17,0
8jza0b,2018-05-16 22:51:47,26,r/BlackPeopleTwitter,3,2018-05-17 03:11:58,2,0,13,0
8jza0b,2018-05-16 22:51:47,26,r/BlackPeopleTwitter,3,2018-05-17 04:43:51,2,0,1,0
8jza0b,2018-05-16 22:51:47,26,r/BlackPeopleTwitter,3,2018-05-17 05:17:45,2,0,1,0
8jza0b,2018-05-16 22:51:47,26,r/BlackPeopleTwitter,3,2018-05-17 05:05:10,1,1,4,0
8jza0b,2018-05-16 22:51:47,26,r/BlackPeopleTwitter,3,2018-05-17 05:11:58,2,1,3,0
8jza0b,2018-05-16 22:51:47,26,r/BlackPeopleTwitter,3,2018-05-17 05:18:09,3,0,1,0
8jza0b,2018-05-16 22:51:47,26,r/BlackPeopleTwitter,3,2018-05-17 04:52:31,1,1,8,0
8jza0b,2018-05-16 22:51:47,26,r/BlackPeopleTwitter,3,2018-05-17 05:14:18,2,0,2,0
8jza0b,2018-05-16 22:51:47,26,r/BlackPeopleTwitter,3,2018-05-17 04:56:53,1,0,3,0
8jza0b,2018-05-16 22:51:47,26,r/BlackPeopleTwitter,3,2018-05-17 04:13:06,1,0,-7,0
8jza0b,2018-05-16 22:51:47,26,r/BlackPeopleTwitter,3,2018-05-17 03:28:12,1,0,-15,0
8jza0b,2018-05-16 22:51:47,26,r/BlackPeopleTwitter,4,2018-05-17 04:13:42,0,1,36,0
8jza0b,2018-05-16 22:51:47,26,r/BlackPeopleTwitter,4,2018-05-17 04:57:43,1,4,-17,0
8jza0b,2018-05-16 22:51:47,26,r/BlackPeopleTwitter,4,2018-05-17 05:00:54,2,0,8,0
8jza0b,2018-05-16 22:51:47,26,r/BlackPeopleTwitter,4,2018-05-17 05:06:46,2,0,1,0
8jza0b,2018-05-16 22:51:47,26,r/BlackPeopleTwitter,4,2018-05-17 05:19:57,2,0,1,0
8jza0b,2018-05-16 22:51:47,26,r/BlackPeopleTwitter,4,2018-05-17 05:04:50,2,0,0,0
8jza0b,2018-05-16 22:51:47,26,r/BlackPeopleTwitter,5,2018-05-17 01:35:14,0,4,153,0
8jza0b,2018-05-16 22:51:47,26,r/BlackPeopleTwitter,5,2018-05-17 02:05:00,1,3,102,0
8jza0b,2018-05-16 22:51:47,26,r/BlackPeopleTwitter,5,2018-05-17 02:30:13,2,3,29,0
8jza0b,2018-05-16 22:51:47,26,r/BlackPeopleTwitter,5,2018-05-17 03:03:04,3,0,18,0
8jza0b,2018-05-16 22:51:47,26,r/BlackPeopleTwitter,5,2018-05-17 05:03:35,3,2,5,0
8jza0b,2018-05-16 22:51:47,26,r/BlackPeopleTwitter,5,2018-05-17 05:17:04,4,1,1,0
8jza0b,2018-05-16 22:51:47,26,r/BlackPeopleTwitter,5,2018-05-17 05:20:04,5,0,1,0
8jza0b,2018-05-16 22:51:47,26,r/BlackPeopleTwitter,5,2018-05-17 05:15:11,4,0,1,0
8jza0b,2018-05-16 22:51:47,26,r/BlackPeopleTwitter,5,2018-05-17 03:22:29,3,1,0,0
8jza0b,2018-05-16 22:51:47,26,r/BlackPeopleTwitter,5,2018-05-17 05:00:47,4,0,-1,0
8jza0b,2018-05-16 22:51:47,26,r/BlackPeopleTwitter,5,2018-05-17 05:03:45,2,0,1,0
8jza0b,2018-05-16 22:51:47,26,r/BlackPeopleTwitter,5,2018-05-17 04:22:36,2,1,-7,0
8jza0b,2018-05-16 22:51:47,26,r/BlackPeopleTwitter,5,2018-05-17 04:30:41,3,0,10,0
8jza0b,2018-05-16 22:51:47,26,r/BlackPeopleTwitter,5,2018-05-17 04:54:42,1,0,8,0
8jza0b,2018-05-16 22:51:47,26,r/BlackPeopleTwitter,5,2018-05-17 04:46:40,1,4,-10,0
8jza0b,2018-05-16 22:51:47,26,r/BlackPeopleTwitter,5,2018-05-17 04:52:52,2,0,10,0
8jza0b,2018-05-16 22:51:47,26,r/BlackPeopleTwitter,5,2018-05-17 04:56:11,2,0,10,0
8jza0b,2018-05-16 22:51:47,26,r/BlackPeopleTwitter,5,2018-05-17 05:01:08,2,0,5,0
8jza0b,2018-05-16 22:51:47,26,r/BlackPeopleTwitter,5,2018-05-17 05:11:42,2,0,1,0
8jza0b,2018-05-16 22:51:47,26,r/BlackPeopleTwitter,5,2018-05-17 01:48:53,1,1,-25,0
8jza0b,2018-05-16 22:51:47,26,r/BlackPeopleTwitter,5,2018-05-17 01:52:14,2,2,38,0
8jza0b,2018-05-16 22:51:47,26,r/BlackPeopleTwitter,5,2018-05-17 02:50:02,3,1,26,0
8jza0b,2018-05-16 22:51:47,26,r/BlackPeopleTwitter,5,2018-05-17 04:46:37,4,1,0,0
8jza0b,2018-05-16 22:51:47,26,r/BlackPeopleTwitter,5,2018-05-17 04:48:25,5,1,0,0
8jza0b,2018-05-16 22:51:47,26,r/BlackPeopleTwitter,5,2018-05-17 05:02:33,6,2,-3,0
8jza0b,2018-05-16 22:51:47,26,r/BlackPeopleTwitter,5,2018-05-17 05:11:29,7,0,4,0
8jza0b,2018-05-16 22:51:47,26,r/BlackPeopleTwitter,5,2018-05-17 05:16:37,7,0,1,0
8jza0b,2018-05-16 22:51:47,26,r/BlackPeopleTwitter,5,2018-05-17 01:55:07,3,1,-26,0
8jza0b,2018-05-16 22:51:47,26,r/BlackPeopleTwitter,5,2018-05-17 04:46:54,4,0,2,0
8jza0b,2018-05-16 22:51:47,26,r/BlackPeopleTwitter,6,2018-05-16 22:54:12,0,1,87,0
8jza0b,2018-05-16 22:51:47,26,r/BlackPeopleTwitter,6,2018-05-16 23:52:02,1,1,38,0
8jza0b,2018-05-16 22:51:47,26,r/BlackPeopleTwitter,6,2018-05-17 00:19:15,2,0,17,0
8jza0b,2018-05-16 22:51:47,26,r/BlackPeopleTwitter,7,2018-05-17 04:22:26,0,0,13,0
8jza0b,2018-05-16 22:51:47,26,r/BlackPeopleTwitter,8,2018-05-17 04:25:43,0,0,11,0
8jza0b,2018-05-16 22:51:47,26,r/BlackPeopleTwitter,9,2018-05-17 01:40:27,0,1,4,0
8jza0b,2018-05-16 22:51:47,26,r/BlackPeopleTwitter,9,2018-05-17 01:48:17,1,1,8,0
8jza0b,2018-05-16 22:51:47,26,r/BlackPeopleTwitter,9,2018-05-17 01:50:24,2,0,4,0
8jza0b,2018-05-16 22:51:47,26,r/BlackPeopleTwitter,10,2018-05-17 04:30:07,0,0,5,0
8jza0b,2018-05-16 22:51:47,26,r/BlackPeopleTwitter,11,2018-05-16 23:57:44,0,3,53,0
8jza0b,2018-05-16 22:51:47,26,r/BlackPeopleTwitter,11,2018-05-17 04:34:06,1,0,17,0
8jza0b,2018-05-16 22:51:47,26,r/BlackPeopleTwitter,11,2018-05-17 03:24:28,1,0,0,0
8jza0b,2018-05-16 22:51:47,26,r/BlackPeopleTwitter,11,2018-05-17 05:07:03,1,1,1,0
8jza0b,2018-05-16 22:51:47,26,r/BlackPeopleTwitter,11,2018-05-17 05:15:46,2,1,1,0
8jza0b,2018-05-16 22:51:47,26,r/BlackPeopleTwitter,11,2018-05-17 05:16:28,3,0,1,0
8jza0b,2018-05-16 22:51:47,26,r/BlackPeopleTwitter,12,2018-05-17 03:36:28,0,2,33,0
8jza0b,2018-05-16 22:51:47,26,r/BlackPeopleTwitter,12,2018-05-17 04:58:48,1,0,5,0
8jza0b,2018-05-16 22:51:47,26,r/BlackPeopleTwitter,12,2018-05-17 05:15:13,1,0,0,0
8jza0b,2018-05-16 22:51:47,26,r/BlackPeopleTwitter,13,2018-05-17 04:53:10,0,0,5,0
8jza0b,2018-05-16 22:51:47,26,r/BlackPeopleTwitter,14,2018-05-17 03:41:04,0,2,27,0
8jza0b,2018-05-16 22:51:47,26,r/BlackPeopleTwitter,14,2018-05-17 05:06:50,1,0,2,0
8jza0b,2018-05-16 22:51:47,26,r/BlackPeopleTwitter,14,2018-05-17 04:54:34,1,1,3,0
8jza0b,2018-05-16 22:51:47,26,r/BlackPeopleTwitter,14,2018-05-17 05:07:43,2,0,1,0
8jza0b,2018-05-16 22:51:47,26,r/BlackPeopleTwitter,15,2018-05-17 03:29:54,0,0,15,0
8jza0b,2018-05-16 22:51:47,26,r/BlackPeopleTwitter,16,2018-05-17 02:01:49,0,0,3,0
8jza0b,2018-05-16 22:51:47,26,r/BlackPeopleTwitter,17,2018-05-17 04:51:33,0,0,4,0
8jza0b,2018-05-16 22:51:47,26,r/BlackPeopleTwitter,18,2018-05-17 03:57:40,0,1,5,0
8jza0b,2018-05-16 22:51:47,26,r/BlackPeopleTwitter,18,2018-05-17 04:20:09,1,0,2,0
8jza0b,2018-05-16 22:51:47,26,r/BlackPeopleTwitter,19,2018-05-16 23:35:49,0,1,16,0
8jza0b,2018-05-16 22:51:47,26,r/BlackPeopleTwitter,19,2018-05-17 00:01:08,1,0,8,0
8jza0b,2018-05-16 22:51:47,26,r/BlackPeopleTwitter,20,2018-05-17 01:29:18,0,2,13,0
8jza0b,2018-05-16 22:51:47,26,r/BlackPeopleTwitter,20,2018-05-17 01:44:01,1,2,20,0
8jza0b,2018-05-16 22:51:47,26,r/BlackPeopleTwitter,20,2018-05-17 02:19:59,2,1,2,0
8jza0b,2018-05-16 22:51:47,26,r/BlackPeopleTwitter,20,2018-05-17 02:42:13,3,1,0,0
8jza0b,2018-05-16 22:51:47,26,r/BlackPeopleTwitter,20,2018-05-17 04:41:10,4,1,1,0
8jza0b,2018-05-16 22:51:47,26,r/BlackPeopleTwitter,20,2018-05-17 04:54:22,5,0,1,0
8jza0b,2018-05-16 22:51:47,26,r/BlackPeopleTwitter,20,2018-05-17 04:19:06,2,1,-1,0
8jza0b,2018-05-16 22:51:47,26,r/BlackPeopleTwitter,20,2018-05-17 04:42:44,3,1,3,0
8jza0b,2018-05-16 22:51:47,26,r/BlackPeopleTwitter,20,2018-05-17 04:53:57,4,0,1,0
8jza0b,2018-05-16 22:51:47,26,r/BlackPeopleTwitter,20,2018-05-17 03:50:54,1,0,1,0
8jza0b,2018-05-16 22:51:47,26,r/BlackPeopleTwitter,21,2018-05-17 03:04:33,0,0,5,0
8jza0b,2018-05-16 22:51:47,26,r/BlackPeopleTwitter,22,2018-05-17 03:29:29,0,0,9,0
8jza0b,2018-05-16 22:51:47,26,r/BlackPeopleTwitter,23,2018-05-17 01:56:07,0,1,10,0
8jza0b,2018-05-16 22:51:47,26,r/BlackPeopleTwitter,23,2018-05-17 04:59:01,1,0,2,0
8jza0b,2018-05-16 22:51:47,26,r/BlackPeopleTwitter,24,2018-05-17 05:05:38,0,1,3,0
8jza0b,2018-05-16 22:51:47,26,r/BlackPeopleTwitter,24,2018-05-17 05:06:51,1,0,-2,0
8jza0b,2018-05-16 22:51:47,26,r/BlackPeopleTwitter,25,2018-05-17 05:09:50,0,0,3,0
8jza0b,2018-05-16 22:51:47,26,r/BlackPeopleTwitter,26,2018-05-16 23:46:06,0,1,8,0
8jza0b,2018-05-16 22:51:47,26,r/BlackPeopleTwitter,26,2018-05-17 04:35:19,1,0,9,0
8jza0b,2018-05-16 22:51:47,26,r/BlackPeopleTwitter,27,2018-05-17 02:51:19,0,1,5,0
8jza0b,2018-05-16 22:51:47,26,r/BlackPeopleTwitter,27,2018-05-17 03:31:04,1,1,-4,0
8jza0b,2018-05-16 22:51:47,26,r/BlackPeopleTwitter,27,2018-05-17 04:47:16,2,0,6,0
8jza0b,2018-05-16 22:51:47,26,r/BlackPeopleTwitter,28,2018-05-17 03:02:33,0,1,6,0
8jza0b,2018-05-16 22:51:47,26,r/BlackPeopleTwitter,28,2018-05-17 05:09:44,1,0,2,0
8jza0b,2018-05-16 22:51:47,26,r/BlackPeopleTwitter,29,2018-05-17 01:49:17,0,1,4,0
8jza0b,2018-05-16 22:51:47,26,r/BlackPeopleTwitter,29,2018-05-17 04:55:23,1,0,0,0
8jza0b,2018-05-16 22:51:47,26,r/BlackPeopleTwitter,30,2018-05-17 01:32:23,0,0,4,0
8jza0b,2018-05-16 22:51:47,26,r/BlackPeopleTwitter,31,2018-05-17 00:58:18,0,6,-7,0
8jza0b,2018-05-16 22:51:47,26,r/BlackPeopleTwitter,31,2018-05-17 01:12:13,1,1,14,0
8jza0b,2018-05-16 22:51:47,26,r/BlackPeopleTwitter,31,2018-05-17 01:25:09,2,2,-9,0
8jza0b,2018-05-16 22:51:47,26,r/BlackPeopleTwitter,31,2018-05-17 02:34:50,3,1,2,0
8jza0b,2018-05-16 22:51:47,26,r/BlackPeopleTwitter,31,2018-05-17 02:45:17,4,0,3,0
8jza0b,2018-05-16 22:51:47,26,r/BlackPeopleTwitter,31,2018-05-17 02:36:56,3,1,1,0
8jza0b,2018-05-16 22:51:47,26,r/BlackPeopleTwitter,31,2018-05-17 02:48:21,4,1,1,0
8jza0b,2018-05-16 22:51:47,26,r/BlackPeopleTwitter,31,2018-05-17 02:52:56,5,1,4,0
8jza0b,2018-05-16 22:51:47,26,r/BlackPeopleTwitter,31,2018-05-17 02:58:44,6,1,4,0
8jza0b,2018-05-16 22:51:47,26,r/BlackPeopleTwitter,31,2018-05-17 03:02:54,7,0,4,0
8jza0b,2018-05-16 22:51:47,26,r/BlackPeopleTwitter,31,2018-05-17 01:06:01,1,2,26,0
8jza0b,2018-05-16 22:51:47,26,r/BlackPeopleTwitter,31,2018-05-17 04:40:10,2,1,4,0
8jza0b,2018-05-16 22:51:47,26,r/BlackPeopleTwitter,31,2018-05-17 04:45:35,3,0,2,0
8jza0b,2018-05-16 22:51:47,26,r/BlackPeopleTwitter,31,2018-05-17 01:29:35,2,2,-2,0
8jza0b,2018-05-16 22:51:47,26,r/BlackPeopleTwitter,31,2018-05-17 02:24:52,3,1,7,0
8jza0b,2018-05-16 22:51:47,26,r/BlackPeopleTwitter,31,2018-05-17 04:42:09,4,0,3,0
8jza0b,2018-05-16 22:51:47,26,r/BlackPeopleTwitter,31,2018-05-17 04:58:41,3,1,1,0
8jza0b,2018-05-16 22:51:47,26,r/BlackPeopleTwitter,31,2018-05-17 05:19:18,4,0,1,0
8jza0b,2018-05-16 22:51:47,26,r/BlackPeopleTwitter,31,2018-05-17 05:04:22,1,0,1,0
8jza0b,2018-05-16 22:51:47,26,r/BlackPeopleTwitter,31,2018-05-17 01:05:13,1,1,-19,0
8jza0b,2018-05-16 22:51:47,26,r/BlackPeopleTwitter,31,2018-05-17 04:44:25,2,0,-1,0
8jza0b,2018-05-16 22:51:47,26,r/BlackPeopleTwitter,31,2018-05-17 01:51:59,1,2,-3,0
8jza0b,2018-05-16 22:51:47,26,r/BlackPeopleTwitter,31,2018-05-17 03:18:15,2,1,3,0
8jza0b,2018-05-16 22:51:47,26,r/BlackPeopleTwitter,31,2018-05-17 04:28:57,3,0,0,0
8jza0b,2018-05-16 22:51:47,26,r/BlackPeopleTwitter,31,2018-05-17 01:53:29,2,0,0,0
8jza0b,2018-05-16 22:51:47,26,r/BlackPeopleTwitter,31,2018-05-17 01:52:14,1,1,-3,0
8jza0b,2018-05-16 22:51:47,26,r/BlackPeopleTwitter,31,2018-05-17 02:33:03,2,1,9,0
8jza0b,2018-05-16 22:51:47,26,r/BlackPeopleTwitter,31,2018-05-17 02:47:16,3,1,3,0
8jza0b,2018-05-16 22:51:47,26,r/BlackPeopleTwitter,31,2018-05-17 02:50:52,4,0,2,0
8jza0b,2018-05-16 22:51:47,26,r/BlackPeopleTwitter,32,2018-05-17 01:50:22,0,1,4,0
8jza0b,2018-05-16 22:51:47,26,r/BlackPeopleTwitter,32,2018-05-17 02:47:31,1,0,2,0
8jza0b,2018-05-16 22:51:47,26,r/BlackPeopleTwitter,33,2018-05-17 04:45:43,0,0,1,0
8jza0b,2018-05-16 22:51:47,26,r/BlackPeopleTwitter,34,2018-05-17 04:21:14,0,0,4,0
8jza0b,2018-05-16 22:51:47,26,r/BlackPeopleTwitter,35,2018-05-17 01:15:07,0,1,-3,0
8jza0b,2018-05-16 22:51:47,26,r/BlackPeopleTwitter,35,2018-05-17 03:17:52,1,0,-4,0
8jza0b,2018-05-16 22:51:47,26,r/BlackPeopleTwitter,36,2018-05-17 04:29:58,0,0,1,0
8jza0b,2018-05-16 22:51:47,26,r/BlackPeopleTwitter,37,2018-05-17 04:48:12,0,0,2,0
8jza0b,2018-05-16 22:51:47,26,r/BlackPeopleTwitter,38,2018-05-17 04:50:50,0,0,1,0
8jza0b,2018-05-16 22:51:47,26,r/BlackPeopleTwitter,39,2018-05-17 04:54:20,0,0,2,0
8jza0b,2018-05-16 22:51:47,26,r/BlackPeopleTwitter,40,2018-05-17 04:54:32,0,0,0,0
8jza0b,2018-05-16 22:51:47,26,r/BlackPeopleTwitter,41,2018-05-17 04:58:17,0,0,2,0
8jza0b,2018-05-16 22:51:47,26,r/BlackPeopleTwitter,42,2018-05-17 04:58:26,0,0,0,0
8jza0b,2018-05-16 22:51:47,26,r/BlackPeopleTwitter,43,2018-05-17 05:04:14,0,0,0,0
8jza0b,2018-05-16 22:51:47,26,r/BlackPeopleTwitter,44,2018-05-17 05:05:08,0,0,1,0
8jza0b,2018-05-16 22:51:47,26,r/BlackPeopleTwitter,45,2018-05-17 05:07:35,0,0,2,0
8jza0b,2018-05-16 22:51:47,26,r/BlackPeopleTwitter,46,2018-05-17 05:08:18,0,0,1,0
8jza0b,2018-05-16 22:51:47,26,r/BlackPeopleTwitter,47,2018-05-17 05:08:30,0,0,2,0
8jza0b,2018-05-16 22:51:47,26,r/BlackPeopleTwitter,48,2018-05-17 05:09:14,0,0,1,0
8jza0b,2018-05-16 22:51:47,26,r/BlackPeopleTwitter,49,2018-05-17 05:11:48,0,0,1,0
8jza0b,2018-05-16 22:51:47,26,r/BlackPeopleTwitter,50,2018-05-17 05:12:31,0,0,1,0
8jza0b,2018-05-16 22:51:47,26,r/BlackPeopleTwitter,51,2018-05-17 05:15:58,0,0,1,0
8jza0b,2018-05-16 22:51:47,26,r/BlackPeopleTwitter,52,2018-05-17 05:19:43,0,0,1,0
8jza0b,2018-05-16 22:51:47,26,r/BlackPeopleTwitter,53,2018-05-17 02:01:16,0,0,-1,0
8jza0b,2018-05-16 22:51:47,26,r/BlackPeopleTwitter,54,2018-05-17 05:03:39,0,0,2,0
8jza0b,2018-05-16 22:51:47,26,r/BlackPeopleTwitter,55,2018-05-17 03:00:46,0,0,1,0
8jza0b,2018-05-16 22:51:47,26,r/BlackPeopleTwitter,56,2018-05-17 03:29:52,0,0,1,0
8jza0b,2018-05-16 22:51:47,26,r/BlackPeopleTwitter,57,2018-05-17 03:49:04,0,0,1,0
8jza0b,2018-05-16 22:51:47,26,r/BlackPeopleTwitter,58,2018-05-17 04:49:23,0,0,2,0
8jza0b,2018-05-16 22:51:47,26,r/BlackPeopleTwitter,59,2018-05-17 03:12:28,0,1,1,0
8jza0b,2018-05-16 22:51:47,26,r/BlackPeopleTwitter,59,2018-05-17 04:38:44,1,0,0,0
8jza0b,2018-05-16 22:51:47,26,r/BlackPeopleTwitter,60,2018-05-17 04:13:12,0,1,0,0
8jza0b,2018-05-16 22:51:47,26,r/BlackPeopleTwitter,60,2018-05-17 05:01:39,1,0,1,0
8jza0b,2018-05-16 22:51:47,26,r/BlackPeopleTwitter,61,2018-05-17 04:29:34,0,0,0,0
8jza0b,2018-05-16 22:51:47,26,r/BlackPeopleTwitter,62,2018-05-17 04:33:25,0,0,1,0
8jza0b,2018-05-16 22:51:47,26,r/BlackPeopleTwitter,63,2018-05-17 04:38:46,0,0,0,0
8jza0b,2018-05-16 22:51:47,26,r/BlackPeopleTwitter,64,2018-05-17 04:53:17,0,0,0,0
8jza0b,2018-05-16 22:51:47,26,r/BlackPeopleTwitter,65,2018-05-17 04:57:03,0,0,0,0
8jza0b,2018-05-16 22:51:47,26,r/BlackPeopleTwitter,66,2018-05-17 01:48:29,0,0,1,0
8jza0b,2018-05-16 22:51:47,26,r/BlackPeopleTwitter,67,2018-05-17 02:51:35,0,0,-3,0
8jza0b,2018-05-16 22:51:47,26,r/BlackPeopleTwitter,68,2018-05-17 02:39:10,0,1,-4,0
8jza0b,2018-05-16 22:51:47,26,r/BlackPeopleTwitter,68,2018-05-17 03:18:15,1,2,1,0
8jza0b,2018-05-16 22:51:47,26,r/BlackPeopleTwitter,68,2018-05-17 04:33:48,2,0,1,0
8jza0b,2018-05-16 22:51:47,26,r/BlackPeopleTwitter,68,2018-05-17 04:34:44,2,0,1,0
8jza0b,2018-05-16 22:51:47,26,r/BlackPeopleTwitter,69,2018-05-17 04:17:32,0,0,0,0
8jza0b,2018-05-16 22:51:47,26,r/BlackPeopleTwitter,70,2018-05-17 04:45:13,0,0,1,0
8jza0b,2018-05-16 22:51:47,26,r/BlackPeopleTwitter,71,2018-05-17 03:08:58,0,1,-12,0
8jza0b,2018-05-16 22:51:47,26,r/BlackPeopleTwitter,71,2018-05-17 04:57:23,1,0,2,0
8jza0b,2018-05-16 22:51:47,26,r/BlackPeopleTwitter,72,2018-05-17 01:33:25,0,5,-38,0
8jza0b,2018-05-16 22:51:47,26,r/BlackPeopleTwitter,72,2018-05-17 03:39:57,1,0,4,0
8jza0b,2018-05-16 22:51:47,26,r/BlackPeopleTwitter,72,2018-05-17 01:51:19,1,1,22,0
8jza0b,2018-05-16 22:51:47,26,r/BlackPeopleTwitter,72,2018-05-17 02:09:04,2,2,-4,0
8jza0b,2018-05-16 22:51:47,26,r/BlackPeopleTwitter,72,2018-05-17 02:27:14,3,0,10,0
8jza0b,2018-05-16 22:51:47,26,r/BlackPeopleTwitter,72,2018-05-17 05:17:05,3,0,1,0
8jza0b,2018-05-16 22:51:47,26,r/BlackPeopleTwitter,72,2018-05-17 02:07:58,1,1,16,0
8jza0b,2018-05-16 22:51:47,26,r/BlackPeopleTwitter,72,2018-05-17 02:24:56,2,2,-4,0
8jza0b,2018-05-16 22:51:47,26,r/BlackPeopleTwitter,72,2018-05-17 03:43:30,3,0,3,0
8jza0b,2018-05-16 22:51:47,26,r/BlackPeopleTwitter,72,2018-05-17 05:19:07,3,0,1,0
8jza0b,2018-05-16 22:51:47,26,r/BlackPeopleTwitter,72,2018-05-17 05:02:28,1,1,2,0
8jza0b,2018-05-16 22:51:47,26,r/BlackPeopleTwitter,72,2018-05-17 05:11:41,2,0,1,0
8jza0b,2018-05-16 22:51:47,26,r/BlackPeopleTwitter,72,2018-05-17 04:49:25,1,0,1,0
8jza0b,2018-05-16 22:51:47,26,r/BlackPeopleTwitter,73,2018-05-17 04:44:50,0,0,-1,0
8jza0b,2018-05-16 22:51:47,26,r/BlackPeopleTwitter,74,2018-05-17 05:00:49,0,0,0,0
8jza0b,2018-05-16 22:51:47,26,r/BlackPeopleTwitter,75,2018-05-17 04:24:55,0,1,0,0
8jza0b,2018-05-16 22:51:47,26,r/BlackPeopleTwitter,75,2018-05-17 05:02:39,1,0,2,0
8jza0b,2018-05-16 22:51:47,26,r/BlackPeopleTwitter,76,2018-05-17 04:39:17,0,0,1,0
8jza0b,2018-05-16 22:51:47,26,r/BlackPeopleTwitter,77,2018-05-17 04:42:33,0,0,0,0
8jza0b,2018-05-16 22:51:47,26,r/BlackPeopleTwitter,78,2018-05-17 04:47:05,0,0,0,0
8jza0b,2018-05-16 22:51:47,26,r/BlackPeopleTwitter,79,2018-05-17 02:46:47,0,0,-2,0
8jza0b,2018-05-16 22:51:47,26,r/BlackPeopleTwitter,80,2018-05-17 03:43:48,0,0,-3,0
8jza0b,2018-05-16 22:51:47,26,r/BlackPeopleTwitter,81,2018-05-17 03:40:45,0,0,-1,0
8jza0b,2018-05-16 22:51:47,26,r/BlackPeopleTwitter,82,2018-05-17 04:09:18,0,0,-1,0
8jza0b,2018-05-16 22:51:47,26,r/BlackPeopleTwitter,83,2018-05-17 05:11:21,0,0,-1,0
8jza0b,2018-05-16 22:51:47,26,r/BlackPeopleTwitter,84,2018-05-17 01:41:38,0,1,-2,0
8jza0b,2018-05-16 22:51:47,26,r/BlackPeopleTwitter,84,2018-05-17 05:06:08,1,0,0,0
8jza0b,2018-05-16 22:51:47,26,r/BlackPeopleTwitter,85,2018-05-17 04:04:08,0,0,-2,0
8jza0b,2018-05-16 22:51:47,26,r/BlackPeopleTwitter,86,2018-05-17 01:12:45,0,0,-5,0
8jz0nj,2018-05-16 22:13:42,27,r/nottheonion,0,2018-05-17 01:09:20,0,5,2383,0
8jz0nj,2018-05-16 22:13:42,27,r/nottheonion,0,2018-05-17 01:41:54,1,14,1828,0
8jz0nj,2018-05-16 22:13:42,27,r/nottheonion,0,2018-05-17 01:49:22,2,3,1129,0
8jz0nj,2018-05-16 22:13:42,27,r/nottheonion,0,2018-05-17 02:29:22,3,3,436,0
8jz0nj,2018-05-16 22:13:42,27,r/nottheonion,0,2018-05-17 02:31:07,4,4,229,0
8jz0nj,2018-05-16 22:13:42,27,r/nottheonion,0,2018-05-17 02:34:54,5,1,67,0
8jz0nj,2018-05-16 22:13:42,27,r/nottheonion,0,2018-05-17 03:19:14,6,1,31,0
8jz0nj,2018-05-16 22:13:42,27,r/nottheonion,0,2018-05-17 04:34:58,7,0,1,0
8jz0nj,2018-05-16 22:13:42,27,r/nottheonion,0,2018-05-17 02:47:52,5,1,20,0
8jz0nj,2018-05-16 22:13:42,27,r/nottheonion,0,2018-05-17 03:12:37,6,1,19,0
8jz0nj,2018-05-16 22:13:42,27,r/nottheonion,0,2018-05-17 04:45:11,7,0,1,0
8jz0nj,2018-05-16 22:13:42,27,r/nottheonion,0,2018-05-17 03:55:27,5,0,2,0
8jz0nj,2018-05-16 22:13:42,27,r/nottheonion,0,2018-05-17 04:59:54,5,0,1,0
8jz0nj,2018-05-16 22:13:42,27,r/nottheonion,0,2018-05-17 03:12:57,4,0,9,0
8jz0nj,2018-05-16 22:13:42,27,r/nottheonion,0,2018-05-17 02:32:45,4,0,14,0
8jz0nj,2018-05-16 22:13:42,27,r/nottheonion,0,2018-05-17 03:12:32,3,1,5,0
8jz0nj,2018-05-16 22:13:42,27,r/nottheonion,0,2018-05-17 04:53:37,4,1,1,0
8jz0nj,2018-05-16 22:13:42,27,r/nottheonion,0,2018-05-17 05:00:27,5,0,1,0
8jz0nj,2018-05-16 22:13:42,27,r/nottheonion,0,2018-05-17 05:03:28,3,0,1,0
8jz0nj,2018-05-16 22:13:42,27,r/nottheonion,0,2018-05-17 03:01:56,2,0,15,0
8jz0nj,2018-05-16 22:13:42,27,r/nottheonion,0,2018-05-17 03:02:35,2,0,7,0
8jz0nj,2018-05-16 22:13:42,27,r/nottheonion,0,2018-05-17 02:51:14,2,1,14,0
8jz0nj,2018-05-16 22:13:42,27,r/nottheonion,0,2018-05-17 02:55:45,3,1,5,0
8jz0nj,2018-05-16 22:13:42,27,r/nottheonion,0,2018-05-17 04:16:22,4,0,2,0
8jz0nj,2018-05-16 22:13:42,27,r/nottheonion,0,2018-05-17 02:58:52,2,1,11,0
8jz0nj,2018-05-16 22:13:42,27,r/nottheonion,0,2018-05-17 04:03:44,3,0,2,0
8jz0nj,2018-05-16 22:13:42,27,r/nottheonion,0,2018-05-17 03:06:10,2,0,2,0
8jz0nj,2018-05-16 22:13:42,27,r/nottheonion,0,2018-05-17 03:10:04,2,0,1,0
8jz0nj,2018-05-16 22:13:42,27,r/nottheonion,0,2018-05-17 03:24:36,2,0,1,0
8jz0nj,2018-05-16 22:13:42,27,r/nottheonion,0,2018-05-17 03:25:00,2,0,1,0
8jz0nj,2018-05-16 22:13:42,27,r/nottheonion,0,2018-05-17 03:37:20,2,0,1,0
8jz0nj,2018-05-16 22:13:42,27,r/nottheonion,0,2018-05-17 04:01:20,2,0,2,0
8jz0nj,2018-05-16 22:13:42,27,r/nottheonion,0,2018-05-17 04:21:24,2,0,1,0
8jz0nj,2018-05-16 22:13:42,27,r/nottheonion,0,2018-05-17 05:04:22,2,0,1,0
8jz0nj,2018-05-16 22:13:42,27,r/nottheonion,0,2018-05-17 05:08:42,2,0,1,0
8jz0nj,2018-05-16 22:13:42,27,r/nottheonion,0,2018-05-17 01:57:21,1,1,74,0
8jz0nj,2018-05-16 22:13:42,27,r/nottheonion,0,2018-05-17 02:15:30,2,8,63,0
8jz0nj,2018-05-16 22:13:42,27,r/nottheonion,0,2018-05-17 02:50:56,3,3,45,0
8jz0nj,2018-05-16 22:13:42,27,r/nottheonion,0,2018-05-17 03:58:08,4,1,9,0
8jz0nj,2018-05-16 22:13:42,27,r/nottheonion,0,2018-05-17 04:12:59,5,1,3,0
8jz0nj,2018-05-16 22:13:42,27,r/nottheonion,0,2018-05-17 04:59:15,6,0,1,0
8jz0nj,2018-05-16 22:13:42,27,r/nottheonion,0,2018-05-17 05:00:09,4,0,1,0
8jz0nj,2018-05-16 22:13:42,27,r/nottheonion,0,2018-05-17 05:01:11,4,0,1,0
8jz0nj,2018-05-16 22:13:42,27,r/nottheonion,0,2018-05-17 02:29:23,3,0,45,0
8jz0nj,2018-05-16 22:13:42,27,r/nottheonion,0,2018-05-17 03:18:16,3,0,18,0
8jz0nj,2018-05-16 22:13:42,27,r/nottheonion,0,2018-05-17 02:40:43,3,0,11,0
8jz0nj,2018-05-16 22:13:42,27,r/nottheonion,0,2018-05-17 03:07:29,3,0,3,0
8jz0nj,2018-05-16 22:13:42,27,r/nottheonion,0,2018-05-17 04:16:50,3,0,3,0
8jz0nj,2018-05-16 22:13:42,27,r/nottheonion,0,2018-05-17 03:30:32,3,0,1,0
8jz0nj,2018-05-16 22:13:42,27,r/nottheonion,0,2018-05-17 03:52:18,3,1,1,0
8jz0nj,2018-05-16 22:13:42,27,r/nottheonion,0,2018-05-17 04:17:29,4,0,3,0
8jz0nj,2018-05-16 22:13:42,27,r/nottheonion,0,2018-05-17 02:49:13,1,0,16,0
8jz0nj,2018-05-16 22:13:42,27,r/nottheonion,0,2018-05-17 05:06:12,1,0,1,0
8jz0nj,2018-05-16 22:13:42,27,r/nottheonion,0,2018-05-17 04:25:56,1,0,1,0
8jz0nj,2018-05-16 22:13:42,27,r/nottheonion,1,2018-05-17 01:35:52,0,12,1173,0
8jz0nj,2018-05-16 22:13:42,27,r/nottheonion,1,2018-05-17 01:49:17,1,5,251,0
8jz0nj,2018-05-16 22:13:42,27,r/nottheonion,1,2018-05-17 02:41:10,2,2,54,0
8jz0nj,2018-05-16 22:13:42,27,r/nottheonion,1,2018-05-17 02:47:02,3,1,17,0
8jz0nj,2018-05-16 22:13:42,27,r/nottheonion,1,2018-05-17 03:44:21,4,0,9,0
8jz0nj,2018-05-16 22:13:42,27,r/nottheonion,1,2018-05-17 04:24:46,3,0,1,0
8jz0nj,2018-05-16 22:13:42,27,r/nottheonion,1,2018-05-17 02:54:16,2,0,7,0
8jz0nj,2018-05-16 22:13:42,27,r/nottheonion,1,2018-05-17 03:59:31,2,0,2,0
8jz0nj,2018-05-16 22:13:42,27,r/nottheonion,1,2018-05-17 05:01:16,2,0,1,0
8jz0nj,2018-05-16 22:13:42,27,r/nottheonion,1,2018-05-17 05:02:06,2,0,1,0
8jz0nj,2018-05-16 22:13:42,27,r/nottheonion,1,2018-05-17 02:03:40,1,0,14,0
8jz0nj,2018-05-16 22:13:42,27,r/nottheonion,1,2018-05-17 03:54:41,1,0,4,0
8jz0nj,2018-05-16 22:13:42,27,r/nottheonion,1,2018-05-17 02:29:00,1,0,1,0
8jz0nj,2018-05-16 22:13:42,27,r/nottheonion,1,2018-05-17 03:13:20,1,0,1,0
8jz0nj,2018-05-16 22:13:42,27,r/nottheonion,1,2018-05-17 03:26:31,1,0,1,0
8jz0nj,2018-05-16 22:13:42,27,r/nottheonion,1,2018-05-17 03:41:37,1,0,1,0
8jz0nj,2018-05-16 22:13:42,27,r/nottheonion,1,2018-05-17 04:14:27,1,0,2,0
8jz0nj,2018-05-16 22:13:42,27,r/nottheonion,1,2018-05-17 04:18:49,1,0,2,0
8jz0nj,2018-05-16 22:13:42,27,r/nottheonion,1,2018-05-17 04:19:39,1,0,2,0
8jz0nj,2018-05-16 22:13:42,27,r/nottheonion,1,2018-05-17 04:25:00,1,0,1,0
8jz0nj,2018-05-16 22:13:42,27,r/nottheonion,1,2018-05-17 05:02:41,1,0,1,0
8jz0nj,2018-05-16 22:13:42,27,r/nottheonion,2,2018-05-16 22:23:59,0,18,3075,0
8jz0nj,2018-05-16 22:13:42,27,r/nottheonion,2,2018-05-16 22:47:16,1,5,727,0
8jz0nj,2018-05-16 22:13:42,27,r/nottheonion,2,2018-05-16 23:46:27,2,1,223,0
8jz0nj,2018-05-16 22:13:42,27,r/nottheonion,2,2018-05-16 23:54:11,3,1,70,0
8jz0nj,2018-05-16 22:13:42,27,r/nottheonion,2,2018-05-17 01:52:08,4,1,53,0
8jz0nj,2018-05-16 22:13:42,27,r/nottheonion,2,2018-05-17 04:09:29,5,0,2,0
8jz0nj,2018-05-16 22:13:42,27,r/nottheonion,2,2018-05-17 00:06:25,2,2,38,0
8jz0nj,2018-05-16 22:13:42,27,r/nottheonion,2,2018-05-17 00:11:25,3,2,54,0
8jz0nj,2018-05-16 22:13:42,27,r/nottheonion,2,2018-05-17 01:45:29,4,1,15,0
8jz0nj,2018-05-16 22:13:42,27,r/nottheonion,2,2018-05-17 04:32:05,5,0,1,0
8jz0nj,2018-05-16 22:13:42,27,r/nottheonion,2,2018-05-17 01:28:22,4,0,5,0
8jz0nj,2018-05-16 22:13:42,27,r/nottheonion,2,2018-05-17 04:17:49,3,0,1,0
8jz0nj,2018-05-16 22:13:42,27,r/nottheonion,2,2018-05-17 02:03:59,2,0,1,0
8jz0nj,2018-05-16 22:13:42,27,r/nottheonion,2,2018-05-17 02:35:14,2,0,1,0
8jz0nj,2018-05-16 22:13:42,27,r/nottheonion,2,2018-05-17 02:45:16,2,0,1,0
8jz0nj,2018-05-16 22:13:42,27,r/nottheonion,2,2018-05-17 02:31:19,1,0,15,0
8jz0nj,2018-05-16 22:13:42,27,r/nottheonion,2,2018-05-17 01:58:20,1,0,25,0
8jz0nj,2018-05-16 22:13:42,27,r/nottheonion,2,2018-05-17 01:59:16,1,1,35,0
8jz0nj,2018-05-16 22:13:42,27,r/nottheonion,2,2018-05-17 04:14:16,2,0,7,0
8jz0nj,2018-05-16 22:13:42,27,r/nottheonion,2,2018-05-17 01:52:13,1,0,6,0
8jz0nj,2018-05-16 22:13:42,27,r/nottheonion,2,2018-05-17 01:38:18,1,0,2,0
8jz0nj,2018-05-16 22:13:42,27,r/nottheonion,2,2018-05-17 02:28:59,1,0,2,0
8jz0nj,2018-05-16 22:13:42,27,r/nottheonion,2,2018-05-17 03:56:01,1,0,2,0
8jz0nj,2018-05-16 22:13:42,27,r/nottheonion,2,2018-05-17 04:06:27,1,1,3,0
8jz0nj,2018-05-16 22:13:42,27,r/nottheonion,2,2018-05-17 04:37:29,2,0,1,0
8jz0nj,2018-05-16 22:13:42,27,r/nottheonion,2,2018-05-17 02:27:55,1,0,1,0
8jz0nj,2018-05-16 22:13:42,27,r/nottheonion,2,2018-05-17 03:15:23,1,0,1,0
8jz0nj,2018-05-16 22:13:42,27,r/nottheonion,2,2018-05-17 04:03:01,1,0,1,0
8jz0nj,2018-05-16 22:13:42,27,r/nottheonion,2,2018-05-17 04:15:19,1,0,1,0
8jz0nj,2018-05-16 22:13:42,27,r/nottheonion,2,2018-05-17 05:09:11,1,0,1,0
8jz0nj,2018-05-16 22:13:42,27,r/nottheonion,2,2018-05-17 02:22:57,1,0,1,0
8jz0nj,2018-05-16 22:13:42,27,r/nottheonion,2,2018-05-17 02:34:19,1,0,1,0
8jz0nj,2018-05-16 22:13:42,27,r/nottheonion,2,2018-05-17 02:24:54,1,0,-8,0
8jz0nj,2018-05-16 22:13:42,27,r/nottheonion,2,2018-05-17 01:49:20,1,1,-17,0
8jz0nj,2018-05-16 22:13:42,27,r/nottheonion,2,2018-05-17 02:04:59,2,2,35,0
8jz0nj,2018-05-16 22:13:42,27,r/nottheonion,2,2018-05-17 03:44:08,3,0,2,0
8jz0nj,2018-05-16 22:13:42,27,r/nottheonion,2,2018-05-17 02:11:59,3,4,-16,0
8jz0nj,2018-05-16 22:13:42,27,r/nottheonion,2,2018-05-17 02:23:04,4,0,5,0
8jz0nj,2018-05-16 22:13:42,27,r/nottheonion,2,2018-05-17 04:19:04,4,0,1,0
8jz0nj,2018-05-16 22:13:42,27,r/nottheonion,2,2018-05-17 03:12:15,4,0,-1,0
8jz0nj,2018-05-16 22:13:42,27,r/nottheonion,2,2018-05-17 02:31:13,4,1,-6,0
8jz0nj,2018-05-16 22:13:42,27,r/nottheonion,2,2018-05-17 04:04:41,5,1,1,0
8jz0nj,2018-05-16 22:13:42,27,r/nottheonion,2,2018-05-17 04:33:14,6,0,1,0
8jz0nj,2018-05-16 22:13:42,27,r/nottheonion,3,2018-05-16 23:47:10,0,2,736,0
8jz0nj,2018-05-16 22:13:42,27,r/nottheonion,3,2018-05-17 00:28:50,1,5,220,0
8jz0nj,2018-05-16 22:13:42,27,r/nottheonion,3,2018-05-17 02:06:29,2,0,44,0
8jz0nj,2018-05-16 22:13:42,27,r/nottheonion,3,2018-05-17 00:31:42,2,1,65,0
8jz0nj,2018-05-16 22:13:42,27,r/nottheonion,3,2018-05-17 01:15:42,3,1,40,0
8jz0nj,2018-05-16 22:13:42,27,r/nottheonion,3,2018-05-17 01:27:40,4,2,28,0
8jz0nj,2018-05-16 22:13:42,27,r/nottheonion,3,2018-05-17 01:28:56,5,1,21,0
8jz0nj,2018-05-16 22:13:42,27,r/nottheonion,3,2018-05-17 01:31:40,6,1,14,0
8jz0nj,2018-05-16 22:13:42,27,r/nottheonion,3,2018-05-17 01:43:12,7,2,9,0
8jz0nj,2018-05-16 22:13:42,27,r/nottheonion,3,2018-05-17 04:05:13,8,0,1,0
8jz0nj,2018-05-16 22:13:42,27,r/nottheonion,3,2018-05-17 04:05:41,8,0,1,0
8jz0nj,2018-05-16 22:13:42,27,r/nottheonion,3,2018-05-17 01:49:00,5,0,1,0
8jz0nj,2018-05-16 22:13:42,27,r/nottheonion,3,2018-05-17 02:28:40,2,0,12,0
8jz0nj,2018-05-16 22:13:42,27,r/nottheonion,3,2018-05-17 02:09:38,2,0,3,0
8jz0nj,2018-05-16 22:13:42,27,r/nottheonion,3,2018-05-17 01:37:55,2,0,-1,0
8jz0nj,2018-05-16 22:13:42,27,r/nottheonion,3,2018-05-17 02:09:15,1,0,17,0
8jz0nj,2018-05-16 22:13:42,27,r/nottheonion,4,2018-05-17 01:07:24,0,3,548,0
8jz0nj,2018-05-16 22:13:42,27,r/nottheonion,4,2018-05-17 01:17:59,1,2,265,0
8jz0nj,2018-05-16 22:13:42,27,r/nottheonion,4,2018-05-17 01:35:14,2,2,146,0
8jz0nj,2018-05-16 22:13:42,27,r/nottheonion,4,2018-05-17 01:39:54,3,1,46,0
8jz0nj,2018-05-16 22:13:42,27,r/nottheonion,4,2018-05-17 01:50:06,4,2,7,0
8jz0nj,2018-05-16 22:13:42,27,r/nottheonion,4,2018-05-17 03:17:37,5,2,3,0
8jz0nj,2018-05-16 22:13:42,27,r/nottheonion,4,2018-05-17 03:53:35,6,0,1,0
8jz0nj,2018-05-16 22:13:42,27,r/nottheonion,4,2018-05-17 04:42:28,6,0,1,0
8jz0nj,2018-05-16 22:13:42,27,r/nottheonion,4,2018-05-17 03:50:49,5,0,1,0
8jz0nj,2018-05-16 22:13:42,27,r/nottheonion,4,2018-05-17 02:11:33,3,0,0,0
8jz0nj,2018-05-16 22:13:42,27,r/nottheonion,4,2018-05-17 01:42:56,2,0,15,0
8jz0nj,2018-05-16 22:13:42,27,r/nottheonion,4,2018-05-17 01:19:10,1,1,26,0
8jz0nj,2018-05-16 22:13:42,27,r/nottheonion,4,2018-05-17 03:31:15,2,1,1,0
8jz0nj,2018-05-16 22:13:42,27,r/nottheonion,4,2018-05-17 04:42:57,3,0,1,0
8jz0nj,2018-05-16 22:13:42,27,r/nottheonion,4,2018-05-17 02:07:19,1,0,-4,0
8jz0nj,2018-05-16 22:13:42,27,r/nottheonion,5,2018-05-17 01:09:01,0,11,707,0
8jz0nj,2018-05-16 22:13:42,27,r/nottheonion,5,2018-05-17 02:57:15,1,1,51,0
8jz0nj,2018-05-16 22:13:42,27,r/nottheonion,5,2018-05-17 04:37:14,2,0,1,0
8jz0nj,2018-05-16 22:13:42,27,r/nottheonion,5,2018-05-17 03:00:55,1,0,15,0
8jz0nj,2018-05-16 22:13:42,27,r/nottheonion,5,2018-05-17 01:21:11,1,1,111,0
8jz0nj,2018-05-16 22:13:42,27,r/nottheonion,5,2018-05-17 03:37:59,2,0,1,0
8jz0nj,2018-05-16 22:13:42,27,r/nottheonion,5,2018-05-17 03:09:38,1,0,5,0
8jz0nj,2018-05-16 22:13:42,27,r/nottheonion,5,2018-05-17 02:34:56,1,0,10,0
8jz0nj,2018-05-16 22:13:42,27,r/nottheonion,5,2018-05-17 02:12:46,1,0,11,0
8jz0nj,2018-05-16 22:13:42,27,r/nottheonion,5,2018-05-17 02:57:20,1,0,1,0
8jz0nj,2018-05-16 22:13:42,27,r/nottheonion,5,2018-05-17 03:17:15,1,0,1,0
8jz0nj,2018-05-16 22:13:42,27,r/nottheonion,5,2018-05-17 03:39:53,1,0,1,0
8jz0nj,2018-05-16 22:13:42,27,r/nottheonion,5,2018-05-17 04:15:14,1,0,1,0
8jz0nj,2018-05-16 22:13:42,27,r/nottheonion,5,2018-05-17 05:04:54,1,0,1,0
8jz0nj,2018-05-16 22:13:42,27,r/nottheonion,6,2018-05-17 01:26:31,0,2,142,0
8jz0nj,2018-05-16 22:13:42,27,r/nottheonion,6,2018-05-17 02:07:09,1,0,117,0
8jz0nj,2018-05-16 22:13:42,27,r/nottheonion,6,2018-05-17 02:10:30,1,2,22,0
8jz0nj,2018-05-16 22:13:42,27,r/nottheonion,6,2018-05-17 03:39:07,2,1,9,0
8jz0nj,2018-05-16 22:13:42,27,r/nottheonion,6,2018-05-17 04:54:15,3,0,1,0
8jz0nj,2018-05-16 22:13:42,27,r/nottheonion,6,2018-05-17 03:56:00,2,0,4,0
8jz0nj,2018-05-16 22:13:42,27,r/nottheonion,7,2018-05-17 00:50:37,0,1,144,0
8jz0nj,2018-05-16 22:13:42,27,r/nottheonion,7,2018-05-17 01:48:25,1,2,94,0
8jz0nj,2018-05-16 22:13:42,27,r/nottheonion,7,2018-05-17 02:57:41,2,0,15,0
8jz0nj,2018-05-16 22:13:42,27,r/nottheonion,7,2018-05-17 04:55:27,2,0,1,0
8jz0nj,2018-05-16 22:13:42,27,r/nottheonion,8,2018-05-17 02:26:17,0,1,77,0
8jz0nj,2018-05-16 22:13:42,27,r/nottheonion,8,2018-05-17 03:43:43,1,2,13,0
8jz0nj,2018-05-16 22:13:42,27,r/nottheonion,8,2018-05-17 04:27:56,2,0,1,0
8jz0nj,2018-05-16 22:13:42,27,r/nottheonion,8,2018-05-17 03:53:31,2,0,8,0
8jz0nj,2018-05-16 22:13:42,27,r/nottheonion,9,2018-05-17 00:58:52,0,2,176,0
8jz0nj,2018-05-16 22:13:42,27,r/nottheonion,9,2018-05-17 01:57:01,1,2,38,0
8jz0nj,2018-05-16 22:13:42,27,r/nottheonion,9,2018-05-17 02:08:52,2,1,41,0
8jz0nj,2018-05-16 22:13:42,27,r/nottheonion,9,2018-05-17 02:21:18,3,2,64,0
8jz0nj,2018-05-16 22:13:42,27,r/nottheonion,9,2018-05-17 02:42:18,4,1,20,0
8jz0nj,2018-05-16 22:13:42,27,r/nottheonion,9,2018-05-17 02:44:57,5,2,11,0
8jz0nj,2018-05-16 22:13:42,27,r/nottheonion,9,2018-05-17 03:33:34,6,0,3,0
8jz0nj,2018-05-16 22:13:42,27,r/nottheonion,9,2018-05-17 04:02:30,6,0,1,0
8jz0nj,2018-05-16 22:13:42,27,r/nottheonion,9,2018-05-17 02:26:41,4,1,6,0
8jz0nj,2018-05-16 22:13:42,27,r/nottheonion,9,2018-05-17 02:30:29,5,1,13,0
8jz0nj,2018-05-16 22:13:42,27,r/nottheonion,9,2018-05-17 02:31:25,6,0,8,0
8jz0nj,2018-05-16 22:13:42,27,r/nottheonion,9,2018-05-17 02:27:43,2,1,11,0
8jz0nj,2018-05-16 22:13:42,27,r/nottheonion,9,2018-05-17 02:52:09,3,1,40,0
8jz0nj,2018-05-16 22:13:42,27,r/nottheonion,9,2018-05-17 02:59:31,4,1,2,0
8jz0nj,2018-05-16 22:13:42,27,r/nottheonion,9,2018-05-17 03:24:50,5,0,3,0
8jz0nj,2018-05-16 22:13:42,27,r/nottheonion,9,2018-05-17 04:29:58,1,0,1,0
8jz0nj,2018-05-16 22:13:42,27,r/nottheonion,10,2018-05-17 01:44:09,0,2,46,0
8jz0nj,2018-05-16 22:13:42,27,r/nottheonion,10,2018-05-17 03:15:33,1,0,13,0
8jz0nj,2018-05-16 22:13:42,27,r/nottheonion,10,2018-05-17 04:11:55,1,0,6,0
8jz0nj,2018-05-16 22:13:42,27,r/nottheonion,11,2018-05-17 01:56:25,0,0,9,0
8jz0nj,2018-05-16 22:13:42,27,r/nottheonion,12,2018-05-17 00:53:09,0,0,19,0
8jz0nj,2018-05-16 22:13:42,27,r/nottheonion,13,2018-05-16 22:35:15,0,2,163,0
8jz0nj,2018-05-16 22:13:42,27,r/nottheonion,13,2018-05-17 01:54:26,1,1,31,0
8jz0nj,2018-05-16 22:13:42,27,r/nottheonion,13,2018-05-17 02:13:52,2,1,21,0
8jz0nj,2018-05-16 22:13:42,27,r/nottheonion,13,2018-05-17 02:16:15,3,1,26,0
8jz0nj,2018-05-16 22:13:42,27,r/nottheonion,13,2018-05-17 04:22:22,4,0,1,0
8jz0nj,2018-05-16 22:13:42,27,r/nottheonion,13,2018-05-17 02:27:29,1,4,73,0
8jz0nj,2018-05-16 22:13:42,27,r/nottheonion,13,2018-05-17 02:49:43,2,1,19,0
8jz0nj,2018-05-16 22:13:42,27,r/nottheonion,13,2018-05-17 03:09:09,3,0,3,0
8jz0nj,2018-05-16 22:13:42,27,r/nottheonion,13,2018-05-17 05:09:38,2,0,1,0
8jz0nj,2018-05-16 22:13:42,27,r/nottheonion,13,2018-05-17 04:29:55,2,0,1,0
8jz0nj,2018-05-16 22:13:42,27,r/nottheonion,13,2018-05-17 02:31:30,2,2,-24,0
8jz0nj,2018-05-16 22:13:42,27,r/nottheonion,13,2018-05-17 02:34:57,3,1,27,0
8jz0nj,2018-05-16 22:13:42,27,r/nottheonion,13,2018-05-17 03:27:12,4,1,-17,0
8jz0nj,2018-05-16 22:13:42,27,r/nottheonion,13,2018-05-17 03:35:37,5,1,16,0
8jz0nj,2018-05-16 22:13:42,27,r/nottheonion,13,2018-05-17 04:57:49,6,1,1,0
8jz0nj,2018-05-16 22:13:42,27,r/nottheonion,13,2018-05-17 04:58:46,7,0,1,0
8jz0nj,2018-05-16 22:13:42,27,r/nottheonion,13,2018-05-17 04:34:58,3,0,1,0
8jz0nj,2018-05-16 22:13:42,27,r/nottheonion,14,2018-05-17 01:23:36,0,0,35,0
8jz0nj,2018-05-16 22:13:42,27,r/nottheonion,15,2018-05-17 01:43:49,0,0,14,0
8jz0nj,2018-05-16 22:13:42,27,r/nottheonion,16,2018-05-17 02:57:47,0,4,13,0
8jz0nj,2018-05-16 22:13:42,27,r/nottheonion,16,2018-05-17 04:00:39,1,0,12,0
8jz0nj,2018-05-16 22:13:42,27,r/nottheonion,16,2018-05-17 03:36:02,1,1,23,0
8jz0nj,2018-05-16 22:13:42,27,r/nottheonion,16,2018-05-17 05:14:08,2,0,1,0
8jz0nj,2018-05-16 22:13:42,27,r/nottheonion,16,2018-05-17 03:35:37,1,0,4,0
8jz0nj,2018-05-16 22:13:42,27,r/nottheonion,16,2018-05-17 03:54:14,1,0,6,0
8jz0nj,2018-05-16 22:13:42,27,r/nottheonion,17,2018-05-17 02:09:32,0,0,11,0
8jz0nj,2018-05-16 22:13:42,27,r/nottheonion,18,2018-05-17 00:47:23,0,2,25,0
8jz0nj,2018-05-16 22:13:42,27,r/nottheonion,18,2018-05-17 01:48:44,1,1,26,0
8jz0nj,2018-05-16 22:13:42,27,r/nottheonion,18,2018-05-17 01:53:57,2,0,10,0
8jz0nj,2018-05-16 22:13:42,27,r/nottheonion,18,2018-05-17 03:18:10,1,0,1,0
8jz0nj,2018-05-16 22:13:42,27,r/nottheonion,19,2018-05-17 02:03:39,0,2,17,0
8jz0nj,2018-05-16 22:13:42,27,r/nottheonion,19,2018-05-17 04:19:36,1,0,6,0
8jz0nj,2018-05-16 22:13:42,27,r/nottheonion,19,2018-05-17 03:36:11,1,1,-3,0
8jz0nj,2018-05-16 22:13:42,27,r/nottheonion,19,2018-05-17 03:38:30,2,1,-2,0
8jz0nj,2018-05-16 22:13:42,27,r/nottheonion,19,2018-05-17 03:39:26,3,1,-1,0
8jz0nj,2018-05-16 22:13:42,27,r/nottheonion,19,2018-05-17 04:20:40,4,0,1,0
8jz0nj,2018-05-16 22:13:42,27,r/nottheonion,20,2018-05-17 01:31:09,0,0,6,0
8jz0nj,2018-05-16 22:13:42,27,r/nottheonion,21,2018-05-17 02:01:27,0,0,6,0
8jz0nj,2018-05-16 22:13:42,27,r/nottheonion,22,2018-05-17 02:04:41,0,0,6,0
8jz0nj,2018-05-16 22:13:42,27,r/nottheonion,23,2018-05-17 03:02:02,0,0,6,0
8jz0nj,2018-05-16 22:13:42,27,r/nottheonion,24,2018-05-17 02:33:10,0,3,16,0
8jz0nj,2018-05-16 22:13:42,27,r/nottheonion,24,2018-05-17 04:22:04,1,1,1,0
8jz0nj,2018-05-16 22:13:42,27,r/nottheonion,24,2018-05-17 04:31:04,2,0,1,0
8jz0nj,2018-05-16 22:13:42,27,r/nottheonion,24,2018-05-17 03:42:30,1,0,0,0
8jz0nj,2018-05-16 22:13:42,27,r/nottheonion,24,2018-05-17 04:53:13,1,0,1,0
8jz0nj,2018-05-16 22:13:42,27,r/nottheonion,25,2018-05-17 01:11:59,0,0,9,0
8jz0nj,2018-05-16 22:13:42,27,r/nottheonion,26,2018-05-17 01:34:16,0,0,4,0
8jz0nj,2018-05-16 22:13:42,27,r/nottheonion,27,2018-05-17 01:57:38,0,0,4,0
8jz0nj,2018-05-16 22:13:42,27,r/nottheonion,28,2018-05-17 02:10:06,0,2,5,0
8jz0nj,2018-05-16 22:13:42,27,r/nottheonion,28,2018-05-17 04:00:26,1,0,3,0
8jz0nj,2018-05-16 22:13:42,27,r/nottheonion,28,2018-05-17 05:06:04,1,0,1,0
8jz0nj,2018-05-16 22:13:42,27,r/nottheonion,29,2018-05-17 02:41:04,0,0,4,0
8jz0nj,2018-05-16 22:13:42,27,r/nottheonion,30,2018-05-17 03:40:06,0,0,5,0
8jz0nj,2018-05-16 22:13:42,27,r/nottheonion,31,2018-05-16 23:44:15,0,1,21,0
8jz0nj,2018-05-16 22:13:42,27,r/nottheonion,31,2018-05-17 00:38:12,1,1,57,0
8jz0nj,2018-05-16 22:13:42,27,r/nottheonion,31,2018-05-17 03:21:32,2,0,1,0
8jz0nj,2018-05-16 22:13:42,27,r/nottheonion,32,2018-05-17 02:48:02,0,0,3,0
8jz0nj,2018-05-16 22:13:42,27,r/nottheonion,33,2018-05-17 02:58:04,0,0,3,0
8jz0nj,2018-05-16 22:13:42,27,r/nottheonion,34,2018-05-17 03:02:51,0,1,3,0
8jz0nj,2018-05-16 22:13:42,27,r/nottheonion,34,2018-05-17 03:58:16,1,0,1,0
8jz0nj,2018-05-16 22:13:42,27,r/nottheonion,35,2018-05-17 03:06:47,0,0,3,0
8jz0nj,2018-05-16 22:13:42,27,r/nottheonion,36,2018-05-17 03:27:30,0,0,3,0
8jz0nj,2018-05-16 22:13:42,27,r/nottheonion,37,2018-05-17 03:30:35,0,0,3,0
8jz0nj,2018-05-16 22:13:42,27,r/nottheonion,38,2018-05-17 03:34:52,0,0,3,0
8jz0nj,2018-05-16 22:13:42,27,r/nottheonion,39,2018-05-17 03:58:32,0,0,3,0
8jz0nj,2018-05-16 22:13:42,27,r/nottheonion,40,2018-05-17 04:04:18,0,0,3,0
8jz0nj,2018-05-16 22:13:42,27,r/nottheonion,41,2018-05-16 23:28:08,0,0,3,0
8jz0nj,2018-05-16 22:13:42,27,r/nottheonion,42,2018-05-17 03:27:24,0,0,4,0
8jz0nj,2018-05-16 22:13:42,27,r/nottheonion,43,2018-05-17 03:30:24,0,0,4,0
8jz0nj,2018-05-16 22:13:42,27,r/nottheonion,44,2018-05-17 01:24:01,0,0,10,0
8jz0nj,2018-05-16 22:13:42,27,r/nottheonion,45,2018-05-17 01:14:48,0,0,2,0
8jz0nj,2018-05-16 22:13:42,27,r/nottheonion,46,2018-05-17 01:58:42,0,0,2,0
8jz0nj,2018-05-16 22:13:42,27,r/nottheonion,47,2018-05-17 02:00:54,0,0,2,0
8jz0nj,2018-05-16 22:13:42,27,r/nottheonion,48,2018-05-17 02:03:00,0,0,2,0
8jz0nj,2018-05-16 22:13:42,27,r/nottheonion,49,2018-05-17 02:11:44,0,0,2,0
8jz0nj,2018-05-16 22:13:42,27,r/nottheonion,50,2018-05-17 02:12:44,0,0,2,0
8jz0nj,2018-05-16 22:13:42,27,r/nottheonion,51,2018-05-17 02:13:35,0,1,2,0
8jz0nj,2018-05-16 22:13:42,27,r/nottheonion,51,2018-05-17 04:21:46,1,0,1,0
8jz0nj,2018-05-16 22:13:42,27,r/nottheonion,52,2018-05-17 02:14:45,0,0,2,0
8jz0nj,2018-05-16 22:13:42,27,r/nottheonion,53,2018-05-17 02:34:30,0,0,2,0
8jz0nj,2018-05-16 22:13:42,27,r/nottheonion,54,2018-05-17 02:36:09,0,0,2,0
8jz0nj,2018-05-16 22:13:42,27,r/nottheonion,55,2018-05-17 02:37:50,0,0,2,0
8jz0nj,2018-05-16 22:13:42,27,r/nottheonion,56,2018-05-17 02:40:52,0,1,2,0
8jz0nj,2018-05-16 22:13:42,27,r/nottheonion,56,2018-05-17 04:12:11,1,0,1,0
8jz0nj,2018-05-16 22:13:42,27,r/nottheonion,57,2018-05-17 02:49:41,0,0,2,0
8jz0nj,2018-05-16 22:13:42,27,r/nottheonion,58,2018-05-17 02:58:51,0,2,2,0
8jz0nj,2018-05-16 22:13:42,27,r/nottheonion,58,2018-05-17 05:12:58,1,0,1,0
8jz0nj,2018-05-16 22:13:42,27,r/nottheonion,58,2018-05-17 04:02:12,1,0,0,0
8jz0nj,2018-05-16 22:13:42,27,r/nottheonion,59,2018-05-17 03:00:52,0,0,2,0
8jz0nj,2018-05-16 22:13:42,27,r/nottheonion,60,2018-05-17 03:06:04,0,1,2,0
8jz0nj,2018-05-16 22:13:42,27,r/nottheonion,60,2018-05-17 04:02:34,1,1,1,0
8jz0nj,2018-05-16 22:13:42,27,r/nottheonion,60,2018-05-17 04:49:09,2,0,1,0
8jz0nj,2018-05-16 22:13:42,27,r/nottheonion,61,2018-05-17 03:10:15,0,1,2,0
8jz0nj,2018-05-16 22:13:42,27,r/nottheonion,61,2018-05-17 03:38:08,1,0,3,0
8jz0nj,2018-05-16 22:13:42,27,r/nottheonion,62,2018-05-17 03:52:11,0,0,2,0
8jz0nj,2018-05-16 22:13:42,27,r/nottheonion,63,2018-05-17 03:56:23,0,0,2,0
8jz0nj,2018-05-16 22:13:42,27,r/nottheonion,64,2018-05-17 04:15:46,0,1,2,0
8jz0nj,2018-05-16 22:13:42,27,r/nottheonion,64,2018-05-17 04:28:25,1,0,1,0
8jz0nj,2018-05-16 22:13:42,27,r/nottheonion,65,2018-05-17 04:27:27,0,0,1,0
8jz0nj,2018-05-16 22:13:42,27,r/nottheonion,66,2018-05-17 04:28:11,0,0,1,0
8jz0nj,2018-05-16 22:13:42,27,r/nottheonion,67,2018-05-17 04:42:26,0,0,1,0
8jz0nj,2018-05-16 22:13:42,27,r/nottheonion,68,2018-05-17 04:47:25,0,0,1,0
8jz0nj,2018-05-16 22:13:42,27,r/nottheonion,69,2018-05-17 05:01:43,0,0,1,0
8jz0nj,2018-05-16 22:13:42,27,r/nottheonion,70,2018-05-17 02:14:40,0,1,4,0
8jz0nj,2018-05-16 22:13:42,27,r/nottheonion,70,2018-05-17 04:14:39,1,0,1,0
8jz0nj,2018-05-16 22:13:42,27,r/nottheonion,71,2018-05-17 02:49:03,0,1,3,0
8jz0nj,2018-05-16 22:13:42,27,r/nottheonion,71,2018-05-17 04:27:50,1,0,1,0
8jz0nj,2018-05-16 22:13:42,27,r/nottheonion,72,2018-05-17 02:51:20,0,0,2,0
8jz0nj,2018-05-16 22:13:42,27,r/nottheonion,73,2018-05-17 02:15:49,0,0,2,0
8jz0nj,2018-05-16 22:13:42,27,r/nottheonion,74,2018-05-17 01:41:50,0,0,3,0
8jz0nj,2018-05-16 22:13:42,27,r/nottheonion,75,2018-05-17 01:28:53,0,0,2,0
8jz0nj,2018-05-16 22:13:42,27,r/nottheonion,76,2018-05-17 02:57:22,0,0,1,0
8jz0nj,2018-05-16 22:13:42,27,r/nottheonion,77,2018-05-17 01:23:16,0,0,1,0
8jz0nj,2018-05-16 22:13:42,27,r/nottheonion,78,2018-05-17 02:02:03,0,0,1,0
8jz0nj,2018-05-16 22:13:42,27,r/nottheonion,79,2018-05-17 02:11:55,0,0,1,0
8jz0nj,2018-05-16 22:13:42,27,r/nottheonion,80,2018-05-17 02:17:50,0,0,1,0
8jz0nj,2018-05-16 22:13:42,27,r/nottheonion,81,2018-05-17 02:23:40,0,0,1,0
8jz0nj,2018-05-16 22:13:42,27,r/nottheonion,82,2018-05-17 02:25:28,0,0,1,0
8jz0nj,2018-05-16 22:13:42,27,r/nottheonion,83,2018-05-17 02:36:32,0,0,1,0
8jz0nj,2018-05-16 22:13:42,27,r/nottheonion,84,2018-05-17 02:38:20,0,0,1,0
8jz0nj,2018-05-16 22:13:42,27,r/nottheonion,85,2018-05-17 02:39:08,0,0,1,0
8jz0nj,2018-05-16 22:13:42,27,r/nottheonion,86,2018-05-17 02:46:31,0,0,1,0
8jz0nj,2018-05-16 22:13:42,27,r/nottheonion,87,2018-05-17 02:47:48,0,0,1,0
8jz0nj,2018-05-16 22:13:42,27,r/nottheonion,88,2018-05-17 02:55:50,0,0,1,0
8jz0nj,2018-05-16 22:13:42,27,r/nottheonion,89,2018-05-17 03:03:19,0,0,1,0
8jz0nj,2018-05-16 22:13:42,27,r/nottheonion,90,2018-05-17 03:04:53,0,0,1,0
8jz0nj,2018-05-16 22:13:42,27,r/nottheonion,91,2018-05-17 03:09:41,0,0,1,0
8jz0nj,2018-05-16 22:13:42,27,r/nottheonion,92,2018-05-17 03:14:12,0,0,1,0
8jz0nj,2018-05-16 22:13:42,27,r/nottheonion,93,2018-05-17 03:19:14,0,0,1,0
8jz0nj,2018-05-16 22:13:42,27,r/nottheonion,94,2018-05-17 03:30:41,0,0,1,0
8jz0nj,2018-05-16 22:13:42,27,r/nottheonion,95,2018-05-17 03:34:00,0,0,1,0
8jz0nj,2018-05-16 22:13:42,27,r/nottheonion,96,2018-05-17 03:36:06,0,0,1,0
8jz0nj,2018-05-16 22:13:42,27,r/nottheonion,97,2018-05-17 03:44:19,0,0,1,0
8jz0nj,2018-05-16 22:13:42,27,r/nottheonion,98,2018-05-17 03:47:46,0,0,1,0
8jz0nj,2018-05-16 22:13:42,27,r/nottheonion,99,2018-05-17 03:48:01,0,0,1,0
8jz0nj,2018-05-16 22:13:42,27,r/nottheonion,100,2018-05-17 03:51:42,0,0,1,0
8jz0nj,2018-05-16 22:13:42,27,r/nottheonion,101,2018-05-17 03:52:47,0,0,1,0
8jz0nj,2018-05-16 22:13:42,27,r/nottheonion,102,2018-05-17 03:54:18,0,0,1,0
8jz0nj,2018-05-16 22:13:42,27,r/nottheonion,103,2018-05-17 03:57:11,0,0,1,0
8jz0nj,2018-05-16 22:13:42,27,r/nottheonion,104,2018-05-17 04:03:11,0,0,1,0
8jz0nj,2018-05-16 22:13:42,27,r/nottheonion,105,2018-05-17 04:05:17,0,0,1,0
8jz0nj,2018-05-16 22:13:42,27,r/nottheonion,106,2018-05-17 04:06:16,0,0,1,0
8jz0nj,2018-05-16 22:13:42,27,r/nottheonion,107,2018-05-17 04:07:53,0,0,1,0
8jz0nj,2018-05-16 22:13:42,27,r/nottheonion,108,2018-05-17 04:10:22,0,0,1,0
8jz0nj,2018-05-16 22:13:42,27,r/nottheonion,109,2018-05-17 04:10:27,0,0,1,0
8jz0nj,2018-05-16 22:13:42,27,r/nottheonion,110,2018-05-17 04:11:29,0,0,1,0
8jz0nj,2018-05-16 22:13:42,27,r/nottheonion,111,2018-05-17 04:12:16,0,0,1,0
8jz0nj,2018-05-16 22:13:42,27,r/nottheonion,112,2018-05-17 04:13:16,0,0,1,0
8jz0nj,2018-05-16 22:13:42,27,r/nottheonion,113,2018-05-17 04:13:46,0,0,1,0
8jz0nj,2018-05-16 22:13:42,27,r/nottheonion,114,2018-05-17 04:14:01,0,0,1,0
8jz0nj,2018-05-16 22:13:42,27,r/nottheonion,115,2018-05-17 04:18:07,0,0,1,0
8jz0nj,2018-05-16 22:13:42,27,r/nottheonion,116,2018-05-17 04:19:30,0,0,1,0
8jz0nj,2018-05-16 22:13:42,27,r/nottheonion,117,2018-05-17 04:19:45,0,0,1,0
8jz0nj,2018-05-16 22:13:42,27,r/nottheonion,118,2018-05-17 04:20:36,0,0,1,0
8jz0nj,2018-05-16 22:13:42,27,r/nottheonion,119,2018-05-17 04:22:45,0,0,1,0
8jz0nj,2018-05-16 22:13:42,27,r/nottheonion,120,2018-05-17 04:25:29,0,0,1,0
8jz0nj,2018-05-16 22:13:42,27,r/nottheonion,121,2018-05-17 04:25:49,0,0,1,0
8jz0nj,2018-05-16 22:13:42,27,r/nottheonion,122,2018-05-17 04:28:26,0,0,1,0
8jz0nj,2018-05-16 22:13:42,27,r/nottheonion,123,2018-05-17 04:29:01,0,0,1,0
8jz0nj,2018-05-16 22:13:42,27,r/nottheonion,124,2018-05-17 04:29:29,0,0,1,0
8jz0nj,2018-05-16 22:13:42,27,r/nottheonion,125,2018-05-17 04:30:52,0,0,1,0
8jz0nj,2018-05-16 22:13:42,27,r/nottheonion,126,2018-05-17 04:31:38,0,0,1,0
8jz0nj,2018-05-16 22:13:42,27,r/nottheonion,127,2018-05-17 04:34:25,0,0,1,0
8jz0nj,2018-05-16 22:13:42,27,r/nottheonion,128,2018-05-17 04:35:34,0,0,1,0
8jz0nj,2018-05-16 22:13:42,27,r/nottheonion,129,2018-05-17 04:36:37,0,0,1,0
8jz0nj,2018-05-16 22:13:42,27,r/nottheonion,130,2018-05-17 04:36:45,0,0,1,0
8jz0nj,2018-05-16 22:13:42,27,r/nottheonion,131,2018-05-17 04:47:55,0,0,1,0
8jz0nj,2018-05-16 22:13:42,27,r/nottheonion,132,2018-05-17 04:48:21,0,0,1,0
8jz0nj,2018-05-16 22:13:42,27,r/nottheonion,133,2018-05-17 04:52:49,0,0,1,0
8jz0nj,2018-05-16 22:13:42,27,r/nottheonion,134,2018-05-17 04:55:15,0,0,1,0
8jz0nj,2018-05-16 22:13:42,27,r/nottheonion,135,2018-05-17 05:02:53,0,0,1,0
8jz0nj,2018-05-16 22:13:42,27,r/nottheonion,136,2018-05-17 02:23:11,0,1,1,0
8jz0nj,2018-05-16 22:13:42,27,r/nottheonion,136,2018-05-17 03:06:00,1,4,5,0
8jz0nj,2018-05-16 22:13:42,27,r/nottheonion,136,2018-05-17 03:30:02,2,0,3,0
8jz0nj,2018-05-16 22:13:42,27,r/nottheonion,136,2018-05-17 04:46:57,2,0,1,0
8jz0nj,2018-05-16 22:13:42,27,r/nottheonion,136,2018-05-17 03:22:20,2,0,-4,0
8jz0nj,2018-05-16 22:13:42,27,r/nottheonion,136,2018-05-17 04:23:37,2,1,1,0
8jz0nj,2018-05-16 22:13:42,27,r/nottheonion,136,2018-05-17 05:13:18,3,0,1,0
8jz0nj,2018-05-16 22:13:42,27,r/nottheonion,137,2018-05-17 01:44:39,0,0,1,0
8jz0nj,2018-05-16 22:13:42,27,r/nottheonion,138,2018-05-17 01:46:50,0,1,1,0
8jz0nj,2018-05-16 22:13:42,27,r/nottheonion,138,2018-05-17 04:16:58,1,0,1,0
8jz0nj,2018-05-16 22:13:42,27,r/nottheonion,139,2018-05-17 02:04:55,0,0,1,0
8jz0nj,2018-05-16 22:13:42,27,r/nottheonion,140,2018-05-17 02:09:51,0,0,1,0
8jz0nj,2018-05-16 22:13:42,27,r/nottheonion,141,2018-05-17 02:20:59,0,0,1,0
8jz0nj,2018-05-16 22:13:42,27,r/nottheonion,142,2018-05-17 02:46:05,0,0,1,0
8jz0nj,2018-05-16 22:13:42,27,r/nottheonion,143,2018-05-17 02:51:22,0,0,1,0
8jz0nj,2018-05-16 22:13:42,27,r/nottheonion,144,2018-05-17 02:52:20,0,0,1,0
8jz0nj,2018-05-16 22:13:42,27,r/nottheonion,145,2018-05-17 02:53:34,0,0,1,0
8jz0nj,2018-05-16 22:13:42,27,r/nottheonion,146,2018-05-17 04:02:08,0,0,1,0
8jz0nj,2018-05-16 22:13:42,27,r/nottheonion,147,2018-05-17 04:37:57,0,0,1,0
8jz0nj,2018-05-16 22:13:42,27,r/nottheonion,148,2018-05-17 01:49:24,0,0,-4,0
8jz0nj,2018-05-16 22:13:42,27,r/nottheonion,149,2018-05-17 01:44:28,0,2,-1,0
8jz0nj,2018-05-16 22:13:42,27,r/nottheonion,149,2018-05-17 02:06:27,1,1,7,0
8jz0nj,2018-05-16 22:13:42,27,r/nottheonion,149,2018-05-17 04:20:40,2,0,1,0
8jz0nj,2018-05-16 22:13:42,27,r/nottheonion,149,2018-05-17 01:56:35,1,1,2,0
8jz0nj,2018-05-16 22:13:42,27,r/nottheonion,149,2018-05-17 01:58:21,2,0,6,0
8jz0nj,2018-05-16 22:13:42,27,r/nottheonion,150,2018-05-17 03:04:02,0,0,-2,0
8jyofu,2018-05-16 21:26:56,28,r/futurama,0,2018-05-16 23:12:39,0,4,3010,0
8jyofu,2018-05-16 21:26:56,28,r/futurama,0,2018-05-16 23:34:06,1,8,889,0
8jyofu,2018-05-16 21:26:56,28,r/futurama,0,2018-05-16 23:36:04,2,1,229,0
8jyofu,2018-05-16 21:26:56,28,r/futurama,0,2018-05-16 23:40:00,3,5,188,0
8jyofu,2018-05-16 21:26:56,28,r/futurama,0,2018-05-17 01:03:21,4,1,99,0
8jyofu,2018-05-16 21:26:56,28,r/futurama,0,2018-05-17 02:38:10,5,1,15,0
8jyofu,2018-05-16 21:26:56,28,r/futurama,0,2018-05-17 03:45:12,6,1,10,0
8jyofu,2018-05-16 21:26:56,28,r/futurama,0,2018-05-17 04:22:50,7,1,5,0
8jyofu,2018-05-16 21:26:56,28,r/futurama,0,2018-05-17 04:45:15,8,1,3,0
8jyofu,2018-05-16 21:26:56,28,r/futurama,0,2018-05-17 04:47:51,9,1,2,0
8jyofu,2018-05-16 21:26:56,28,r/futurama,0,2018-05-17 01:45:40,4,1,17,0
8jyofu,2018-05-16 21:26:56,28,r/futurama,0,2018-05-17 02:23:14,5,1,10,0
8jyofu,2018-05-16 21:26:56,28,r/futurama,0,2018-05-17 02:36:11,6,0,10,0
8jyofu,2018-05-16 21:26:56,28,r/futurama,0,2018-05-17 01:29:31,4,0,16,0
8jyofu,2018-05-16 21:26:56,28,r/futurama,0,2018-05-17 04:27:11,4,0,1,0
8jyofu,2018-05-16 21:26:56,28,r/futurama,0,2018-05-16 23:43:11,4,2,-23,0
8jyofu,2018-05-16 21:26:56,28,r/futurama,0,2018-05-17 00:11:08,5,3,45,0
8jyofu,2018-05-16 21:26:56,28,r/futurama,0,2018-05-17 00:35:40,6,3,20,0
8jyofu,2018-05-16 21:26:56,28,r/futurama,0,2018-05-17 00:53:42,7,0,23,0
8jyofu,2018-05-16 21:26:56,28,r/futurama,0,2018-05-17 00:45:26,7,0,5,0
8jyofu,2018-05-16 21:26:56,28,r/futurama,0,2018-05-17 02:49:37,7,0,1,0
8jyofu,2018-05-16 21:26:56,28,r/futurama,0,2018-05-17 00:48:19,6,0,6,0
8jyofu,2018-05-16 21:26:56,28,r/futurama,0,2018-05-17 01:40:27,6,1,3,0
8jyofu,2018-05-16 21:26:56,28,r/futurama,0,2018-05-17 02:13:13,7,0,1,0
8jyofu,2018-05-16 21:26:56,28,r/futurama,0,2018-05-17 00:35:02,5,0,4,0
8jyofu,2018-05-16 21:26:56,28,r/futurama,0,2018-05-17 00:59:33,2,6,13,0
8jyofu,2018-05-16 21:26:56,28,r/futurama,0,2018-05-17 01:38:49,3,3,34,0
8jyofu,2018-05-16 21:26:56,28,r/futurama,0,2018-05-17 01:46:25,4,1,23,0
8jyofu,2018-05-16 21:26:56,28,r/futurama,0,2018-05-17 02:25:56,5,0,17,0
8jyofu,2018-05-16 21:26:56,28,r/futurama,0,2018-05-17 03:54:37,4,1,2,0
8jyofu,2018-05-16 21:26:56,28,r/futurama,0,2018-05-17 04:25:28,5,0,1,0
8jyofu,2018-05-16 21:26:56,28,r/futurama,0,2018-05-17 05:07:59,4,0,1,0
8jyofu,2018-05-16 21:26:56,28,r/futurama,0,2018-05-17 01:03:59,3,2,20,0
8jyofu,2018-05-16 21:26:56,28,r/futurama,0,2018-05-17 01:31:27,4,0,3,0
8jyofu,2018-05-16 21:26:56,28,r/futurama,0,2018-05-17 03:59:44,4,0,1,0
8jyofu,2018-05-16 21:26:56,28,r/futurama,0,2018-05-17 01:02:28,3,1,15,0
8jyofu,2018-05-16 21:26:56,28,r/futurama,0,2018-05-17 02:10:42,4,1,12,0
8jyofu,2018-05-16 21:26:56,28,r/futurama,0,2018-05-17 02:23:42,5,2,3,0
8jyofu,2018-05-16 21:26:56,28,r/futurama,0,2018-05-17 02:31:14,6,3,7,0
8jyofu,2018-05-16 21:26:56,28,r/futurama,0,2018-05-17 02:33:15,7,2,7,0
8jyofu,2018-05-16 21:26:56,28,r/futurama,0,2018-05-17 02:39:28,8,1,4,0
8jyofu,2018-05-16 21:26:56,28,r/futurama,0,2018-05-17 04:32:32,9,0,1,0
8jyofu,2018-05-16 21:26:56,28,r/futurama,0,2018-05-17 02:40:27,8,1,2,0
8jyofu,2018-05-16 21:26:56,28,r/futurama,0,2018-05-17 02:43:00,9,1,10,0
8jyofu,2018-05-16 21:26:56,28,r/futurama,0,2018-05-17 03:08:12,7,0,2,0
8jyofu,2018-05-16 21:26:56,28,r/futurama,0,2018-05-17 03:38:04,7,1,1,0
8jyofu,2018-05-16 21:26:56,28,r/futurama,0,2018-05-17 03:53:19,8,0,1,0
8jyofu,2018-05-16 21:26:56,28,r/futurama,0,2018-05-17 02:50:23,6,0,0,0
8jyofu,2018-05-16 21:26:56,28,r/futurama,0,2018-05-17 01:29:57,3,0,3,0
8jyofu,2018-05-16 21:26:56,28,r/futurama,0,2018-05-17 01:49:17,3,0,2,0
8jyofu,2018-05-16 21:26:56,28,r/futurama,0,2018-05-17 01:04:23,3,1,0,0
8jyofu,2018-05-16 21:26:56,28,r/futurama,0,2018-05-17 01:41:22,4,0,1,0
8jyofu,2018-05-16 21:26:56,28,r/futurama,0,2018-05-17 01:55:41,2,2,9,0
8jyofu,2018-05-16 21:26:56,28,r/futurama,0,2018-05-17 02:13:20,3,0,10,0
8jyofu,2018-05-16 21:26:56,28,r/futurama,0,2018-05-17 02:11:41,3,1,6,0
8jyofu,2018-05-16 21:26:56,28,r/futurama,0,2018-05-17 03:04:14,4,0,2,0
8jyofu,2018-05-16 21:26:56,28,r/futurama,0,2018-05-17 02:07:25,2,0,2,0
8jyofu,2018-05-16 21:26:56,28,r/futurama,0,2018-05-17 02:49:13,2,0,2,0
8jyofu,2018-05-16 21:26:56,28,r/futurama,0,2018-05-17 02:22:07,2,0,1,0
8jyofu,2018-05-16 21:26:56,28,r/futurama,0,2018-05-17 03:27:24,2,0,1,0
8jyofu,2018-05-16 21:26:56,28,r/futurama,0,2018-05-17 02:53:02,2,0,0,0
8jyofu,2018-05-16 21:26:56,28,r/futurama,0,2018-05-17 00:54:35,1,3,179,0
8jyofu,2018-05-16 21:26:56,28,r/futurama,0,2018-05-17 01:07:43,2,2,143,0
8jyofu,2018-05-16 21:26:56,28,r/futurama,0,2018-05-17 01:30:13,3,0,42,0
8jyofu,2018-05-16 21:26:56,28,r/futurama,0,2018-05-17 01:37:09,3,1,25,0
8jyofu,2018-05-16 21:26:56,28,r/futurama,0,2018-05-17 02:51:02,4,1,-3,0
8jyofu,2018-05-16 21:26:56,28,r/futurama,0,2018-05-17 03:30:35,5,0,2,0
8jyofu,2018-05-16 21:26:56,28,r/futurama,0,2018-05-17 02:04:23,2,2,7,0
8jyofu,2018-05-16 21:26:56,28,r/futurama,0,2018-05-17 02:22:36,3,1,31,0
8jyofu,2018-05-16 21:26:56,28,r/futurama,0,2018-05-17 02:29:28,4,2,8,0
8jyofu,2018-05-16 21:26:56,28,r/futurama,0,2018-05-17 02:36:20,5,6,9,0
8jyofu,2018-05-16 21:26:56,28,r/futurama,0,2018-05-17 02:37:34,6,0,12,0
8jyofu,2018-05-16 21:26:56,28,r/futurama,0,2018-05-17 02:57:47,6,5,8,0
8jyofu,2018-05-16 21:26:56,28,r/futurama,0,2018-05-17 03:08:19,7,0,5,0
8jyofu,2018-05-16 21:26:56,28,r/futurama,0,2018-05-17 03:25:16,7,1,3,0
8jyofu,2018-05-16 21:26:56,28,r/futurama,0,2018-05-17 03:43:09,8,2,0,0
8jyofu,2018-05-16 21:26:56,28,r/futurama,0,2018-05-17 03:51:43,9,0,2,0
8jyofu,2018-05-16 21:26:56,28,r/futurama,0,2018-05-17 04:28:32,9,0,1,0
8jyofu,2018-05-16 21:26:56,28,r/futurama,0,2018-05-17 03:35:39,7,0,2,0
8jyofu,2018-05-16 21:26:56,28,r/futurama,0,2018-05-17 03:19:16,7,1,1,0
8jyofu,2018-05-16 21:26:56,28,r/futurama,0,2018-05-17 03:34:59,8,1,2,0
8jyofu,2018-05-16 21:26:56,28,r/futurama,0,2018-05-17 04:42:41,9,1,1,0
8jyofu,2018-05-16 21:26:56,28,r/futurama,0,2018-05-17 04:41:07,7,0,1,0
8jyofu,2018-05-16 21:26:56,28,r/futurama,0,2018-05-17 03:20:36,6,0,3,0
8jyofu,2018-05-16 21:26:56,28,r/futurama,0,2018-05-17 02:37:51,6,0,2,0
8jyofu,2018-05-16 21:26:56,28,r/futurama,0,2018-05-17 03:34:52,6,0,2,0
8jyofu,2018-05-16 21:26:56,28,r/futurama,0,2018-05-17 02:41:22,6,0,2,0
8jyofu,2018-05-16 21:26:56,28,r/futurama,0,2018-05-17 04:02:23,5,0,1,0
8jyofu,2018-05-16 21:26:56,28,r/futurama,0,2018-05-17 03:59:33,3,0,2,0
8jyofu,2018-05-16 21:26:56,28,r/futurama,0,2018-05-17 01:27:29,2,0,1,0
8jyofu,2018-05-16 21:26:56,28,r/futurama,0,2018-05-17 01:20:25,1,0,51,0
8jyofu,2018-05-16 21:26:56,28,r/futurama,0,2018-05-17 02:03:13,1,0,6,0
8jyofu,2018-05-16 21:26:56,28,r/futurama,1,2018-05-17 00:50:15,0,6,493,0
8jyofu,2018-05-16 21:26:56,28,r/futurama,1,2018-05-17 02:39:57,1,1,62,0
8jyofu,2018-05-16 21:26:56,28,r/futurama,1,2018-05-17 02:45:01,2,1,31,0
8jyofu,2018-05-16 21:26:56,28,r/futurama,1,2018-05-17 04:29:31,3,0,8,0
8jyofu,2018-05-16 21:26:56,28,r/futurama,1,2018-05-17 01:20:31,1,0,54,0
8jyofu,2018-05-16 21:26:56,28,r/futurama,1,2018-05-17 01:07:22,1,0,8,0
8jyofu,2018-05-16 21:26:56,28,r/futurama,1,2018-05-17 02:44:17,1,0,3,0
8jyofu,2018-05-16 21:26:56,28,r/futurama,1,2018-05-17 04:27:08,1,0,1,0
8jyofu,2018-05-16 21:26:56,28,r/futurama,1,2018-05-17 04:56:10,1,0,1,0
8jyofu,2018-05-16 21:26:56,28,r/futurama,2,2018-05-17 01:41:39,0,3,486,0
8jyofu,2018-05-16 21:26:56,28,r/futurama,2,2018-05-17 03:32:39,1,0,65,0
8jyofu,2018-05-16 21:26:56,28,r/futurama,2,2018-05-17 02:40:48,1,0,38,0
8jyofu,2018-05-16 21:26:56,28,r/futurama,2,2018-05-17 04:16:13,1,0,4,0
8jyofu,2018-05-16 21:26:56,28,r/futurama,3,2018-05-17 00:36:59,0,4,1223,0
8jyofu,2018-05-16 21:26:56,28,r/futurama,3,2018-05-17 01:34:14,1,5,758,0
8jyofu,2018-05-16 21:26:56,28,r/futurama,3,2018-05-17 01:47:05,2,2,352,0
8jyofu,2018-05-16 21:26:56,28,r/futurama,3,2018-05-17 02:05:55,3,1,57,0
8jyofu,2018-05-16 21:26:56,28,r/futurama,3,2018-05-17 02:09:04,4,0,27,0
8jyofu,2018-05-16 21:26:56,28,r/futurama,3,2018-05-17 02:34:34,3,0,34,0
8jyofu,2018-05-16 21:26:56,28,r/futurama,3,2018-05-17 03:05:53,2,0,26,0
8jyofu,2018-05-16 21:26:56,28,r/futurama,3,2018-05-17 02:24:50,2,1,11,0
8jyofu,2018-05-16 21:26:56,28,r/futurama,3,2018-05-17 03:38:49,3,0,4,0
8jyofu,2018-05-16 21:26:56,28,r/futurama,3,2018-05-17 04:13:51,2,0,4,0
8jyofu,2018-05-16 21:26:56,28,r/futurama,3,2018-05-17 01:54:08,2,3,-31,0
8jyofu,2018-05-16 21:26:56,28,r/futurama,3,2018-05-17 02:04:18,3,0,8,0
8jyofu,2018-05-16 21:26:56,28,r/futurama,3,2018-05-17 02:06:17,3,1,5,0
8jyofu,2018-05-16 21:26:56,28,r/futurama,3,2018-05-17 02:14:49,4,0,12,0
8jyofu,2018-05-16 21:26:56,28,r/futurama,3,2018-05-17 02:20:42,3,1,3,0
8jyofu,2018-05-16 21:26:56,28,r/futurama,3,2018-05-17 02:28:41,4,1,1,0
8jyofu,2018-05-16 21:26:56,28,r/futurama,3,2018-05-17 02:35:03,5,0,7,0
8jyofu,2018-05-16 21:26:56,28,r/futurama,3,2018-05-17 01:59:39,1,1,33,0
8jyofu,2018-05-16 21:26:56,28,r/futurama,3,2018-05-17 02:06:27,2,2,7,0
8jyofu,2018-05-16 21:26:56,28,r/futurama,3,2018-05-17 04:09:45,3,0,4,0
8jyofu,2018-05-16 21:26:56,28,r/futurama,3,2018-05-17 02:56:08,3,0,2,0
8jyofu,2018-05-16 21:26:56,28,r/futurama,3,2018-05-17 01:35:16,1,1,65,0
8jyofu,2018-05-16 21:26:56,28,r/futurama,3,2018-05-17 01:37:11,2,0,35,0
8jyofu,2018-05-16 21:26:56,28,r/futurama,3,2018-05-17 03:03:45,1,1,18,0
8jyofu,2018-05-16 21:26:56,28,r/futurama,3,2018-05-17 04:08:31,2,0,6,0
8jyofu,2018-05-16 21:26:56,28,r/futurama,4,2018-05-17 00:53:51,0,1,261,0
8jyofu,2018-05-16 21:26:56,28,r/futurama,4,2018-05-17 02:05:17,1,2,27,0
8jyofu,2018-05-16 21:26:56,28,r/futurama,4,2018-05-17 02:10:04,2,1,8,0
8jyofu,2018-05-16 21:26:56,28,r/futurama,4,2018-05-17 02:57:59,3,0,14,0
8jyofu,2018-05-16 21:26:56,28,r/futurama,4,2018-05-17 03:23:27,2,0,1,0
8jyofu,2018-05-16 21:26:56,28,r/futurama,5,2018-05-17 01:07:25,0,3,529,0
8jyofu,2018-05-16 21:26:56,28,r/futurama,5,2018-05-17 01:14:23,1,1,154,0
8jyofu,2018-05-16 21:26:56,28,r/futurama,5,2018-05-17 01:50:32,2,2,132,0
8jyofu,2018-05-16 21:26:56,28,r/futurama,5,2018-05-17 02:17:57,3,3,43,0
8jyofu,2018-05-16 21:26:56,28,r/futurama,5,2018-05-17 02:25:12,4,1,72,0
8jyofu,2018-05-16 21:26:56,28,r/futurama,5,2018-05-17 03:55:40,5,0,15,0
8jyofu,2018-05-16 21:26:56,28,r/futurama,5,2018-05-17 02:25:39,4,0,8,0
8jyofu,2018-05-16 21:26:56,28,r/futurama,5,2018-05-17 02:31:00,4,1,9,0
8jyofu,2018-05-16 21:26:56,28,r/futurama,5,2018-05-17 04:12:12,5,1,3,0
8jyofu,2018-05-16 21:26:56,28,r/futurama,5,2018-05-17 05:02:18,6,0,1,0
8jyofu,2018-05-16 21:26:56,28,r/futurama,5,2018-05-17 04:36:11,3,0,3,0
8jyofu,2018-05-16 21:26:56,28,r/futurama,5,2018-05-17 02:10:33,1,2,86,0
8jyofu,2018-05-16 21:26:56,28,r/futurama,5,2018-05-17 02:58:01,2,1,29,0
8jyofu,2018-05-16 21:26:56,28,r/futurama,5,2018-05-17 03:01:34,3,1,3,0
8jyofu,2018-05-16 21:26:56,28,r/futurama,5,2018-05-17 05:01:04,4,0,2,0
8jyofu,2018-05-16 21:26:56,28,r/futurama,5,2018-05-17 05:14:17,2,0,2,0
8jyofu,2018-05-16 21:26:56,28,r/futurama,5,2018-05-17 02:32:12,1,0,6,0
8jyofu,2018-05-16 21:26:56,28,r/futurama,6,2018-05-17 01:21:49,0,1,123,0
8jyofu,2018-05-16 21:26:56,28,r/futurama,6,2018-05-17 02:13:33,1,3,60,0
8jyofu,2018-05-16 21:26:56,28,r/futurama,6,2018-05-17 02:36:58,2,1,43,0
8jyofu,2018-05-16 21:26:56,28,r/futurama,6,2018-05-17 03:09:14,3,0,18,0
8jyofu,2018-05-16 21:26:56,28,r/futurama,6,2018-05-17 02:43:09,2,2,12,0
8jyofu,2018-05-16 21:26:56,28,r/futurama,6,2018-05-17 02:59:31,3,0,25,0
8jyofu,2018-05-16 21:26:56,28,r/futurama,6,2018-05-17 03:05:37,3,0,4,0
8jyofu,2018-05-16 21:26:56,28,r/futurama,6,2018-05-17 02:54:05,2,0,9,0
8jyofu,2018-05-16 21:26:56,28,r/futurama,7,2018-05-17 01:42:30,0,0,110,0
8jyofu,2018-05-16 21:26:56,28,r/futurama,8,2018-05-16 23:31:30,0,4,331,0
8jyofu,2018-05-16 21:26:56,28,r/futurama,8,2018-05-16 23:34:39,1,2,147,0
8jyofu,2018-05-16 21:26:56,28,r/futurama,8,2018-05-17 00:48:47,2,3,139,0
8jyofu,2018-05-16 21:26:56,28,r/futurama,8,2018-05-17 00:52:03,3,1,67,0
8jyofu,2018-05-16 21:26:56,28,r/futurama,8,2018-05-17 01:16:58,4,1,39,0
8jyofu,2018-05-16 21:26:56,28,r/futurama,8,2018-05-17 01:28:06,5,1,5,0
8jyofu,2018-05-16 21:26:56,28,r/futurama,8,2018-05-17 02:18:05,6,0,6,0
8jyofu,2018-05-16 21:26:56,28,r/futurama,8,2018-05-17 01:49:24,3,2,11,0
8jyofu,2018-05-16 21:26:56,28,r/futurama,8,2018-05-17 03:17:23,4,0,3,0
8jyofu,2018-05-16 21:26:56,28,r/futurama,8,2018-05-17 03:33:40,4,0,2,0
8jyofu,2018-05-16 21:26:56,28,r/futurama,8,2018-05-17 04:26:41,3,0,1,0
8jyofu,2018-05-16 21:26:56,28,r/futurama,8,2018-05-17 02:23:55,2,1,4,0
8jyofu,2018-05-16 21:26:56,28,r/futurama,8,2018-05-17 02:54:09,3,1,6,0
8jyofu,2018-05-16 21:26:56,28,r/futurama,8,2018-05-17 05:03:20,4,0,1,0
8jyofu,2018-05-16 21:26:56,28,r/futurama,8,2018-05-16 23:59:59,1,2,31,0
8jyofu,2018-05-16 21:26:56,28,r/futurama,8,2018-05-17 00:41:13,2,1,19,0
8jyofu,2018-05-16 21:26:56,28,r/futurama,8,2018-05-17 01:16:14,3,1,9,0
8jyofu,2018-05-16 21:26:56,28,r/futurama,8,2018-05-17 02:03:20,4,0,3,0
8jyofu,2018-05-16 21:26:56,28,r/futurama,8,2018-05-17 03:10:01,2,1,5,0
8jyofu,2018-05-16 21:26:56,28,r/futurama,8,2018-05-17 04:38:45,3,0,2,0
8jyofu,2018-05-16 21:26:56,28,r/futurama,8,2018-05-17 01:34:36,1,1,24,0
8jyofu,2018-05-16 21:26:56,28,r/futurama,8,2018-05-17 02:13:21,2,0,7,0
8jyofu,2018-05-16 21:26:56,28,r/futurama,8,2018-05-17 01:00:01,1,0,9,0
8jyofu,2018-05-16 21:26:56,28,r/futurama,9,2018-05-17 01:28:58,0,2,140,0
8jyofu,2018-05-16 21:26:56,28,r/futurama,9,2018-05-17 03:02:59,1,0,8,0
8jyofu,2018-05-16 21:26:56,28,r/futurama,9,2018-05-17 02:29:26,1,3,9,0
8jyofu,2018-05-16 21:26:56,28,r/futurama,9,2018-05-17 02:37:32,2,1,43,0
8jyofu,2018-05-16 21:26:56,28,r/futurama,9,2018-05-17 02:39:39,3,3,12,0
8jyofu,2018-05-16 21:26:56,28,r/futurama,9,2018-05-17 02:46:42,4,0,20,0
8jyofu,2018-05-16 21:26:56,28,r/futurama,9,2018-05-17 02:48:57,4,0,4,0
8jyofu,2018-05-16 21:26:56,28,r/futurama,9,2018-05-17 04:45:29,4,0,2,0
8jyofu,2018-05-16 21:26:56,28,r/futurama,9,2018-05-17 02:47:13,2,0,8,0
8jyofu,2018-05-16 21:26:56,28,r/futurama,9,2018-05-17 02:42:47,2,0,1,0
8jyofu,2018-05-16 21:26:56,28,r/futurama,10,2018-05-17 01:06:02,0,1,170,0
8jyofu,2018-05-16 21:26:56,28,r/futurama,10,2018-05-17 01:25:04,1,0,47,0
8jyofu,2018-05-16 21:26:56,28,r/futurama,11,2018-05-17 01:21:28,0,0,33,0
8jyofu,2018-05-16 21:26:56,28,r/futurama,12,2018-05-16 23:27:42,0,0,110,0
8jyofu,2018-05-16 21:26:56,28,r/futurama,13,2018-05-17 02:26:58,0,1,22,0
8jyofu,2018-05-16 21:26:56,28,r/futurama,13,2018-05-17 05:03:30,1,0,1,0
8jyofu,2018-05-16 21:26:56,28,r/futurama,14,2018-05-17 01:05:44,0,1,31,0
8jyofu,2018-05-16 21:26:56,28,r/futurama,14,2018-05-17 02:21:26,1,0,3,0
8jyofu,2018-05-16 21:26:56,28,r/futurama,15,2018-05-16 22:48:41,0,0,47,0
8jyofu,2018-05-16 21:26:56,28,r/futurama,16,2018-05-17 01:24:37,0,0,18,0
8jyofu,2018-05-16 21:26:56,28,r/futurama,17,2018-05-16 23:23:52,0,1,26,0
8jyofu,2018-05-16 21:26:56,28,r/futurama,17,2018-05-16 23:32:04,1,0,67,0
8jyofu,2018-05-16 21:26:56,28,r/futurama,18,2018-05-17 02:15:58,0,2,14,0
8jyofu,2018-05-16 21:26:56,28,r/futurama,18,2018-05-17 03:15:39,1,0,7,0
8jyofu,2018-05-16 21:26:56,28,r/futurama,18,2018-05-17 03:55:34,1,1,3,0
8jyofu,2018-05-16 21:26:56,28,r/futurama,18,2018-05-17 04:56:08,2,0,1,0
8jyofu,2018-05-16 21:26:56,28,r/futurama,19,2018-05-17 00:36:10,0,1,24,0
8jyofu,2018-05-16 21:26:56,28,r/futurama,19,2018-05-17 00:47:04,1,3,96,0
8jyofu,2018-05-16 21:26:56,28,r/futurama,19,2018-05-17 00:56:52,2,0,37,0
8jyofu,2018-05-16 21:26:56,28,r/futurama,19,2018-05-17 02:07:17,2,1,19,0
8jyofu,2018-05-16 21:26:56,28,r/futurama,19,2018-05-17 04:42:21,3,0,1,0
8jyofu,2018-05-16 21:26:56,28,r/futurama,19,2018-05-17 03:13:52,2,0,5,0
8jyofu,2018-05-16 21:26:56,28,r/futurama,20,2018-05-17 00:21:09,0,1,22,0
8jyofu,2018-05-16 21:26:56,28,r/futurama,20,2018-05-17 00:31:16,1,2,8,0
8jyofu,2018-05-16 21:26:56,28,r/futurama,20,2018-05-17 00:33:50,2,1,15,0
8jyofu,2018-05-16 21:26:56,28,r/futurama,20,2018-05-17 00:38:47,3,2,7,0
8jyofu,2018-05-16 21:26:56,28,r/futurama,20,2018-05-17 01:12:37,4,0,7,0
8jyofu,2018-05-16 21:26:56,28,r/futurama,20,2018-05-17 02:14:40,4,0,2,0
8jyofu,2018-05-16 21:26:56,28,r/futurama,20,2018-05-17 00:35:02,2,0,2,0
8jyofu,2018-05-16 21:26:56,28,r/futurama,21,2018-05-17 03:03:23,0,0,11,0
8jyofu,2018-05-16 21:26:56,28,r/futurama,22,2018-05-17 02:38:09,0,0,9,0
8jyofu,2018-05-16 21:26:56,28,r/futurama,23,2018-05-17 01:06:29,0,0,9,0
8jyofu,2018-05-16 21:26:56,28,r/futurama,24,2018-05-17 01:37:06,0,1,5,0
8jyofu,2018-05-16 21:26:56,28,r/futurama,24,2018-05-17 01:45:41,1,1,5,0
8jyofu,2018-05-16 21:26:56,28,r/futurama,24,2018-05-17 04:10:03,2,1,3,0
8jyofu,2018-05-16 21:26:56,28,r/futurama,24,2018-05-17 04:59:19,3,0,1,0
8jyofu,2018-05-16 21:26:56,28,r/futurama,25,2018-05-17 01:33:43,0,0,5,0
8jyofu,2018-05-16 21:26:56,28,r/futurama,26,2018-05-17 03:09:08,0,0,4,0
8jyofu,2018-05-16 21:26:56,28,r/futurama,27,2018-05-17 01:46:03,0,0,2,0
8jyofu,2018-05-16 21:26:56,28,r/futurama,28,2018-05-17 01:59:15,0,0,2,0
8jyofu,2018-05-16 21:26:56,28,r/futurama,29,2018-05-17 03:48:15,0,0,2,0
8jyofu,2018-05-16 21:26:56,28,r/futurama,30,2018-05-17 03:56:31,0,0,2,0
8jyofu,2018-05-16 21:26:56,28,r/futurama,31,2018-05-17 04:10:05,0,0,2,0
8jyofu,2018-05-16 21:26:56,28,r/futurama,32,2018-05-17 05:12:12,0,0,2,0
8jyofu,2018-05-16 21:26:56,28,r/futurama,33,2018-05-17 01:35:19,0,0,1,0
8jyofu,2018-05-16 21:26:56,28,r/futurama,34,2018-05-17 03:17:04,0,0,1,0
8jyofu,2018-05-16 21:26:56,28,r/futurama,35,2018-05-17 03:26:46,0,0,1,0
8jyofu,2018-05-16 21:26:56,28,r/futurama,36,2018-05-17 03:53:43,0,0,1,0
8jyofu,2018-05-16 21:26:56,28,r/futurama,37,2018-05-17 04:18:38,0,0,1,0
8jyofu,2018-05-16 21:26:56,28,r/futurama,38,2018-05-17 04:54:49,0,0,1,0
8jyofu,2018-05-16 21:26:56,28,r/futurama,39,2018-05-17 05:13:26,0,0,1,0
8jyofu,2018-05-16 21:26:56,28,r/futurama,40,2018-05-17 00:56:38,0,0,1,0
8jyjp4,2018-05-16 21:09:25,29,r/interestingasfuck,0,2018-05-16 21:13:28,0,13,1489,0
8jyjp4,2018-05-16 21:09:25,29,r/interestingasfuck,0,2018-05-16 21:45:10,1,5,860,0
8jyjp4,2018-05-16 21:09:25,29,r/interestingasfuck,0,2018-05-17 01:33:55,2,1,233,0
8jyjp4,2018-05-16 21:09:25,29,r/interestingasfuck,0,2018-05-17 02:22:37,3,6,168,0
8jyjp4,2018-05-16 21:09:25,29,r/interestingasfuck,0,2018-05-17 02:23:56,4,1,39,0
8jyjp4,2018-05-16 21:09:25,29,r/interestingasfuck,0,2018-05-17 02:32:14,5,7,167,0
8jyjp4,2018-05-16 21:09:25,29,r/interestingasfuck,0,2018-05-17 02:39:00,6,3,75,0
8jyjp4,2018-05-16 21:09:25,29,r/interestingasfuck,0,2018-05-17 03:26:54,7,2,43,0
8jyjp4,2018-05-16 21:09:25,29,r/interestingasfuck,0,2018-05-17 03:40:59,8,2,4,0
8jyjp4,2018-05-16 21:09:25,29,r/interestingasfuck,0,2018-05-17 04:05:48,9,0,8,0
8jyjp4,2018-05-16 21:09:25,29,r/interestingasfuck,0,2018-05-17 04:05:54,9,0,4,0
8jyjp4,2018-05-16 21:09:25,29,r/interestingasfuck,0,2018-05-17 04:46:39,8,0,2,0
8jyjp4,2018-05-16 21:09:25,29,r/interestingasfuck,0,2018-05-17 04:24:05,7,1,1,0
8jyjp4,2018-05-16 21:09:25,29,r/interestingasfuck,0,2018-05-17 05:08:22,8,0,1,0
8jyjp4,2018-05-16 21:09:25,29,r/interestingasfuck,0,2018-05-17 03:43:11,7,0,-11,0
8jyjp4,2018-05-16 21:09:25,29,r/interestingasfuck,0,2018-05-17 03:13:06,6,0,7,0
8jyjp4,2018-05-16 21:09:25,29,r/interestingasfuck,0,2018-05-17 02:43:51,6,1,15,0
8jyjp4,2018-05-16 21:09:25,29,r/interestingasfuck,0,2018-05-17 04:06:34,7,0,10,0
8jyjp4,2018-05-16 21:09:25,29,r/interestingasfuck,0,2018-05-17 02:35:28,6,3,32,0
8jyjp4,2018-05-16 21:09:25,29,r/interestingasfuck,0,2018-05-17 03:17:05,7,0,9,0
8jyjp4,2018-05-16 21:09:25,29,r/interestingasfuck,0,2018-05-17 02:40:07,7,2,9,0
8jyjp4,2018-05-16 21:09:25,29,r/interestingasfuck,0,2018-05-17 03:39:46,8,0,3,0
8jyjp4,2018-05-16 21:09:25,29,r/interestingasfuck,0,2018-05-17 04:37:21,8,0,1,0
8jyjp4,2018-05-16 21:09:25,29,r/interestingasfuck,0,2018-05-17 03:24:45,7,0,1,0
8jyjp4,2018-05-16 21:09:25,29,r/interestingasfuck,0,2018-05-17 02:36:15,6,0,2,0
8jyjp4,2018-05-16 21:09:25,29,r/interestingasfuck,0,2018-05-17 02:36:35,6,0,1,0
8jyjp4,2018-05-16 21:09:25,29,r/interestingasfuck,0,2018-05-17 05:08:40,6,0,1,0
8jyjp4,2018-05-16 21:09:25,29,r/interestingasfuck,0,2018-05-17 02:32:24,4,0,12,0
8jyjp4,2018-05-16 21:09:25,29,r/interestingasfuck,0,2018-05-17 02:52:45,4,1,6,0
8jyjp4,2018-05-16 21:09:25,29,r/interestingasfuck,0,2018-05-17 05:10:07,5,0,1,0
8jyjp4,2018-05-16 21:09:25,29,r/interestingasfuck,0,2018-05-17 02:25:49,4,0,2,0
8jyjp4,2018-05-16 21:09:25,29,r/interestingasfuck,0,2018-05-17 04:18:58,4,0,1,0
8jyjp4,2018-05-16 21:09:25,29,r/interestingasfuck,0,2018-05-17 02:26:48,4,1,-2,0
8jyjp4,2018-05-16 21:09:25,29,r/interestingasfuck,0,2018-05-17 02:29:08,5,0,7,0
8jyjp4,2018-05-16 21:09:25,29,r/interestingasfuck,0,2018-05-17 02:10:03,2,1,43,0
8jyjp4,2018-05-16 21:09:25,29,r/interestingasfuck,0,2018-05-17 02:32:57,3,0,4,0
8jyjp4,2018-05-16 21:09:25,29,r/interestingasfuck,0,2018-05-17 04:08:01,2,0,2,0
8jyjp4,2018-05-16 21:09:25,29,r/interestingasfuck,0,2018-05-17 03:46:28,2,0,1,0
8jyjp4,2018-05-16 21:09:25,29,r/interestingasfuck,0,2018-05-17 01:25:29,2,1,-22,0
8jyjp4,2018-05-16 21:09:25,29,r/interestingasfuck,0,2018-05-17 01:52:47,3,1,3,0
8jyjp4,2018-05-16 21:09:25,29,r/interestingasfuck,0,2018-05-17 02:24:54,4,0,2,0
8jyjp4,2018-05-16 21:09:25,29,r/interestingasfuck,0,2018-05-16 21:41:46,1,3,39,0
8jyjp4,2018-05-16 21:09:25,29,r/interestingasfuck,0,2018-05-17 02:34:06,2,0,4,0
8jyjp4,2018-05-16 21:09:25,29,r/interestingasfuck,0,2018-05-17 02:46:00,2,0,3,0
8jyjp4,2018-05-16 21:09:25,29,r/interestingasfuck,0,2018-05-17 04:40:26,2,0,1,0
8jyjp4,2018-05-16 21:09:25,29,r/interestingasfuck,0,2018-05-16 23:36:15,1,2,67,0
8jyjp4,2018-05-16 21:09:25,29,r/interestingasfuck,0,2018-05-17 02:27:41,2,0,6,0
8jyjp4,2018-05-16 21:09:25,29,r/interestingasfuck,0,2018-05-17 00:45:29,2,0,30,0
8jyjp4,2018-05-16 21:09:25,29,r/interestingasfuck,0,2018-05-17 02:45:59,1,1,8,0
8jyjp4,2018-05-16 21:09:25,29,r/interestingasfuck,0,2018-05-17 05:01:18,2,0,1,0
8jyjp4,2018-05-16 21:09:25,29,r/interestingasfuck,0,2018-05-17 02:34:30,1,1,3,0
8jyjp4,2018-05-16 21:09:25,29,r/interestingasfuck,0,2018-05-17 04:27:11,2,0,6,0
8jyjp4,2018-05-16 21:09:25,29,r/interestingasfuck,0,2018-05-17 03:29:27,1,1,2,0
8jyjp4,2018-05-16 21:09:25,29,r/interestingasfuck,0,2018-05-17 04:54:43,2,0,1,0
8jyjp4,2018-05-16 21:09:25,29,r/interestingasfuck,0,2018-05-17 01:26:40,1,0,1,0
8jyjp4,2018-05-16 21:09:25,29,r/interestingasfuck,0,2018-05-17 02:34:13,1,0,1,0
8jyjp4,2018-05-16 21:09:25,29,r/interestingasfuck,0,2018-05-17 03:58:02,1,0,1,0
8jyjp4,2018-05-16 21:09:25,29,r/interestingasfuck,0,2018-05-17 04:44:36,1,0,1,0
8jyjp4,2018-05-16 21:09:25,29,r/interestingasfuck,0,2018-05-17 05:15:56,1,0,1,0
8jyjp4,2018-05-16 21:09:25,29,r/interestingasfuck,0,2018-05-17 01:07:31,1,0,-6,0
8jyjp4,2018-05-16 21:09:25,29,r/interestingasfuck,0,2018-05-17 01:15:54,1,0,-13,0
8jyjp4,2018-05-16 21:09:25,29,r/interestingasfuck,1,2018-05-16 21:41:31,0,11,289,0
8jyjp4,2018-05-16 21:09:25,29,r/interestingasfuck,1,2018-05-17 01:19:01,1,3,218,0
8jyjp4,2018-05-16 21:09:25,29,r/interestingasfuck,1,2018-05-17 02:24:33,2,2,88,0
8jyjp4,2018-05-16 21:09:25,29,r/interestingasfuck,1,2018-05-17 02:55:34,3,2,33,0
8jyjp4,2018-05-16 21:09:25,29,r/interestingasfuck,1,2018-05-17 03:05:45,4,1,13,0
8jyjp4,2018-05-16 21:09:25,29,r/interestingasfuck,1,2018-05-17 03:43:33,5,4,30,0
8jyjp4,2018-05-16 21:09:25,29,r/interestingasfuck,1,2018-05-17 03:46:06,6,4,28,0
8jyjp4,2018-05-16 21:09:25,29,r/interestingasfuck,1,2018-05-17 03:47:31,7,0,21,0
8jyjp4,2018-05-16 21:09:25,29,r/interestingasfuck,1,2018-05-17 04:40:48,7,0,8,0
8jyjp4,2018-05-16 21:09:25,29,r/interestingasfuck,1,2018-05-17 03:52:19,7,0,6,0
8jyjp4,2018-05-16 21:09:25,29,r/interestingasfuck,1,2018-05-17 04:13:50,7,0,3,0
8jyjp4,2018-05-16 21:09:25,29,r/interestingasfuck,1,2018-05-17 03:44:56,6,0,12,0
8jyjp4,2018-05-16 21:09:25,29,r/interestingasfuck,1,2018-05-17 04:03:08,6,0,3,0
8jyjp4,2018-05-16 21:09:25,29,r/interestingasfuck,1,2018-05-17 04:45:04,6,0,1,0
8jyjp4,2018-05-16 21:09:25,29,r/interestingasfuck,1,2018-05-17 04:45:25,4,0,1,0
8jyjp4,2018-05-16 21:09:25,29,r/interestingasfuck,1,2018-05-17 03:22:04,3,1,3,0
8jyjp4,2018-05-16 21:09:25,29,r/interestingasfuck,1,2018-05-17 04:29:35,4,0,1,0
8jyjp4,2018-05-16 21:09:25,29,r/interestingasfuck,1,2018-05-17 03:26:22,2,1,3,0
8jyjp4,2018-05-16 21:09:25,29,r/interestingasfuck,1,2018-05-17 03:45:43,3,1,7,0
8jyjp4,2018-05-16 21:09:25,29,r/interestingasfuck,1,2018-05-17 04:03:13,4,0,5,0
8jyjp4,2018-05-16 21:09:25,29,r/interestingasfuck,1,2018-05-17 04:56:13,2,0,2,0
8jyjp4,2018-05-16 21:09:25,29,r/interestingasfuck,1,2018-05-17 01:13:42,1,2,79,0
8jyjp4,2018-05-16 21:09:25,29,r/interestingasfuck,1,2018-05-17 01:59:41,2,3,28,0
8jyjp4,2018-05-16 21:09:25,29,r/interestingasfuck,1,2018-05-17 02:19:28,3,1,20,0
8jyjp4,2018-05-16 21:09:25,29,r/interestingasfuck,1,2018-05-17 02:51:52,4,1,1,0
8jyjp4,2018-05-16 21:09:25,29,r/interestingasfuck,1,2018-05-17 03:32:58,5,1,1,0
8jyjp4,2018-05-16 21:09:25,29,r/interestingasfuck,1,2018-05-17 03:47:25,6,0,1,0
8jyjp4,2018-05-16 21:09:25,29,r/interestingasfuck,1,2018-05-17 03:06:46,3,1,3,0
8jyjp4,2018-05-16 21:09:25,29,r/interestingasfuck,1,2018-05-17 04:07:55,4,0,2,0
8jyjp4,2018-05-16 21:09:25,29,r/interestingasfuck,1,2018-05-17 02:53:01,3,0,1,0
8jyjp4,2018-05-16 21:09:25,29,r/interestingasfuck,1,2018-05-17 02:00:50,2,0,9,0
8jyjp4,2018-05-16 21:09:25,29,r/interestingasfuck,1,2018-05-17 01:57:58,1,2,23,0
8jyjp4,2018-05-16 21:09:25,29,r/interestingasfuck,1,2018-05-17 02:15:48,2,2,16,0
8jyjp4,2018-05-16 21:09:25,29,r/interestingasfuck,1,2018-05-17 02:33:39,3,0,8,0
8jyjp4,2018-05-16 21:09:25,29,r/interestingasfuck,1,2018-05-17 02:35:38,3,0,5,0
8jyjp4,2018-05-16 21:09:25,29,r/interestingasfuck,1,2018-05-17 02:38:53,2,0,3,0
8jyjp4,2018-05-16 21:09:25,29,r/interestingasfuck,1,2018-05-17 01:32:30,1,0,23,0
8jyjp4,2018-05-16 21:09:25,29,r/interestingasfuck,1,2018-05-17 02:30:11,1,0,7,0
8jyjp4,2018-05-16 21:09:25,29,r/interestingasfuck,1,2018-05-17 04:08:53,1,1,7,0
8jyjp4,2018-05-16 21:09:25,29,r/interestingasfuck,1,2018-05-17 04:33:29,2,0,2,0
8jyjp4,2018-05-16 21:09:25,29,r/interestingasfuck,1,2018-05-17 03:26:11,1,1,2,0
8jyjp4,2018-05-16 21:09:25,29,r/interestingasfuck,1,2018-05-17 03:40:11,2,0,1,0
8jyjp4,2018-05-16 21:09:25,29,r/interestingasfuck,1,2018-05-17 04:19:12,1,0,1,0
8jyjp4,2018-05-16 21:09:25,29,r/interestingasfuck,1,2018-05-17 04:42:12,1,0,1,0
8jyjp4,2018-05-16 21:09:25,29,r/interestingasfuck,1,2018-05-17 05:03:32,1,0,1,0
8jyjp4,2018-05-16 21:09:25,29,r/interestingasfuck,1,2018-05-16 22:10:46,1,1,-3,0
8jyjp4,2018-05-16 21:09:25,29,r/interestingasfuck,1,2018-05-16 22:19:08,2,2,13,0
8jyjp4,2018-05-16 21:09:25,29,r/interestingasfuck,1,2018-05-17 00:29:25,3,0,7,0
8jyjp4,2018-05-16 21:09:25,29,r/interestingasfuck,1,2018-05-17 00:21:00,3,1,1,0
8jyjp4,2018-05-16 21:09:25,29,r/interestingasfuck,1,2018-05-17 02:17:08,4,2,3,0
8jyjp4,2018-05-16 21:09:25,29,r/interestingasfuck,1,2018-05-17 02:33:02,5,1,2,0
8jyjp4,2018-05-16 21:09:25,29,r/interestingasfuck,1,2018-05-17 02:44:13,6,0,1,0
8jyjp4,2018-05-16 21:09:25,29,r/interestingasfuck,1,2018-05-17 02:39:58,5,0,1,0
8jyjp4,2018-05-16 21:09:25,29,r/interestingasfuck,2,2018-05-16 22:10:08,0,10,757,0
8jyjp4,2018-05-16 21:09:25,29,r/interestingasfuck,2,2018-05-17 00:01:53,1,6,540,0
8jyjp4,2018-05-16 21:09:25,29,r/interestingasfuck,2,2018-05-17 01:09:32,2,21,429,0
8jyjp4,2018-05-16 21:09:25,29,r/interestingasfuck,2,2018-05-17 01:18:25,3,7,589,0
8jyjp4,2018-05-16 21:09:25,29,r/interestingasfuck,2,2018-05-17 01:22:31,4,5,200,0
8jyjp4,2018-05-16 21:09:25,29,r/interestingasfuck,2,2018-05-17 01:39:27,5,7,187,0
8jyjp4,2018-05-16 21:09:25,29,r/interestingasfuck,2,2018-05-17 01:56:31,6,4,265,0
8jyjp4,2018-05-16 21:09:25,29,r/interestingasfuck,2,2018-05-17 02:03:23,7,4,156,0
8jyjp4,2018-05-16 21:09:25,29,r/interestingasfuck,2,2018-05-17 02:35:25,8,2,59,0
8jyjp4,2018-05-16 21:09:25,29,r/interestingasfuck,2,2018-05-17 02:36:49,9,1,24,0
8jyjp4,2018-05-16 21:09:25,29,r/interestingasfuck,2,2018-05-17 02:51:35,9,0,17,0
8jyjp4,2018-05-16 21:09:25,29,r/interestingasfuck,2,2018-05-17 02:53:33,8,1,30,0
8jyjp4,2018-05-16 21:09:25,29,r/interestingasfuck,2,2018-05-17 04:02:52,9,0,3,0
8jyjp4,2018-05-16 21:09:25,29,r/interestingasfuck,2,2018-05-17 02:34:26,8,1,11,0
8jyjp4,2018-05-16 21:09:25,29,r/interestingasfuck,2,2018-05-17 03:26:13,9,0,8,0
8jyjp4,2018-05-16 21:09:25,29,r/interestingasfuck,2,2018-05-17 03:32:50,8,0,6,0
8jyjp4,2018-05-16 21:09:25,29,r/interestingasfuck,2,2018-05-17 02:04:23,7,1,11,0
8jyjp4,2018-05-16 21:09:25,29,r/interestingasfuck,2,2018-05-17 02:08:13,8,2,15,0
8jyjp4,2018-05-16 21:09:25,29,r/interestingasfuck,2,2018-05-17 02:24:43,9,0,8,0
8jyjp4,2018-05-16 21:09:25,29,r/interestingasfuck,2,2018-05-17 02:39:36,9,0,3,0
8jyjp4,2018-05-16 21:09:25,29,r/interestingasfuck,2,2018-05-17 04:21:28,7,0,2,0
8jyjp4,2018-05-16 21:09:25,29,r/interestingasfuck,2,2018-05-17 03:17:25,7,0,1,0
8jyjp4,2018-05-16 21:09:25,29,r/interestingasfuck,2,2018-05-17 02:26:31,6,2,10,0
8jyjp4,2018-05-16 21:09:25,29,r/interestingasfuck,2,2018-05-17 03:26:08,7,0,1,0
8jyjp4,2018-05-16 21:09:25,29,r/interestingasfuck,2,2018-05-17 03:28:51,7,0,1,0
8jyjp4,2018-05-16 21:09:25,29,r/interestingasfuck,2,2018-05-17 01:48:47,6,2,13,0
8jyjp4,2018-05-16 21:09:25,29,r/interestingasfuck,2,2018-05-17 01:50:57,7,1,55,0
8jyjp4,2018-05-16 21:09:25,29,r/interestingasfuck,2,2018-05-17 02:04:32,8,1,13,0
8jyjp4,2018-05-16 21:09:25,29,r/interestingasfuck,2,2018-05-17 02:16:10,9,0,6,0
8jyjp4,2018-05-16 21:09:25,29,r/interestingasfuck,2,2018-05-17 02:07:41,7,1,18,0
8jyjp4,2018-05-16 21:09:25,29,r/interestingasfuck,2,2018-05-17 02:42:21,8,0,2,0
8jyjp4,2018-05-16 21:09:25,29,r/interestingasfuck,2,2018-05-17 02:08:59,6,1,6,0
8jyjp4,2018-05-16 21:09:25,29,r/interestingasfuck,2,2018-05-17 02:29:40,7,0,14,0
8jyjp4,2018-05-16 21:09:25,29,r/interestingasfuck,2,2018-05-17 02:05:00,6,1,2,0
8jyjp4,2018-05-16 21:09:25,29,r/interestingasfuck,2,2018-05-17 03:27:06,7,3,10,0
8jyjp4,2018-05-16 21:09:25,29,r/interestingasfuck,2,2018-05-17 03:27:51,8,0,2,0
8jyjp4,2018-05-16 21:09:25,29,r/interestingasfuck,2,2018-05-17 04:06:34,8,1,2,0
8jyjp4,2018-05-16 21:09:25,29,r/interestingasfuck,2,2018-05-17 04:06:38,9,0,2,0
8jyjp4,2018-05-16 21:09:25,29,r/interestingasfuck,2,2018-05-17 04:42:51,8,1,1,0
8jyjp4,2018-05-16 21:09:25,29,r/interestingasfuck,2,2018-05-17 04:44:52,9,0,1,0
8jyjp4,2018-05-16 21:09:25,29,r/interestingasfuck,2,2018-05-17 02:40:45,6,0,1,0
8jyjp4,2018-05-16 21:09:25,29,r/interestingasfuck,2,2018-05-17 04:21:58,6,0,1,0
8jyjp4,2018-05-16 21:09:25,29,r/interestingasfuck,2,2018-05-17 01:39:53,5,0,4,0
8jyjp4,2018-05-16 21:09:25,29,r/interestingasfuck,2,2018-05-17 02:23:09,5,0,1,0
8jyjp4,2018-05-16 21:09:25,29,r/interestingasfuck,2,2018-05-17 04:00:18,5,0,1,0
8jyjp4,2018-05-16 21:09:25,29,r/interestingasfuck,2,2018-05-17 02:39:54,5,0,0,0
8jyjp4,2018-05-16 21:09:25,29,r/interestingasfuck,2,2018-05-17 02:24:37,4,0,5,0
8jyjp4,2018-05-16 21:09:25,29,r/interestingasfuck,2,2018-05-17 01:36:12,4,0,6,0
8jyjp4,2018-05-16 21:09:25,29,r/interestingasfuck,2,2018-05-17 02:40:57,4,0,3,0
8jyjp4,2018-05-16 21:09:25,29,r/interestingasfuck,2,2018-05-17 02:39:28,4,0,2,0
8jyjp4,2018-05-16 21:09:25,29,r/interestingasfuck,2,2018-05-17 02:46:23,4,0,2,0
8jyjp4,2018-05-16 21:09:25,29,r/interestingasfuck,2,2018-05-17 03:12:04,4,0,1,0
8jyjp4,2018-05-16 21:09:25,29,r/interestingasfuck,2,2018-05-17 01:19:20,3,2,98,0
8jyjp4,2018-05-16 21:09:25,29,r/interestingasfuck,2,2018-05-17 02:01:44,4,1,16,0
8jyjp4,2018-05-16 21:09:25,29,r/interestingasfuck,2,2018-05-17 02:42:15,5,1,8,0
8jyjp4,2018-05-16 21:09:25,29,r/interestingasfuck,2,2018-05-17 03:51:25,6,0,1,0
8jyjp4,2018-05-16 21:09:25,29,r/interestingasfuck,2,2018-05-17 01:35:38,4,2,-14,0
8jyjp4,2018-05-16 21:09:25,29,r/interestingasfuck,2,2018-05-17 01:36:57,5,1,27,0
8jyjp4,2018-05-16 21:09:25,29,r/interestingasfuck,2,2018-05-17 01:38:08,6,2,-5,0
8jyjp4,2018-05-16 21:09:25,29,r/interestingasfuck,2,2018-05-17 01:47:03,7,0,22,0
8jyjp4,2018-05-16 21:09:25,29,r/interestingasfuck,2,2018-05-17 01:47:31,7,1,5,0
8jyjp4,2018-05-16 21:09:25,29,r/interestingasfuck,2,2018-05-17 02:38:25,8,0,-1,0
8jyjp4,2018-05-16 21:09:25,29,r/interestingasfuck,2,2018-05-17 01:39:09,5,1,3,0
8jyjp4,2018-05-16 21:09:25,29,r/interestingasfuck,2,2018-05-17 01:39:54,6,2,-8,0
8jyjp4,2018-05-16 21:09:25,29,r/interestingasfuck,2,2018-05-17 02:10:16,7,0,1,0
8jyjp4,2018-05-16 21:09:25,29,r/interestingasfuck,2,2018-05-17 04:49:40,7,0,1,0
8jyjp4,2018-05-16 21:09:25,29,r/interestingasfuck,2,2018-05-17 01:33:41,3,2,16,0
8jyjp4,2018-05-16 21:09:25,29,r/interestingasfuck,2,2018-05-17 01:56:52,4,3,15,0
8jyjp4,2018-05-16 21:09:25,29,r/interestingasfuck,2,2018-05-17 02:52:59,5,1,7,0
8jyjp4,2018-05-16 21:09:25,29,r/interestingasfuck,2,2018-05-17 04:30:40,6,0,1,0
8jyjp4,2018-05-16 21:09:25,29,r/interestingasfuck,2,2018-05-17 02:58:37,5,0,8,0
8jyjp4,2018-05-16 21:09:25,29,r/interestingasfuck,2,2018-05-17 03:10:31,5,0,5,0
8jyjp4,2018-05-16 21:09:25,29,r/interestingasfuck,2,2018-05-17 01:34:49,4,2,0,0
8jyjp4,2018-05-16 21:09:25,29,r/interestingasfuck,2,2018-05-17 01:38:10,5,1,23,0
8jyjp4,2018-05-16 21:09:25,29,r/interestingasfuck,2,2018-05-17 04:01:35,6,0,1,0
8jyjp4,2018-05-16 21:09:25,29,r/interestingasfuck,2,2018-05-17 01:59:32,5,0,6,0
8jyjp4,2018-05-16 21:09:25,29,r/interestingasfuck,2,2018-05-17 01:31:17,3,0,19,0
8jyjp4,2018-05-16 21:09:25,29,r/interestingasfuck,2,2018-05-17 01:27:50,3,0,5,0
8jyjp4,2018-05-16 21:09:25,29,r/interestingasfuck,2,2018-05-17 01:18:54,3,2,18,0
8jyjp4,2018-05-16 21:09:25,29,r/interestingasfuck,2,2018-05-17 01:20:03,4,0,2,0
8jyjp4,2018-05-16 21:09:25,29,r/interestingasfuck,2,2018-05-17 02:23:37,4,0,-2,0
8jyjp4,2018-05-16 21:09:25,29,r/interestingasfuck,2,2018-05-17 01:45:21,3,0,5,0
8jyjp4,2018-05-16 21:09:25,29,r/interestingasfuck,2,2018-05-17 01:46:48,3,0,3,0
8jyjp4,2018-05-16 21:09:25,29,r/interestingasfuck,2,2018-05-17 01:52:42,3,0,3,0
8jyjp4,2018-05-16 21:09:25,29,r/interestingasfuck,2,2018-05-17 01:55:51,3,0,2,0
8jyjp4,2018-05-16 21:09:25,29,r/interestingasfuck,2,2018-05-17 02:20:17,3,0,2,0
8jyjp4,2018-05-16 21:09:25,29,r/interestingasfuck,2,2018-05-17 01:57:59,3,0,1,0
8jyjp4,2018-05-16 21:09:25,29,r/interestingasfuck,2,2018-05-17 02:01:24,3,0,1,0
8jyjp4,2018-05-16 21:09:25,29,r/interestingasfuck,2,2018-05-17 02:22:32,3,0,1,0
8jyjp4,2018-05-16 21:09:25,29,r/interestingasfuck,2,2018-05-17 02:28:40,3,0,1,0
8jyjp4,2018-05-16 21:09:25,29,r/interestingasfuck,2,2018-05-17 02:36:45,3,0,1,0
8jyjp4,2018-05-16 21:09:25,29,r/interestingasfuck,2,2018-05-17 02:44:54,3,0,1,0
8jyjp4,2018-05-16 21:09:25,29,r/interestingasfuck,2,2018-05-17 04:18:54,3,0,1,0
8jyjp4,2018-05-16 21:09:25,29,r/interestingasfuck,2,2018-05-17 04:38:20,3,0,1,0
8jyjp4,2018-05-16 21:09:25,29,r/interestingasfuck,2,2018-05-17 04:51:55,3,0,1,0
8jyjp4,2018-05-16 21:09:25,29,r/interestingasfuck,2,2018-05-17 02:33:05,3,0,0,0
8jyjp4,2018-05-16 21:09:25,29,r/interestingasfuck,2,2018-05-17 00:44:56,2,1,11,0
8jyjp4,2018-05-16 21:09:25,29,r/interestingasfuck,2,2018-05-17 01:10:14,3,0,12,0
8jyjp4,2018-05-16 21:09:25,29,r/interestingasfuck,2,2018-05-17 02:25:37,2,1,3,0
8jyjp4,2018-05-16 21:09:25,29,r/interestingasfuck,2,2018-05-17 02:29:19,3,1,5,0
8jyjp4,2018-05-16 21:09:25,29,r/interestingasfuck,2,2018-05-17 02:50:10,4,1,14,0
8jyjp4,2018-05-16 21:09:25,29,r/interestingasfuck,2,2018-05-17 03:22:13,5,0,8,0
8jyjp4,2018-05-16 21:09:25,29,r/interestingasfuck,2,2018-05-17 04:55:36,2,0,2,0
8jyjp4,2018-05-16 21:09:25,29,r/interestingasfuck,2,2018-05-17 03:59:39,2,0,1,0
8jyjp4,2018-05-16 21:09:25,29,r/interestingasfuck,2,2018-05-17 05:04:21,2,0,1,0
8jyjp4,2018-05-16 21:09:25,29,r/interestingasfuck,2,2018-05-16 23:25:27,1,0,32,0
8jyjp4,2018-05-16 21:09:25,29,r/interestingasfuck,2,2018-05-16 23:59:51,1,1,13,0
8jyjp4,2018-05-16 21:09:25,29,r/interestingasfuck,2,2018-05-17 00:32:20,2,1,34,0
8jyjp4,2018-05-16 21:09:25,29,r/interestingasfuck,2,2018-05-17 01:03:21,3,3,41,0
8jyjp4,2018-05-16 21:09:25,29,r/interestingasfuck,2,2018-05-17 02:25:58,4,1,19,0
8jyjp4,2018-05-16 21:09:25,29,r/interestingasfuck,2,2018-05-17 04:45:22,5,0,2,0
8jyjp4,2018-05-16 21:09:25,29,r/interestingasfuck,2,2018-05-17 01:45:36,4,4,13,0
8jyjp4,2018-05-16 21:09:25,29,r/interestingasfuck,2,2018-05-17 02:22:55,5,0,13,0
8jyjp4,2018-05-16 21:09:25,29,r/interestingasfuck,2,2018-05-17 02:54:59,5,1,10,0
8jyjp4,2018-05-16 21:09:25,29,r/interestingasfuck,2,2018-05-17 04:31:06,6,0,3,0
8jyjp4,2018-05-16 21:09:25,29,r/interestingasfuck,2,2018-05-17 03:10:22,5,0,3,0
8jyjp4,2018-05-16 21:09:25,29,r/interestingasfuck,2,2018-05-17 02:34:01,5,0,2,0
8jyjp4,2018-05-16 21:09:25,29,r/interestingasfuck,2,2018-05-17 02:03:11,4,0,1,0
8jyjp4,2018-05-16 21:09:25,29,r/interestingasfuck,2,2018-05-17 01:30:59,1,0,3,0
8jyjp4,2018-05-16 21:09:25,29,r/interestingasfuck,2,2018-05-17 01:37:18,1,0,4,0
8jyjp4,2018-05-16 21:09:25,29,r/interestingasfuck,2,2018-05-17 02:48:52,1,1,5,0
8jyjp4,2018-05-16 21:09:25,29,r/interestingasfuck,2,2018-05-17 04:11:59,2,0,1,0
8jyjp4,2018-05-16 21:09:25,29,r/interestingasfuck,2,2018-05-17 02:10:36,1,0,1,0
8jyjp4,2018-05-16 21:09:25,29,r/interestingasfuck,2,2018-05-17 02:46:46,1,0,1,0
8jyjp4,2018-05-16 21:09:25,29,r/interestingasfuck,2,2018-05-17 02:49:43,1,0,1,0
8jyjp4,2018-05-16 21:09:25,29,r/interestingasfuck,2,2018-05-17 04:10:12,1,0,1,0
8jyjp4,2018-05-16 21:09:25,29,r/interestingasfuck,3,2018-05-16 23:43:59,0,4,440,0
8jyjp4,2018-05-16 21:09:25,29,r/interestingasfuck,3,2018-05-17 02:10:30,1,7,83,0
8jyjp4,2018-05-16 21:09:25,29,r/interestingasfuck,3,2018-05-17 02:47:12,2,2,12,0
8jyjp4,2018-05-16 21:09:25,29,r/interestingasfuck,3,2018-05-17 03:07:42,3,0,4,0
8jyjp4,2018-05-16 21:09:25,29,r/interestingasfuck,3,2018-05-17 05:06:52,3,0,1,0
8jyjp4,2018-05-16 21:09:25,29,r/interestingasfuck,3,2018-05-17 02:59:18,2,1,3,0
8jyjp4,2018-05-16 21:09:25,29,r/interestingasfuck,3,2018-05-17 03:09:46,3,0,2,0
8jyjp4,2018-05-16 21:09:25,29,r/interestingasfuck,3,2018-05-17 04:13:20,2,1,2,0
8jyjp4,2018-05-16 21:09:25,29,r/interestingasfuck,3,2018-05-17 04:16:18,3,0,1,0
8jyjp4,2018-05-16 21:09:25,29,r/interestingasfuck,3,2018-05-17 04:00:37,2,0,1,0
8jyjp4,2018-05-16 21:09:25,29,r/interestingasfuck,3,2018-05-17 04:21:29,2,0,1,0
8jyjp4,2018-05-16 21:09:25,29,r/interestingasfuck,3,2018-05-17 04:42:42,2,1,1,0
8jyjp4,2018-05-16 21:09:25,29,r/interestingasfuck,3,2018-05-17 04:46:14,3,1,2,0
8jyjp4,2018-05-16 21:09:25,29,r/interestingasfuck,3,2018-05-17 04:48:02,4,0,1,0
8jyjp4,2018-05-16 21:09:25,29,r/interestingasfuck,3,2018-05-17 05:12:20,2,0,1,0
8jyjp4,2018-05-16 21:09:25,29,r/interestingasfuck,3,2018-05-17 01:45:50,1,0,28,0
8jyjp4,2018-05-16 21:09:25,29,r/interestingasfuck,3,2018-05-17 02:40:04,1,1,2,0
8jyjp4,2018-05-16 21:09:25,29,r/interestingasfuck,3,2018-05-17 04:51:22,2,0,1,0
8jyjp4,2018-05-16 21:09:25,29,r/interestingasfuck,3,2018-05-17 04:42:51,1,0,1,0
8jyjp4,2018-05-16 21:09:25,29,r/interestingasfuck,4,2018-05-16 22:19:39,0,4,167,0
8jyjp4,2018-05-16 21:09:25,29,r/interestingasfuck,4,2018-05-17 02:00:08,1,0,23,0
8jyjp4,2018-05-16 21:09:25,29,r/interestingasfuck,4,2018-05-17 02:43:51,1,0,1,0
8jyjp4,2018-05-16 21:09:25,29,r/interestingasfuck,4,2018-05-17 02:50:07,1,0,1,0
8jyjp4,2018-05-16 21:09:25,29,r/interestingasfuck,4,2018-05-17 02:22:57,1,1,-2,0
8jyjp4,2018-05-16 21:09:25,29,r/interestingasfuck,4,2018-05-17 03:00:13,2,1,0,0
8jyjp4,2018-05-16 21:09:25,29,r/interestingasfuck,4,2018-05-17 04:47:17,3,0,1,0
8jyjp4,2018-05-16 21:09:25,29,r/interestingasfuck,5,2018-05-16 21:44:19,0,3,67,0
8jyjp4,2018-05-16 21:09:25,29,r/interestingasfuck,5,2018-05-16 21:50:11,1,2,51,0
8jyjp4,2018-05-16 21:09:25,29,r/interestingasfuck,5,2018-05-16 22:00:17,2,5,48,0
8jyjp4,2018-05-16 21:09:25,29,r/interestingasfuck,5,2018-05-16 22:04:43,3,1,10,0
8jyjp4,2018-05-16 21:09:25,29,r/interestingasfuck,5,2018-05-17 01:11:31,4,2,8,0
8jyjp4,2018-05-16 21:09:25,29,r/interestingasfuck,5,2018-05-17 02:05:30,5,1,4,0
8jyjp4,2018-05-16 21:09:25,29,r/interestingasfuck,5,2018-05-17 02:43:51,6,0,4,0
8jyjp4,2018-05-16 21:09:25,29,r/interestingasfuck,5,2018-05-17 01:14:35,5,0,1,0
8jyjp4,2018-05-16 21:09:25,29,r/interestingasfuck,5,2018-05-16 23:43:06,3,2,17,0
8jyjp4,2018-05-16 21:09:25,29,r/interestingasfuck,5,2018-05-17 00:34:02,4,2,17,0
8jyjp4,2018-05-16 21:09:25,29,r/interestingasfuck,5,2018-05-17 00:37:16,5,2,23,0
8jyjp4,2018-05-16 21:09:25,29,r/interestingasfuck,5,2018-05-17 01:57:15,6,3,6,0
8jyjp4,2018-05-16 21:09:25,29,r/interestingasfuck,5,2018-05-17 02:08:19,7,0,1,0
8jyjp4,2018-05-16 21:09:25,29,r/interestingasfuck,5,2018-05-17 04:02:14,7,0,1,0
8jyjp4,2018-05-16 21:09:25,29,r/interestingasfuck,5,2018-05-17 05:10:42,7,0,1,0
8jyjp4,2018-05-16 21:09:25,29,r/interestingasfuck,5,2018-05-17 02:05:54,6,2,3,0
8jyjp4,2018-05-16 21:09:25,29,r/interestingasfuck,5,2018-05-17 03:57:39,7,0,1,0
8jyjp4,2018-05-16 21:09:25,29,r/interestingasfuck,5,2018-05-17 04:28:27,7,0,1,0
8jyjp4,2018-05-16 21:09:25,29,r/interestingasfuck,5,2018-05-17 00:37:33,5,0,10,0
8jyjp4,2018-05-16 21:09:25,29,r/interestingasfuck,5,2018-05-17 00:50:09,4,2,15,0
8jyjp4,2018-05-16 21:09:25,29,r/interestingasfuck,5,2018-05-17 02:21:31,5,0,2,0
8jyjp4,2018-05-16 21:09:25,29,r/interestingasfuck,5,2018-05-17 02:32:27,5,0,2,0
8jyjp4,2018-05-16 21:09:25,29,r/interestingasfuck,5,2018-05-17 01:02:35,3,1,3,0
8jyjp4,2018-05-16 21:09:25,29,r/interestingasfuck,5,2018-05-17 02:29:39,4,0,-3,0
8jyjp4,2018-05-16 21:09:25,29,r/interestingasfuck,5,2018-05-17 01:30:26,3,1,3,0
8jyjp4,2018-05-16 21:09:25,29,r/interestingasfuck,5,2018-05-17 02:22:01,4,0,1,0
8jyjp4,2018-05-16 21:09:25,29,r/interestingasfuck,5,2018-05-17 04:27:02,3,0,1,0
8jyjp4,2018-05-16 21:09:25,29,r/interestingasfuck,5,2018-05-17 01:48:04,2,3,1,0
8jyjp4,2018-05-16 21:09:25,29,r/interestingasfuck,5,2018-05-17 02:08:55,3,0,1,0
8jyjp4,2018-05-16 21:09:25,29,r/interestingasfuck,5,2018-05-17 02:17:20,3,0,1,0
8jyjp4,2018-05-16 21:09:25,29,r/interestingasfuck,5,2018-05-17 04:02:25,3,0,1,0
8jyjp4,2018-05-16 21:09:25,29,r/interestingasfuck,5,2018-05-17 02:30:56,1,0,13,0
8jyjp4,2018-05-16 21:09:25,29,r/interestingasfuck,5,2018-05-17 01:26:30,1,1,5,0
8jyjp4,2018-05-16 21:09:25,29,r/interestingasfuck,5,2018-05-17 01:30:02,2,1,2,0
8jyjp4,2018-05-16 21:09:25,29,r/interestingasfuck,5,2018-05-17 02:47:54,3,0,1,0
8jyjp4,2018-05-16 21:09:25,29,r/interestingasfuck,6,2018-05-17 01:04:39,0,3,35,0
8jyjp4,2018-05-16 21:09:25,29,r/interestingasfuck,6,2018-05-17 01:42:46,1,0,9,0
8jyjp4,2018-05-16 21:09:25,29,r/interestingasfuck,6,2018-05-17 03:28:25,1,1,5,0
8jyjp4,2018-05-16 21:09:25,29,r/interestingasfuck,6,2018-05-17 03:36:14,2,2,11,0
8jyjp4,2018-05-16 21:09:25,29,r/interestingasfuck,6,2018-05-17 04:20:32,3,0,0,0
8jyjp4,2018-05-16 21:09:25,29,r/interestingasfuck,6,2018-05-17 04:23:33,3,0,0,0
8jyjp4,2018-05-16 21:09:25,29,r/interestingasfuck,6,2018-05-17 02:31:36,1,0,0,0
8jyjp4,2018-05-16 21:09:25,29,r/interestingasfuck,7,2018-05-16 21:39:09,0,1,11,0
8jyjp4,2018-05-16 21:09:25,29,r/interestingasfuck,7,2018-05-17 03:12:35,1,0,1,0
8jyjp4,2018-05-16 21:09:25,29,r/interestingasfuck,8,2018-05-17 01:20:55,0,1,9,0
8jyjp4,2018-05-16 21:09:25,29,r/interestingasfuck,8,2018-05-17 01:29:27,1,0,5,0
8jyjp4,2018-05-16 21:09:25,29,r/interestingasfuck,9,2018-05-17 01:12:37,0,0,6,0
8jyjp4,2018-05-16 21:09:25,29,r/interestingasfuck,10,2018-05-17 01:22:03,0,0,5,0
8jyjp4,2018-05-16 21:09:25,29,r/interestingasfuck,11,2018-05-17 02:17:42,0,0,6,0
8jyjp4,2018-05-16 21:09:25,29,r/interestingasfuck,12,2018-05-16 21:51:33,0,1,10,0
8jyjp4,2018-05-16 21:09:25,29,r/interestingasfuck,12,2018-05-17 01:40:55,1,0,1,0
8jyjp4,2018-05-16 21:09:25,29,r/interestingasfuck,13,2018-05-17 00:49:30,0,1,5,0
8jyjp4,2018-05-16 21:09:25,29,r/interestingasfuck,13,2018-05-17 03:33:35,1,0,1,0
8jyjp4,2018-05-16 21:09:25,29,r/interestingasfuck,14,2018-05-17 00:59:23,0,1,5,0
8jyjp4,2018-05-16 21:09:25,29,r/interestingasfuck,14,2018-05-17 01:53:08,1,1,3,0
8jyjp4,2018-05-16 21:09:25,29,r/interestingasfuck,14,2018-05-17 02:25:40,2,1,4,0
8jyjp4,2018-05-16 21:09:25,29,r/interestingasfuck,14,2018-05-17 02:27:54,3,1,4,0
8jyjp4,2018-05-16 21:09:25,29,r/interestingasfuck,14,2018-05-17 02:39:45,4,1,2,0
8jyjp4,2018-05-16 21:09:25,29,r/interestingasfuck,14,2018-05-17 02:45:14,5,0,2,0
8jyjp4,2018-05-16 21:09:25,29,r/interestingasfuck,15,2018-05-17 02:45:48,0,1,4,0
8jyjp4,2018-05-16 21:09:25,29,r/interestingasfuck,15,2018-05-17 04:26:51,1,0,1,0
8jyjp4,2018-05-16 21:09:25,29,r/interestingasfuck,16,2018-05-17 02:59:19,0,1,4,0
8jyjp4,2018-05-16 21:09:25,29,r/interestingasfuck,16,2018-05-17 03:11:08,1,1,1,0
8jyjp4,2018-05-16 21:09:25,29,r/interestingasfuck,16,2018-05-17 03:57:53,2,0,2,0
8jyjp4,2018-05-16 21:09:25,29,r/interestingasfuck,17,2018-05-16 23:44:00,0,1,12,0
8jyjp4,2018-05-16 21:09:25,29,r/interestingasfuck,17,2018-05-17 02:57:57,1,0,2,0
8jyjp4,2018-05-16 21:09:25,29,r/interestingasfuck,18,2018-05-16 22:02:52,0,2,3,0
8jyjp4,2018-05-16 21:09:25,29,r/interestingasfuck,18,2018-05-16 22:08:25,1,0,4,0
8jyjp4,2018-05-16 21:09:25,29,r/interestingasfuck,18,2018-05-17 01:52:18,1,0,1,0
8jyjp4,2018-05-16 21:09:25,29,r/interestingasfuck,19,2018-05-16 23:55:15,0,0,3,0
8jyjp4,2018-05-16 21:09:25,29,r/interestingasfuck,20,2018-05-17 01:19:26,0,0,3,0
8jyjp4,2018-05-16 21:09:25,29,r/interestingasfuck,21,2018-05-17 02:40:13,0,0,3,0
8jyjp4,2018-05-16 21:09:25,29,r/interestingasfuck,22,2018-05-17 01:06:53,0,0,2,0
8jyjp4,2018-05-16 21:09:25,29,r/interestingasfuck,23,2018-05-17 01:11:23,0,0,2,0
8jyjp4,2018-05-16 21:09:25,29,r/interestingasfuck,24,2018-05-17 01:32:50,0,0,2,0
8jyjp4,2018-05-16 21:09:25,29,r/interestingasfuck,25,2018-05-17 01:53:56,0,0,2,0
8jyjp4,2018-05-16 21:09:25,29,r/interestingasfuck,26,2018-05-17 02:05:34,0,0,2,0
8jyjp4,2018-05-16 21:09:25,29,r/interestingasfuck,27,2018-05-17 02:05:55,0,1,2,0
8jyjp4,2018-05-16 21:09:25,29,r/interestingasfuck,27,2018-05-17 04:43:43,1,0,1,0
8jyjp4,2018-05-16 21:09:25,29,r/interestingasfuck,28,2018-05-17 02:14:21,0,1,2,0
8jyjp4,2018-05-16 21:09:25,29,r/interestingasfuck,28,2018-05-17 04:43:20,1,0,1,0
8jyjp4,2018-05-16 21:09:25,29,r/interestingasfuck,29,2018-05-17 02:41:28,0,0,2,0
8jyjp4,2018-05-16 21:09:25,29,r/interestingasfuck,30,2018-05-17 02:52:19,0,0,2,0
8jyjp4,2018-05-16 21:09:25,29,r/interestingasfuck,31,2018-05-17 03:04:59,0,0,2,0
8jyjp4,2018-05-16 21:09:25,29,r/interestingasfuck,32,2018-05-17 03:32:51,0,0,2,0
8jyjp4,2018-05-16 21:09:25,29,r/interestingasfuck,33,2018-05-17 03:33:21,0,0,2,0
8jyjp4,2018-05-16 21:09:25,29,r/interestingasfuck,34,2018-05-17 03:54:01,0,0,2,0
8jyjp4,2018-05-16 21:09:25,29,r/interestingasfuck,35,2018-05-17 04:04:47,0,0,2,0
8jyjp4,2018-05-16 21:09:25,29,r/interestingasfuck,36,2018-05-17 01:22:44,0,0,3,0
8jyjp4,2018-05-16 21:09:25,29,r/interestingasfuck,37,2018-05-17 03:18:35,0,0,2,0
8jyjp4,2018-05-16 21:09:25,29,r/interestingasfuck,38,2018-05-17 01:10:22,0,0,1,0
8jyjp4,2018-05-16 21:09:25,29,r/interestingasfuck,39,2018-05-17 01:24:22,0,0,1,0
8jyjp4,2018-05-16 21:09:25,29,r/interestingasfuck,40,2018-05-17 01:32:23,0,0,1,0
8jyjp4,2018-05-16 21:09:25,29,r/interestingasfuck,41,2018-05-17 01:33:18,0,0,1,0
8jyjp4,2018-05-16 21:09:25,29,r/interestingasfuck,42,2018-05-17 01:34:57,0,0,1,0
8jyjp4,2018-05-16 21:09:25,29,r/interestingasfuck,43,2018-05-17 01:35:25,0,0,1,0
8jyjp4,2018-05-16 21:09:25,29,r/interestingasfuck,44,2018-05-17 01:41:20,0,0,1,0
8jyjp4,2018-05-16 21:09:25,29,r/interestingasfuck,45,2018-05-17 01:46:55,0,0,1,0
8jyjp4,2018-05-16 21:09:25,29,r/interestingasfuck,46,2018-05-17 01:47:17,0,0,1,0
8jyjp4,2018-05-16 21:09:25,29,r/interestingasfuck,47,2018-05-17 01:48:26,0,0,1,0
8jyjp4,2018-05-16 21:09:25,29,r/interestingasfuck,48,2018-05-17 01:53:37,0,0,1,0
8jyjp4,2018-05-16 21:09:25,29,r/interestingasfuck,49,2018-05-17 01:54:24,0,0,1,0
8jyjp4,2018-05-16 21:09:25,29,r/interestingasfuck,50,2018-05-17 01:54:43,0,0,1,0
8jyjp4,2018-05-16 21:09:25,29,r/interestingasfuck,51,2018-05-17 01:55:50,0,0,1,0
8jyjp4,2018-05-16 21:09:25,29,r/interestingasfuck,52,2018-05-17 01:57:11,0,0,1,0
8jyjp4,2018-05-16 21:09:25,29,r/interestingasfuck,53,2018-05-17 01:59:26,0,0,1,0
8jyjp4,2018-05-16 21:09:25,29,r/interestingasfuck,54,2018-05-17 02:01:15,0,0,1,0
8jyjp4,2018-05-16 21:09:25,29,r/interestingasfuck,55,2018-05-17 02:04:58,0,0,1,0
8jyjp4,2018-05-16 21:09:25,29,r/interestingasfuck,56,2018-05-17 02:06:33,0,0,1,0
8jyjp4,2018-05-16 21:09:25,29,r/interestingasfuck,57,2018-05-17 02:10:19,0,0,1,0
8jyjp4,2018-05-16 21:09:25,29,r/interestingasfuck,58,2018-05-17 02:15:11,0,0,1,0
8jyjp4,2018-05-16 21:09:25,29,r/interestingasfuck,59,2018-05-17 02:16:48,0,0,1,0
8jyjp4,2018-05-16 21:09:25,29,r/interestingasfuck,60,2018-05-17 02:18:13,0,0,1,0
8jyjp4,2018-05-16 21:09:25,29,r/interestingasfuck,61,2018-05-17 02:19:10,0,0,1,0
8jyjp4,2018-05-16 21:09:25,29,r/interestingasfuck,62,2018-05-17 02:20:00,0,0,1,0
8jyjp4,2018-05-16 21:09:25,29,r/interestingasfuck,63,2018-05-17 02:20:24,0,0,1,0
8jyjp4,2018-05-16 21:09:25,29,r/interestingasfuck,64,2018-05-17 02:23:26,0,0,1,0
8jyjp4,2018-05-16 21:09:25,29,r/interestingasfuck,65,2018-05-17 02:23:43,0,0,1,0
8jyjp4,2018-05-16 21:09:25,29,r/interestingasfuck,66,2018-05-17 02:23:57,0,0,1,0
8jyjp4,2018-05-16 21:09:25,29,r/interestingasfuck,67,2018-05-17 02:26:41,0,0,1,0
8jyjp4,2018-05-16 21:09:25,29,r/interestingasfuck,68,2018-05-17 02:27:53,0,0,1,0
8jyjp4,2018-05-16 21:09:25,29,r/interestingasfuck,69,2018-05-17 02:29:16,0,0,1,0
8jyjp4,2018-05-16 21:09:25,29,r/interestingasfuck,70,2018-05-17 02:31:44,0,0,1,0
8jyjp4,2018-05-16 21:09:25,29,r/interestingasfuck,71,2018-05-17 02:32:13,0,0,1,0
8jyjp4,2018-05-16 21:09:25,29,r/interestingasfuck,72,2018-05-17 02:32:25,0,0,1,0
8jyjp4,2018-05-16 21:09:25,29,r/interestingasfuck,73,2018-05-17 02:32:31,0,1,1,0
8jyjp4,2018-05-16 21:09:25,29,r/interestingasfuck,73,2018-05-17 03:34:01,1,1,1,0
8jyjp4,2018-05-16 21:09:25,29,r/interestingasfuck,73,2018-05-17 04:52:19,2,0,1,0
8jyjp4,2018-05-16 21:09:25,29,r/interestingasfuck,74,2018-05-17 02:32:54,0,0,1,0
8jyjp4,2018-05-16 21:09:25,29,r/interestingasfuck,75,2018-05-17 02:32:56,0,0,1,0
8jyjp4,2018-05-16 21:09:25,29,r/interestingasfuck,76,2018-05-17 02:33:51,0,0,1,0
8jyjp4,2018-05-16 21:09:25,29,r/interestingasfuck,77,2018-05-17 02:34:29,0,0,1,0
8jyjp4,2018-05-16 21:09:25,29,r/interestingasfuck,78,2018-05-17 02:37:31,0,0,1,0
8jyjp4,2018-05-16 21:09:25,29,r/interestingasfuck,79,2018-05-17 02:37:55,0,0,1,0
8jyjp4,2018-05-16 21:09:25,29,r/interestingasfuck,80,2018-05-17 02:38:35,0,0,1,0
8jyjp4,2018-05-16 21:09:25,29,r/interestingasfuck,81,2018-05-17 02:40:37,0,0,1,0
8jyjp4,2018-05-16 21:09:25,29,r/interestingasfuck,82,2018-05-17 02:41:36,0,0,1,0
8jyjp4,2018-05-16 21:09:25,29,r/interestingasfuck,83,2018-05-17 02:45:26,0,0,1,0
8jyjp4,2018-05-16 21:09:25,29,r/interestingasfuck,84,2018-05-17 02:45:51,0,0,1,0
8jyjp4,2018-05-16 21:09:25,29,r/interestingasfuck,85,2018-05-17 02:46:31,0,0,1,0
8jyjp4,2018-05-16 21:09:25,29,r/interestingasfuck,86,2018-05-17 02:53:48,0,0,1,0
8jyjp4,2018-05-16 21:09:25,29,r/interestingasfuck,87,2018-05-17 02:54:09,0,0,1,0
8jyjp4,2018-05-16 21:09:25,29,r/interestingasfuck,88,2018-05-17 02:56:14,0,0,1,0
8jyjp4,2018-05-16 21:09:25,29,r/interestingasfuck,89,2018-05-17 02:57:11,0,0,1,0
8jyjp4,2018-05-16 21:09:25,29,r/interestingasfuck,90,2018-05-17 02:57:46,0,0,1,0
8jyjp4,2018-05-16 21:09:25,29,r/interestingasfuck,91,2018-05-17 02:59:12,0,0,1,0
8jyjp4,2018-05-16 21:09:25,29,r/interestingasfuck,92,2018-05-17 03:01:29,0,0,1,0
8jyjp4,2018-05-16 21:09:25,29,r/interestingasfuck,93,2018-05-17 03:01:51,0,0,1,0
8jyjp4,2018-05-16 21:09:25,29,r/interestingasfuck,94,2018-05-17 03:04:54,0,1,1,0
8jyjp4,2018-05-16 21:09:25,29,r/interestingasfuck,94,2018-05-17 03:05:00,1,0,1,0
8jyjp4,2018-05-16 21:09:25,29,r/interestingasfuck,95,2018-05-17 03:07:07,0,0,1,0
8jyjp4,2018-05-16 21:09:25,29,r/interestingasfuck,96,2018-05-17 03:07:22,0,0,1,0
8jyjp4,2018-05-16 21:09:25,29,r/interestingasfuck,97,2018-05-17 03:07:59,0,1,1,0
8jyjp4,2018-05-16 21:09:25,29,r/interestingasfuck,97,2018-05-17 03:30:18,1,0,1,0
8jyjp4,2018-05-16 21:09:25,29,r/interestingasfuck,98,2018-05-17 03:14:22,0,0,1,0
8jyjp4,2018-05-16 21:09:25,29,r/interestingasfuck,99,2018-05-17 03:14:58,0,0,1,0
8jyjp4,2018-05-16 21:09:25,29,r/interestingasfuck,100,2018-05-17 03:16:35,0,0,1,0
8jyjp4,2018-05-16 21:09:25,29,r/interestingasfuck,101,2018-05-17 03:18:17,0,0,1,0
8jyjp4,2018-05-16 21:09:25,29,r/interestingasfuck,102,2018-05-17 03:20:12,0,0,1,0
8jyjp4,2018-05-16 21:09:25,29,r/interestingasfuck,103,2018-05-17 03:24:58,0,1,1,0
8jyjp4,2018-05-16 21:09:25,29,r/interestingasfuck,103,2018-05-17 03:30:32,1,0,1,0
8jyjp4,2018-05-16 21:09:25,29,r/interestingasfuck,104,2018-05-17 03:26:37,0,0,1,0
8jyjp4,2018-05-16 21:09:25,29,r/interestingasfuck,105,2018-05-17 03:28:54,0,0,1,0
8jyjp4,2018-05-16 21:09:25,29,r/interestingasfuck,106,2018-05-17 03:40:05,0,1,1,0
8jyjp4,2018-05-16 21:09:25,29,r/interestingasfuck,106,2018-05-17 03:40:20,1,0,1,0
8jyjp4,2018-05-16 21:09:25,29,r/interestingasfuck,107,2018-05-17 03:42:03,0,0,1,0
8jyjp4,2018-05-16 21:09:25,29,r/interestingasfuck,108,2018-05-17 04:03:49,0,0,1,0
8jyjp4,2018-05-16 21:09:25,29,r/interestingasfuck,109,2018-05-17 04:04:28,0,0,1,0
8jyjp4,2018-05-16 21:09:25,29,r/interestingasfuck,110,2018-05-17 04:04:49,0,0,1,0
8jyjp4,2018-05-16 21:09:25,29,r/interestingasfuck,111,2018-05-17 04:15:07,0,0,1,0
8jyjp4,2018-05-16 21:09:25,29,r/interestingasfuck,112,2018-05-17 04:15:46,0,0,1,0
8jyjp4,2018-05-16 21:09:25,29,r/interestingasfuck,113,2018-05-17 04:23:56,0,0,1,0
8jyjp4,2018-05-16 21:09:25,29,r/interestingasfuck,114,2018-05-17 04:33:53,0,0,1,0
8jyjp4,2018-05-16 21:09:25,29,r/interestingasfuck,115,2018-05-17 04:39:38,0,0,1,0
8jyjp4,2018-05-16 21:09:25,29,r/interestingasfuck,116,2018-05-17 04:43:07,0,0,1,0
8jyjp4,2018-05-16 21:09:25,29,r/interestingasfuck,117,2018-05-17 04:43:48,0,0,1,0
8jyjp4,2018-05-16 21:09:25,29,r/interestingasfuck,118,2018-05-17 04:48:16,0,0,1,0
8jyjp4,2018-05-16 21:09:25,29,r/interestingasfuck,119,2018-05-17 04:50:15,0,0,1,0
8jyjp4,2018-05-16 21:09:25,29,r/interestingasfuck,120,2018-05-17 04:56:14,0,0,1,0
8jyjp4,2018-05-16 21:09:25,29,r/interestingasfuck,121,2018-05-17 04:59:00,0,0,1,0
8jyjp4,2018-05-16 21:09:25,29,r/interestingasfuck,122,2018-05-17 05:04:09,0,0,1,0
8jyjp4,2018-05-16 21:09:25,29,r/interestingasfuck,123,2018-05-17 05:04:57,0,0,1,0
8jyjp4,2018-05-16 21:09:25,29,r/interestingasfuck,124,2018-05-17 05:05:12,0,0,1,0
8jyjp4,2018-05-16 21:09:25,29,r/interestingasfuck,125,2018-05-17 05:10:31,0,0,1,0
8jyjp4,2018-05-16 21:09:25,29,r/interestingasfuck,126,2018-05-17 05:18:26,0,0,1,0
8jyjp4,2018-05-16 21:09:25,29,r/interestingasfuck,127,2018-05-17 01:31:19,0,0,1,0
8jyjp4,2018-05-16 21:09:25,29,r/interestingasfuck,128,2018-05-17 04:04:57,0,0,0,0
8jyjp4,2018-05-16 21:09:25,29,r/interestingasfuck,129,2018-05-17 04:35:25,0,0,0,0
8jyry7,2018-05-16 21:39:52,30,r/reactiongifs,0,2018-05-16 21:51:10,0,5,1074,0
8jyry7,2018-05-16 21:39:52,30,r/reactiongifs,0,2018-05-16 22:04:14,1,24,732,0
8jyry7,2018-05-16 21:39:52,30,r/reactiongifs,0,2018-05-16 22:08:39,2,10,782,0
8jyry7,2018-05-16 21:39:52,30,r/reactiongifs,0,2018-05-17 03:13:25,3,25,324,0
8jyry7,2018-05-16 21:39:52,30,r/reactiongifs,0,2018-05-17 03:17:40,4,2,128,0
8jyry7,2018-05-16 21:39:52,30,r/reactiongifs,0,2018-05-17 04:21:05,5,3,33,0
8jyry7,2018-05-16 21:39:52,30,r/reactiongifs,0,2018-05-17 04:59:36,6,0,1,0
8jyry7,2018-05-16 21:39:52,30,r/reactiongifs,0,2018-05-17 05:05:39,6,0,1,0
8jyry7,2018-05-16 21:39:52,30,r/reactiongifs,0,2018-05-17 05:20:12,6,0,1,0
8jyry7,2018-05-16 21:39:52,30,r/reactiongifs,0,2018-05-17 05:11:11,5,0,1,0
8jyry7,2018-05-16 21:39:52,30,r/reactiongifs,0,2018-05-17 03:21:45,4,1,93,0
8jyry7,2018-05-16 21:39:52,30,r/reactiongifs,0,2018-05-17 03:58:46,5,0,51,0
8jyry7,2018-05-16 21:39:52,30,r/reactiongifs,0,2018-05-17 03:32:30,4,0,28,0
8jyry7,2018-05-16 21:39:52,30,r/reactiongifs,0,2018-05-17 04:22:28,4,1,11,0
8jyry7,2018-05-16 21:39:52,30,r/reactiongifs,0,2018-05-17 05:09:24,5,0,1,0
8jyry7,2018-05-16 21:39:52,30,r/reactiongifs,0,2018-05-17 03:24:30,4,0,24,0
8jyry7,2018-05-16 21:39:52,30,r/reactiongifs,0,2018-05-17 03:14:42,4,3,160,0
8jyry7,2018-05-16 21:39:52,30,r/reactiongifs,0,2018-05-17 03:18:17,5,2,68,0
8jyry7,2018-05-16 21:39:52,30,r/reactiongifs,0,2018-05-17 04:05:49,6,1,32,0
8jyry7,2018-05-16 21:39:52,30,r/reactiongifs,0,2018-05-17 04:15:17,7,0,12,0
8jyry7,2018-05-16 21:39:52,30,r/reactiongifs,0,2018-05-17 03:28:13,6,2,-22,0
8jyry7,2018-05-16 21:39:52,30,r/reactiongifs,0,2018-05-17 03:36:42,7,2,30,0
8jyry7,2018-05-16 21:39:52,30,r/reactiongifs,0,2018-05-17 03:56:57,8,1,5,0
8jyry7,2018-05-16 21:39:52,30,r/reactiongifs,0,2018-05-17 04:01:14,9,0,4,0
8jyry7,2018-05-16 21:39:52,30,r/reactiongifs,0,2018-05-17 04:02:40,8,0,1,0
8jyry7,2018-05-16 21:39:52,30,r/reactiongifs,0,2018-05-17 03:59:29,7,0,4,0
8jyry7,2018-05-16 21:39:52,30,r/reactiongifs,0,2018-05-17 04:03:03,5,0,3,0
8jyry7,2018-05-16 21:39:52,30,r/reactiongifs,0,2018-05-17 03:59:37,5,1,-4,0
8jyry7,2018-05-16 21:39:52,30,r/reactiongifs,0,2018-05-17 04:21:04,6,0,4,0
8jyry7,2018-05-16 21:39:52,30,r/reactiongifs,0,2018-05-17 04:01:21,4,1,9,0
8jyry7,2018-05-16 21:39:52,30,r/reactiongifs,0,2018-05-17 04:03:24,5,2,-6,0
8jyry7,2018-05-16 21:39:52,30,r/reactiongifs,0,2018-05-17 04:23:54,6,0,5,0
8jyry7,2018-05-16 21:39:52,30,r/reactiongifs,0,2018-05-17 04:15:58,6,0,6,0
8jyry7,2018-05-16 21:39:52,30,r/reactiongifs,0,2018-05-17 04:02:55,4,0,4,0
8jyry7,2018-05-16 21:39:52,30,r/reactiongifs,0,2018-05-17 04:24:40,4,0,4,0
8jyry7,2018-05-16 21:39:52,30,r/reactiongifs,0,2018-05-17 03:56:59,4,2,10,0
8jyry7,2018-05-16 21:39:52,30,r/reactiongifs,0,2018-05-17 04:08:58,5,0,9,0
8jyry7,2018-05-16 21:39:52,30,r/reactiongifs,0,2018-05-17 04:00:55,5,2,-5,0
8jyry7,2018-05-16 21:39:52,30,r/reactiongifs,0,2018-05-17 04:15:17,6,0,4,0
8jyry7,2018-05-16 21:39:52,30,r/reactiongifs,0,2018-05-17 04:09:03,6,1,4,0
8jyry7,2018-05-16 21:39:52,30,r/reactiongifs,0,2018-05-17 04:12:01,7,0,0,0
8jyry7,2018-05-16 21:39:52,30,r/reactiongifs,0,2018-05-17 03:44:39,4,2,9,0
8jyry7,2018-05-16 21:39:52,30,r/reactiongifs,0,2018-05-17 03:58:37,5,2,9,0
8jyry7,2018-05-16 21:39:52,30,r/reactiongifs,0,2018-05-17 04:01:00,6,0,7,0
8jyry7,2018-05-16 21:39:52,30,r/reactiongifs,0,2018-05-17 04:08:50,6,0,6,0
8jyry7,2018-05-16 21:39:52,30,r/reactiongifs,0,2018-05-17 03:51:55,5,2,9,0
8jyry7,2018-05-16 21:39:52,30,r/reactiongifs,0,2018-05-17 04:04:38,6,0,3,0
8jyry7,2018-05-16 21:39:52,30,r/reactiongifs,0,2018-05-17 03:54:02,6,0,4,0
8jyry7,2018-05-16 21:39:52,30,r/reactiongifs,0,2018-05-17 03:34:10,4,0,8,0
8jyry7,2018-05-16 21:39:52,30,r/reactiongifs,0,2018-05-17 04:25:59,4,0,3,0
8jyry7,2018-05-16 21:39:52,30,r/reactiongifs,0,2018-05-17 04:42:34,4,0,2,0
8jyry7,2018-05-16 21:39:52,30,r/reactiongifs,0,2018-05-17 05:07:53,4,0,1,0
8jyry7,2018-05-16 21:39:52,30,r/reactiongifs,0,2018-05-17 03:38:36,4,0,12,0
8jyry7,2018-05-16 21:39:52,30,r/reactiongifs,0,2018-05-17 04:00:18,4,2,2,0
8jyry7,2018-05-16 21:39:52,30,r/reactiongifs,0,2018-05-17 05:13:00,5,0,1,0
8jyry7,2018-05-16 21:39:52,30,r/reactiongifs,0,2018-05-17 04:02:35,5,1,-5,0
8jyry7,2018-05-16 21:39:52,30,r/reactiongifs,0,2018-05-17 05:11:04,6,0,1,0
8jyry7,2018-05-16 21:39:52,30,r/reactiongifs,0,2018-05-17 04:54:04,4,0,1,0
8jyry7,2018-05-16 21:39:52,30,r/reactiongifs,0,2018-05-17 05:12:48,4,0,1,0
8jyry7,2018-05-16 21:39:52,30,r/reactiongifs,0,2018-05-17 05:15:27,4,0,1,0
8jyry7,2018-05-16 21:39:52,30,r/reactiongifs,0,2018-05-17 04:30:34,4,1,1,0
8jyry7,2018-05-16 21:39:52,30,r/reactiongifs,0,2018-05-17 05:09:47,5,0,1,0
8jyry7,2018-05-16 21:39:52,30,r/reactiongifs,0,2018-05-17 03:59:45,4,0,0,0
8jyry7,2018-05-16 21:39:52,30,r/reactiongifs,0,2018-05-17 04:14:14,4,1,0,0
8jyry7,2018-05-16 21:39:52,30,r/reactiongifs,0,2018-05-17 04:26:20,5,0,1,0
8jyry7,2018-05-16 21:39:52,30,r/reactiongifs,0,2018-05-17 03:31:55,4,1,-9,0
8jyry7,2018-05-16 21:39:52,30,r/reactiongifs,0,2018-05-17 03:34:47,5,2,15,0
8jyry7,2018-05-16 21:39:52,30,r/reactiongifs,0,2018-05-17 04:31:31,6,0,1,0
8jyry7,2018-05-16 21:39:52,30,r/reactiongifs,0,2018-05-17 05:18:38,6,0,1,0
8jyry7,2018-05-16 21:39:52,30,r/reactiongifs,0,2018-05-17 04:25:40,4,0,-1,0
8jyry7,2018-05-16 21:39:52,30,r/reactiongifs,0,2018-05-17 03:13:50,3,1,30,0
8jyry7,2018-05-16 21:39:52,30,r/reactiongifs,0,2018-05-17 04:06:28,4,0,3,0
8jyry7,2018-05-16 21:39:52,30,r/reactiongifs,0,2018-05-17 03:39:14,3,0,6,0
8jyry7,2018-05-16 21:39:52,30,r/reactiongifs,0,2018-05-17 02:54:46,3,1,4,0
8jyry7,2018-05-16 21:39:52,30,r/reactiongifs,0,2018-05-17 03:03:55,4,0,-7,0
8jyry7,2018-05-16 21:39:52,30,r/reactiongifs,0,2018-05-17 04:29:04,3,0,1,0
8jyry7,2018-05-16 21:39:52,30,r/reactiongifs,0,2018-05-17 05:17:08,3,0,1,0
8jyry7,2018-05-16 21:39:52,30,r/reactiongifs,0,2018-05-16 22:11:32,3,2,-99,0
8jyry7,2018-05-16 21:39:52,30,r/reactiongifs,0,2018-05-16 22:32:12,4,1,136,0
8jyry7,2018-05-16 21:39:52,30,r/reactiongifs,0,2018-05-17 01:35:23,5,3,-40,0
8jyry7,2018-05-16 21:39:52,30,r/reactiongifs,0,2018-05-17 01:38:50,6,1,95,0
8jyry7,2018-05-16 21:39:52,30,r/reactiongifs,0,2018-05-17 01:42:26,7,0,50,0
8jyry7,2018-05-16 21:39:52,30,r/reactiongifs,0,2018-05-17 02:51:13,6,1,-2,0
8jyry7,2018-05-16 21:39:52,30,r/reactiongifs,0,2018-05-17 03:01:39,7,2,-1,0
8jyry7,2018-05-16 21:39:52,30,r/reactiongifs,0,2018-05-17 03:09:38,8,0,3,0
8jyry7,2018-05-16 21:39:52,30,r/reactiongifs,0,2018-05-17 03:03:28,8,1,2,0
8jyry7,2018-05-16 21:39:52,30,r/reactiongifs,0,2018-05-17 04:39:22,9,1,1,0
8jyry7,2018-05-16 21:39:52,30,r/reactiongifs,0,2018-05-17 03:01:24,6,1,0,0
8jyry7,2018-05-16 21:39:52,30,r/reactiongifs,0,2018-05-17 03:05:29,7,0,-1,0
8jyry7,2018-05-16 21:39:52,30,r/reactiongifs,0,2018-05-17 01:48:08,4,0,21,0
8jyry7,2018-05-16 21:39:52,30,r/reactiongifs,0,2018-05-17 03:37:20,3,0,0,0
8jyry7,2018-05-16 21:39:52,30,r/reactiongifs,0,2018-05-17 03:47:50,3,2,-4,0
8jyry7,2018-05-16 21:39:52,30,r/reactiongifs,0,2018-05-17 03:51:43,4,1,2,0
8jyry7,2018-05-16 21:39:52,30,r/reactiongifs,0,2018-05-17 03:59:21,5,1,-2,0
8jyry7,2018-05-16 21:39:52,30,r/reactiongifs,0,2018-05-17 04:11:09,6,0,2,0
8jyry7,2018-05-16 21:39:52,30,r/reactiongifs,0,2018-05-17 04:19:15,4,0,0,0
8jyry7,2018-05-16 21:39:52,30,r/reactiongifs,0,2018-05-17 03:57:07,3,1,-2,0
8jyry7,2018-05-16 21:39:52,30,r/reactiongifs,0,2018-05-17 04:09:06,4,0,4,0
8jyry7,2018-05-16 21:39:52,30,r/reactiongifs,0,2018-05-17 01:29:54,2,4,27,0
8jyry7,2018-05-16 21:39:52,30,r/reactiongifs,0,2018-05-17 01:50:48,3,1,33,0
8jyry7,2018-05-16 21:39:52,30,r/reactiongifs,0,2018-05-17 03:13:51,4,0,9,0
8jyry7,2018-05-16 21:39:52,30,r/reactiongifs,0,2018-05-17 03:45:30,3,0,4,0
8jyry7,2018-05-16 21:39:52,30,r/reactiongifs,0,2018-05-17 04:28:20,3,0,2,0
8jyry7,2018-05-16 21:39:52,30,r/reactiongifs,0,2018-05-17 04:41:25,3,0,2,0
8jyry7,2018-05-16 21:39:52,30,r/reactiongifs,0,2018-05-17 02:05:30,2,1,16,0
8jyry7,2018-05-16 21:39:52,30,r/reactiongifs,0,2018-05-17 02:38:13,3,2,13,0
8jyry7,2018-05-16 21:39:52,30,r/reactiongifs,0,2018-05-17 03:06:17,4,1,8,0
8jyry7,2018-05-16 21:39:52,30,r/reactiongifs,0,2018-05-17 03:13:38,5,1,4,0
8jyry7,2018-05-16 21:39:52,30,r/reactiongifs,0,2018-05-17 03:15:34,6,1,3,0
8jyry7,2018-05-16 21:39:52,30,r/reactiongifs,0,2018-05-17 03:23:21,7,0,6,0
8jyry7,2018-05-16 21:39:52,30,r/reactiongifs,0,2018-05-17 03:40:05,4,0,4,0
8jyry7,2018-05-16 21:39:52,30,r/reactiongifs,0,2018-05-17 00:31:20,2,1,34,0
8jyry7,2018-05-16 21:39:52,30,r/reactiongifs,0,2018-05-17 01:05:32,3,1,94,0
8jyry7,2018-05-16 21:39:52,30,r/reactiongifs,0,2018-05-17 01:16:17,4,1,18,0
8jyry7,2018-05-16 21:39:52,30,r/reactiongifs,0,2018-05-17 01:31:20,5,4,85,0
8jyry7,2018-05-16 21:39:52,30,r/reactiongifs,0,2018-05-17 02:39:41,6,1,48,0
8jyry7,2018-05-16 21:39:52,30,r/reactiongifs,0,2018-05-17 02:58:44,7,1,14,0
8jyry7,2018-05-16 21:39:52,30,r/reactiongifs,0,2018-05-17 03:13:12,8,1,3,0
8jyry7,2018-05-16 21:39:52,30,r/reactiongifs,0,2018-05-17 05:17:57,9,0,1,0
8jyry7,2018-05-16 21:39:52,30,r/reactiongifs,0,2018-05-17 02:45:15,6,2,14,0
8jyry7,2018-05-16 21:39:52,30,r/reactiongifs,0,2018-05-17 04:42:31,7,0,1,0
8jyry7,2018-05-16 21:39:52,30,r/reactiongifs,0,2018-05-17 03:35:23,7,1,-1,0
8jyry7,2018-05-16 21:39:52,30,r/reactiongifs,0,2018-05-17 04:01:00,8,0,2,0
8jyry7,2018-05-16 21:39:52,30,r/reactiongifs,0,2018-05-17 02:40:19,6,1,5,0
8jyry7,2018-05-16 21:39:52,30,r/reactiongifs,0,2018-05-17 04:42:39,7,0,1,0
8jyry7,2018-05-16 21:39:52,30,r/reactiongifs,0,2018-05-17 03:29:56,6,0,1,0
8jyry7,2018-05-16 21:39:52,30,r/reactiongifs,0,2018-05-17 02:33:40,2,0,6,0
8jyry7,2018-05-16 21:39:52,30,r/reactiongifs,0,2018-05-17 02:53:05,2,1,6,0
8jyry7,2018-05-16 21:39:52,30,r/reactiongifs,0,2018-05-17 04:44:06,3,0,2,0
8jyry7,2018-05-16 21:39:52,30,r/reactiongifs,0,2018-05-17 03:54:01,2,0,6,0
8jyry7,2018-05-16 21:39:52,30,r/reactiongifs,0,2018-05-17 03:47:06,2,0,5,0
8jyry7,2018-05-16 21:39:52,30,r/reactiongifs,0,2018-05-17 03:47:32,2,0,4,0
8jyry7,2018-05-16 21:39:52,30,r/reactiongifs,0,2018-05-17 03:54:53,2,0,5,0
8jyry7,2018-05-16 21:39:52,30,r/reactiongifs,0,2018-05-17 04:25:29,2,0,4,0
8jyry7,2018-05-16 21:39:52,30,r/reactiongifs,0,2018-05-17 03:12:00,2,0,3,0
8jyry7,2018-05-16 21:39:52,30,r/reactiongifs,0,2018-05-17 03:46:50,2,0,3,0
8jyry7,2018-05-16 21:39:52,30,r/reactiongifs,0,2018-05-17 04:35:56,2,0,2,0
8jyry7,2018-05-16 21:39:52,30,r/reactiongifs,0,2018-05-17 04:59:39,2,0,1,0
8jyry7,2018-05-16 21:39:52,30,r/reactiongifs,0,2018-05-17 02:03:58,2,1,3,0
8jyry7,2018-05-16 21:39:52,30,r/reactiongifs,0,2018-05-17 02:06:09,3,1,5,0
8jyry7,2018-05-16 21:39:52,30,r/reactiongifs,0,2018-05-17 02:55:05,4,1,4,0
8jyry7,2018-05-16 21:39:52,30,r/reactiongifs,0,2018-05-17 02:55:45,5,1,3,0
8jyry7,2018-05-16 21:39:52,30,r/reactiongifs,0,2018-05-17 02:59:33,6,1,1,0
8jyry7,2018-05-16 21:39:52,30,r/reactiongifs,0,2018-05-17 03:18:49,7,0,2,0
8jyry7,2018-05-16 21:39:52,30,r/reactiongifs,0,2018-05-17 02:25:31,2,1,2,0
8jyry7,2018-05-16 21:39:52,30,r/reactiongifs,0,2018-05-17 02:34:07,3,0,8,0
8jyry7,2018-05-16 21:39:52,30,r/reactiongifs,0,2018-05-17 03:27:04,2,0,1,0
8jyry7,2018-05-16 21:39:52,30,r/reactiongifs,0,2018-05-17 03:58:39,2,0,1,0
8jyry7,2018-05-16 21:39:52,30,r/reactiongifs,0,2018-05-17 04:01:21,2,0,1,0
8jyry7,2018-05-16 21:39:52,30,r/reactiongifs,0,2018-05-17 04:17:27,2,0,1,0
8jyry7,2018-05-16 21:39:52,30,r/reactiongifs,0,2018-05-17 04:26:01,2,0,1,0
8jyry7,2018-05-16 21:39:52,30,r/reactiongifs,0,2018-05-17 03:36:34,2,0,1,0
8jyry7,2018-05-16 21:39:52,30,r/reactiongifs,0,2018-05-17 03:41:33,2,0,1,0
8jyry7,2018-05-16 21:39:52,30,r/reactiongifs,0,2018-05-16 22:44:30,1,0,18,0
8jyry7,2018-05-16 21:39:52,30,r/reactiongifs,0,2018-05-17 02:53:32,1,0,9,0
8jyry7,2018-05-16 21:39:52,30,r/reactiongifs,0,2018-05-17 03:27:23,1,0,2,0
8jyry7,2018-05-16 21:39:52,30,r/reactiongifs,0,2018-05-17 02:27:36,1,0,1,0
8jyry7,2018-05-16 21:39:52,30,r/reactiongifs,1,2018-05-17 02:49:34,0,1,126,0
8jyry7,2018-05-16 21:39:52,30,r/reactiongifs,1,2018-05-17 03:16:10,1,1,34,0
8jyry7,2018-05-16 21:39:52,30,r/reactiongifs,1,2018-05-17 03:16:41,2,1,12,0
8jyry7,2018-05-16 21:39:52,30,r/reactiongifs,1,2018-05-17 03:19:57,3,1,8,0
8jyry7,2018-05-16 21:39:52,30,r/reactiongifs,1,2018-05-17 04:07:06,4,2,4,0
8jyry7,2018-05-16 21:39:52,30,r/reactiongifs,1,2018-05-17 04:28:39,5,0,3,0
8jyry7,2018-05-16 21:39:52,30,r/reactiongifs,1,2018-05-17 04:48:15,5,0,2,0
8jyry7,2018-05-16 21:39:52,30,r/reactiongifs,2,2018-05-16 22:53:15,0,1,310,0
8jyry7,2018-05-16 21:39:52,30,r/reactiongifs,2,2018-05-17 04:23:54,1,0,4,0
8jyry7,2018-05-16 21:39:52,30,r/reactiongifs,3,2018-05-16 21:43:45,0,5,154,0
8jyry7,2018-05-16 21:39:52,30,r/reactiongifs,3,2018-05-16 21:48:41,1,3,71,0
8jyry7,2018-05-16 21:39:52,30,r/reactiongifs,3,2018-05-16 22:03:31,2,1,38,0
8jyry7,2018-05-16 21:39:52,30,r/reactiongifs,3,2018-05-16 23:11:50,3,0,18,0
8jyry7,2018-05-16 21:39:52,30,r/reactiongifs,3,2018-05-17 03:06:41,2,0,12,0
8jyry7,2018-05-16 21:39:52,30,r/reactiongifs,3,2018-05-17 04:31:30,2,0,1,0
8jyry7,2018-05-16 21:39:52,30,r/reactiongifs,3,2018-05-16 21:59:29,1,2,107,0
8jyry7,2018-05-16 21:39:52,30,r/reactiongifs,3,2018-05-17 03:04:42,2,0,13,0
8jyry7,2018-05-16 21:39:52,30,r/reactiongifs,3,2018-05-16 22:32:40,2,2,29,0
8jyry7,2018-05-16 21:39:52,30,r/reactiongifs,3,2018-05-17 03:25:23,3,0,5,0
8jyry7,2018-05-16 21:39:52,30,r/reactiongifs,3,2018-05-17 03:12:37,3,1,-1,0
8jyry7,2018-05-16 21:39:52,30,r/reactiongifs,3,2018-05-17 04:14:27,4,0,3,0
8jyry7,2018-05-16 21:39:52,30,r/reactiongifs,3,2018-05-16 22:04:54,1,0,4,0
8jyry7,2018-05-16 21:39:52,30,r/reactiongifs,3,2018-05-16 22:12:16,1,0,2,0
8jyry7,2018-05-16 21:39:52,30,r/reactiongifs,3,2018-05-17 03:53:51,1,0,2,0
8jyry7,2018-05-16 21:39:52,30,r/reactiongifs,4,2018-05-17 02:37:09,0,4,36,0
8jyry7,2018-05-16 21:39:52,30,r/reactiongifs,4,2018-05-17 02:51:18,1,2,43,0
8jyry7,2018-05-16 21:39:52,30,r/reactiongifs,4,2018-05-17 04:15:31,2,0,-1,0
8jyry7,2018-05-16 21:39:52,30,r/reactiongifs,4,2018-05-17 03:25:37,2,0,-4,0
8jyry7,2018-05-16 21:39:52,30,r/reactiongifs,4,2018-05-17 03:22:34,1,1,8,0
8jyry7,2018-05-16 21:39:52,30,r/reactiongifs,4,2018-05-17 04:44:41,2,0,2,0
8jyry7,2018-05-16 21:39:52,30,r/reactiongifs,4,2018-05-17 04:13:01,1,0,1,0
8jyry7,2018-05-16 21:39:52,30,r/reactiongifs,4,2018-05-17 03:48:54,1,0,-1,0
8jyry7,2018-05-16 21:39:52,30,r/reactiongifs,5,2018-05-16 22:48:26,0,1,62,0
8jyry7,2018-05-16 21:39:52,30,r/reactiongifs,5,2018-05-17 03:26:39,1,0,8,0
8jyry7,2018-05-16 21:39:52,30,r/reactiongifs,6,2018-05-17 02:12:42,0,1,20,0
8jyry7,2018-05-16 21:39:52,30,r/reactiongifs,6,2018-05-17 02:26:43,1,1,8,0
8jyry7,2018-05-16 21:39:52,30,r/reactiongifs,6,2018-05-17 03:27:42,2,0,1,0
8jyry7,2018-05-16 21:39:52,30,r/reactiongifs,7,2018-05-16 22:24:17,0,2,69,0
8jyry7,2018-05-16 21:39:52,30,r/reactiongifs,7,2018-05-17 03:24:50,1,0,2,0
8jyry7,2018-05-16 21:39:52,30,r/reactiongifs,7,2018-05-16 22:49:06,1,1,1,0
8jyry7,2018-05-16 21:39:52,30,r/reactiongifs,7,2018-05-16 23:06:05,2,0,0,0
8jyry7,2018-05-16 21:39:52,30,r/reactiongifs,8,2018-05-17 03:45:55,0,0,8,0
8jyry7,2018-05-16 21:39:52,30,r/reactiongifs,9,2018-05-17 01:14:59,0,1,13,0
8jyry7,2018-05-16 21:39:52,30,r/reactiongifs,9,2018-05-17 03:55:03,1,0,1,0
8jyry7,2018-05-16 21:39:52,30,r/reactiongifs,10,2018-05-17 03:24:11,0,1,10,0
8jyry7,2018-05-16 21:39:52,30,r/reactiongifs,10,2018-05-17 04:16:42,1,2,-5,0
8jyry7,2018-05-16 21:39:52,30,r/reactiongifs,10,2018-05-17 04:24:21,2,0,5,0
8jyry7,2018-05-16 21:39:52,30,r/reactiongifs,10,2018-05-17 04:55:28,2,0,1,0
8jyry7,2018-05-16 21:39:52,30,r/reactiongifs,11,2018-05-17 02:42:28,0,0,4,0
8jyry7,2018-05-16 21:39:52,30,r/reactiongifs,12,2018-05-17 03:07:02,0,0,4,0
8jyry7,2018-05-16 21:39:52,30,r/reactiongifs,13,2018-05-17 02:37:41,0,0,3,0
8jyry7,2018-05-16 21:39:52,30,r/reactiongifs,14,2018-05-17 03:02:20,0,1,3,0
8jyry7,2018-05-16 21:39:52,30,r/reactiongifs,14,2018-05-17 03:55:41,1,0,2,0
8jyry7,2018-05-16 21:39:52,30,r/reactiongifs,15,2018-05-17 01:40:03,0,1,7,0
8jyry7,2018-05-16 21:39:52,30,r/reactiongifs,15,2018-05-17 02:51:41,1,1,5,0
8jyry7,2018-05-16 21:39:52,30,r/reactiongifs,15,2018-05-17 03:28:37,2,1,4,0
8jyry7,2018-05-16 21:39:52,30,r/reactiongifs,15,2018-05-17 03:30:18,3,1,3,0
8jyry7,2018-05-16 21:39:52,30,r/reactiongifs,15,2018-05-17 03:30:28,4,0,2,0
8jyry7,2018-05-16 21:39:52,30,r/reactiongifs,16,2018-05-17 03:21:25,0,0,4,0
8jyry7,2018-05-16 21:39:52,30,r/reactiongifs,17,2018-05-17 02:19:21,0,0,2,0
8jyry7,2018-05-16 21:39:52,30,r/reactiongifs,18,2018-05-17 03:41:32,0,0,2,0
8jyry7,2018-05-16 21:39:52,30,r/reactiongifs,19,2018-05-16 22:21:42,0,0,3,0
8jyry7,2018-05-16 21:39:52,30,r/reactiongifs,20,2018-05-16 22:45:28,0,0,2,0
8jyry7,2018-05-16 21:39:52,30,r/reactiongifs,21,2018-05-17 02:44:56,0,0,2,0
8jyry7,2018-05-16 21:39:52,30,r/reactiongifs,22,2018-05-17 03:19:41,0,0,1,0
8jyry7,2018-05-16 21:39:52,30,r/reactiongifs,23,2018-05-17 03:21:22,0,0,1,0
8jyry7,2018-05-16 21:39:52,30,r/reactiongifs,24,2018-05-17 03:33:30,0,0,1,0
8jyry7,2018-05-16 21:39:52,30,r/reactiongifs,25,2018-05-17 03:39:25,0,0,1,0
8jyry7,2018-05-16 21:39:52,30,r/reactiongifs,26,2018-05-17 03:59:51,0,0,1,0
8jyry7,2018-05-16 21:39:52,30,r/reactiongifs,27,2018-05-17 04:20:10,0,0,1,0
8jyry7,2018-05-16 21:39:52,30,r/reactiongifs,28,2018-05-17 04:24:24,0,0,1,0
8jyry7,2018-05-16 21:39:52,30,r/reactiongifs,29,2018-05-17 04:25:59,0,0,1,0
8jyry7,2018-05-16 21:39:52,30,r/reactiongifs,30,2018-05-17 04:30:37,0,0,1,0
8jyry7,2018-05-16 21:39:52,30,r/reactiongifs,31,2018-05-17 04:51:44,0,0,1,0
8jyry7,2018-05-16 21:39:52,30,r/reactiongifs,32,2018-05-17 04:52:42,0,0,1,0
8jyry7,2018-05-16 21:39:52,30,r/reactiongifs,33,2018-05-17 04:54:02,0,0,1,0
8jyry7,2018-05-16 21:39:52,30,r/reactiongifs,34,2018-05-17 05:00:50,0,0,1,0
8jyry7,2018-05-16 21:39:52,30,r/reactiongifs,35,2018-05-17 05:12:20,0,0,1,0
8jyry7,2018-05-16 21:39:52,30,r/reactiongifs,36,2018-05-17 05:14:56,0,0,1,0
8jyry7,2018-05-16 21:39:52,30,r/reactiongifs,37,2018-05-17 05:19:57,0,0,1,0
8jyry7,2018-05-16 21:39:52,30,r/reactiongifs,38,2018-05-17 04:18:56,0,0,-2,0
8jyry7,2018-05-16 21:39:52,30,r/reactiongifs,39,2018-05-17 01:03:40,0,6,-43,0
8jyry7,2018-05-16 21:39:52,30,r/reactiongifs,39,2018-05-17 01:41:51,1,5,22,0
8jyry7,2018-05-16 21:39:52,30,r/reactiongifs,39,2018-05-17 01:49:42,2,0,14,0
8jyry7,2018-05-16 21:39:52,30,r/reactiongifs,39,2018-05-17 03:00:27,2,0,1,0
8jyry7,2018-05-16 21:39:52,30,r/reactiongifs,39,2018-05-17 03:07:10,2,0,-5,0
8jyry7,2018-05-16 21:39:52,30,r/reactiongifs,39,2018-05-17 05:01:59,2,0,1,0
8jyry7,2018-05-16 21:39:52,30,r/reactiongifs,39,2018-05-17 03:22:10,2,0,-2,0
8jyry7,2018-05-16 21:39:52,30,r/reactiongifs,39,2018-05-17 01:44:40,1,4,11,0
8jyry7,2018-05-16 21:39:52,30,r/reactiongifs,39,2018-05-17 04:35:41,2,1,3,0
8jyry7,2018-05-16 21:39:52,30,r/reactiongifs,39,2018-05-17 04:42:17,3,1,0,0
8jyry7,2018-05-16 21:39:52,30,r/reactiongifs,39,2018-05-17 05:09:13,4,0,1,0
8jyry7,2018-05-16 21:39:52,30,r/reactiongifs,39,2018-05-17 03:06:23,2,1,-7,0
8jyry7,2018-05-16 21:39:52,30,r/reactiongifs,39,2018-05-17 03:49:48,3,0,4,0
8jyry7,2018-05-16 21:39:52,30,r/reactiongifs,39,2018-05-17 04:19:23,2,1,-1,0
8jyry7,2018-05-16 21:39:52,30,r/reactiongifs,39,2018-05-17 04:35:06,3,0,3,0
8jyry7,2018-05-16 21:39:52,30,r/reactiongifs,39,2018-05-17 02:19:48,2,1,-8,0
8jyry7,2018-05-16 21:39:52,30,r/reactiongifs,39,2018-05-17 02:30:26,3,2,6,0
8jyry7,2018-05-16 21:39:52,30,r/reactiongifs,39,2018-05-17 04:36:59,4,1,0,0
8jyry7,2018-05-16 21:39:52,30,r/reactiongifs,39,2018-05-17 04:58:30,5,1,1,0
8jyry7,2018-05-16 21:39:52,30,r/reactiongifs,39,2018-05-17 05:03:45,6,0,1,0
8jyry7,2018-05-16 21:39:52,30,r/reactiongifs,39,2018-05-17 02:41:17,4,1,-5,0
8jyry7,2018-05-16 21:39:52,30,r/reactiongifs,39,2018-05-17 02:57:28,5,1,5,0
8jyry7,2018-05-16 21:39:52,30,r/reactiongifs,39,2018-05-17 03:27:14,6,1,-3,0
8jyry7,2018-05-16 21:39:52,30,r/reactiongifs,39,2018-05-17 04:01:26,7,1,1,0
8jyry7,2018-05-16 21:39:52,30,r/reactiongifs,39,2018-05-17 04:05:32,8,2,0,0
8jyry7,2018-05-16 21:39:52,30,r/reactiongifs,39,2018-05-17 04:20:24,9,0,3,0
8jyry7,2018-05-16 21:39:52,30,r/reactiongifs,39,2018-05-17 04:33:02,9,1,2,0
8jyry7,2018-05-16 21:39:52,30,r/reactiongifs,39,2018-05-17 01:51:32,1,1,5,0
8jyry7,2018-05-16 21:39:52,30,r/reactiongifs,39,2018-05-17 02:22:00,2,1,-7,0
8jyry7,2018-05-16 21:39:52,30,r/reactiongifs,39,2018-05-17 02:32:06,3,1,3,0
8jyry7,2018-05-16 21:39:52,30,r/reactiongifs,39,2018-05-17 02:54:01,4,1,-3,0
8jyry7,2018-05-16 21:39:52,30,r/reactiongifs,39,2018-05-17 02:56:51,5,1,2,0
8jyry7,2018-05-16 21:39:52,30,r/reactiongifs,39,2018-05-17 03:16:41,6,1,-3,0
8jyry7,2018-05-16 21:39:52,30,r/reactiongifs,39,2018-05-17 04:20:58,7,0,2,0
8jyry7,2018-05-16 21:39:52,30,r/reactiongifs,39,2018-05-17 01:41:09,1,2,5,0
8jyry7,2018-05-16 21:39:52,30,r/reactiongifs,39,2018-05-17 03:08:00,2,0,2,0
8jyry7,2018-05-16 21:39:52,30,r/reactiongifs,39,2018-05-17 02:31:32,2,2,-9,0
8jyry7,2018-05-16 21:39:52,30,r/reactiongifs,39,2018-05-17 03:48:11,3,1,3,0
8jyry7,2018-05-16 21:39:52,30,r/reactiongifs,39,2018-05-17 04:21:49,4,1,-3,0
8jyry7,2018-05-16 21:39:52,30,r/reactiongifs,39,2018-05-17 04:23:08,5,1,3,0
8jyry7,2018-05-16 21:39:52,30,r/reactiongifs,39,2018-05-17 04:43:06,6,2,-2,0
8jyry7,2018-05-16 21:39:52,30,r/reactiongifs,39,2018-05-17 04:47:14,7,0,2,0
8jyry7,2018-05-16 21:39:52,30,r/reactiongifs,39,2018-05-17 04:52:16,7,1,1,0
8jyry7,2018-05-16 21:39:52,30,r/reactiongifs,39,2018-05-17 04:52:21,8,0,1,0
8jyry7,2018-05-16 21:39:52,30,r/reactiongifs,39,2018-05-17 02:51:50,3,1,2,0
8jyry7,2018-05-16 21:39:52,30,r/reactiongifs,39,2018-05-17 04:21:18,4,0,-3,0
8jyry7,2018-05-16 21:39:52,30,r/reactiongifs,39,2018-05-17 01:08:10,1,0,3,0
8jyry7,2018-05-16 21:39:52,30,r/reactiongifs,39,2018-05-17 01:50:41,1,0,-5,0
8jyry7,2018-05-16 21:39:52,30,r/reactiongifs,40,2018-05-17 03:31:35,0,1,-6,0
8jyry7,2018-05-16 21:39:52,30,r/reactiongifs,40,2018-05-17 04:32:40,1,0,1,0
8jyry7,2018-05-16 21:39:52,30,r/reactiongifs,41,2018-05-17 02:00:53,0,1,-18,0
8jyry7,2018-05-16 21:39:52,30,r/reactiongifs,41,2018-05-17 02:29:48,1,0,7,0
8jyry7,2018-05-16 21:39:52,30,r/reactiongifs,42,2018-05-17 04:07:38,0,1,-4,0
8jyry7,2018-05-16 21:39:52,30,r/reactiongifs,42,2018-05-17 04:48:13,1,0,2,0
8jyry7,2018-05-16 21:39:52,30,r/reactiongifs,43,2018-05-17 04:12:19,0,0,-4,0
8jyry7,2018-05-16 21:39:52,30,r/reactiongifs,44,2018-05-17 03:59:32,0,1,-2,0
8jyry7,2018-05-16 21:39:52,30,r/reactiongifs,44,2018-05-17 04:17:34,1,1,2,0
8jyry7,2018-05-16 21:39:52,30,r/reactiongifs,44,2018-05-17 04:27:44,2,0,0,0
8jyry7,2018-05-16 21:39:52,30,r/reactiongifs,45,2018-05-17 04:01:53,0,0,-3,0
8jyry7,2018-05-16 21:39:52,30,r/reactiongifs,46,2018-05-17 03:53:48,0,0,-3,0
8jyry7,2018-05-16 21:39:52,30,r/reactiongifs,47,2018-05-17 04:06:23,0,0,-4,0
8jyry7,2018-05-16 21:39:52,30,r/reactiongifs,48,2018-05-17 04:20:46,0,0,-1,0
8jypxk,2018-05-16 21:32:19,31,r/television,0,2018-05-17 01:54:30,0,4,389,1
8jypxk,2018-05-16 21:32:19,31,r/television,0,2018-05-17 04:48:03,1,0,5,0
8jypxk,2018-05-16 21:32:19,31,r/television,0,2018-05-17 04:41:05,1,3,6,0
8jypxk,2018-05-16 21:32:19,31,r/television,0,2018-05-17 04:45:52,2,0,3,0
8jypxk,2018-05-16 21:32:19,31,r/television,0,2018-05-17 04:55:44,2,1,1,0
8jypxk,2018-05-16 21:32:19,31,r/television,0,2018-05-17 05:07:11,3,0,1,0
8jypxk,2018-05-16 21:32:19,31,r/television,0,2018-05-17 04:49:51,1,0,2,0
8jypxk,2018-05-16 21:32:19,31,r/television,1,2018-05-16 22:43:41,0,21,3585,2
8jypxk,2018-05-16 21:32:19,31,r/television,1,2018-05-16 22:47:13,1,3,787,0
8jypxk,2018-05-16 21:32:19,31,r/television,1,2018-05-17 02:21:43,2,2,249,0
8jypxk,2018-05-16 21:32:19,31,r/television,1,2018-05-17 02:22:19,3,4,148,0
8jypxk,2018-05-16 21:32:19,31,r/television,1,2018-05-17 02:57:30,4,3,61,0
8jypxk,2018-05-16 21:32:19,31,r/television,1,2018-05-17 03:24:45,5,0,9,0
8jypxk,2018-05-16 21:32:19,31,r/television,1,2018-05-17 04:07:14,5,0,3,0
8jypxk,2018-05-16 21:32:19,31,r/television,1,2018-05-17 04:12:06,5,0,2,0
8jypxk,2018-05-16 21:32:19,31,r/television,1,2018-05-17 02:44:12,4,1,21,0
8jypxk,2018-05-16 21:32:19,31,r/television,1,2018-05-17 02:48:44,4,1,2,0
8jypxk,2018-05-16 21:32:19,31,r/television,1,2018-05-17 02:53:37,5,0,5,0
8jypxk,2018-05-16 21:32:19,31,r/television,1,2018-05-17 03:41:35,4,0,2,0
8jypxk,2018-05-16 21:32:19,31,r/television,1,2018-05-17 02:40:35,3,1,5,0
8jypxk,2018-05-16 21:32:19,31,r/television,1,2018-05-17 02:50:52,4,0,2,0
8jypxk,2018-05-16 21:32:19,31,r/television,1,2018-05-17 02:18:51,2,1,8,0
8jypxk,2018-05-16 21:32:19,31,r/television,1,2018-05-17 02:39:50,3,1,2,0
8jypxk,2018-05-16 21:32:19,31,r/television,1,2018-05-17 00:04:23,1,8,318,0
8jypxk,2018-05-16 21:32:19,31,r/television,1,2018-05-17 00:36:10,2,3,263,0
8jypxk,2018-05-16 21:32:19,31,r/television,1,2018-05-17 01:32:55,3,2,62,0
8jypxk,2018-05-16 21:32:19,31,r/television,1,2018-05-17 01:42:06,4,1,51,0
8jypxk,2018-05-16 21:32:19,31,r/television,1,2018-05-17 02:04:44,5,2,19,0
8jypxk,2018-05-16 21:32:19,31,r/television,1,2018-05-17 02:13:10,6,1,7,0
8jypxk,2018-05-16 21:32:19,31,r/television,1,2018-05-17 02:26:30,7,1,3,0
8jypxk,2018-05-16 21:32:19,31,r/television,1,2018-05-17 02:06:16,4,1,2,0
8jypxk,2018-05-16 21:32:19,31,r/television,1,2018-05-17 01:34:31,3,2,12,0
8jypxk,2018-05-16 21:32:19,31,r/television,1,2018-05-17 02:21:25,4,0,5,0
8jypxk,2018-05-16 21:32:19,31,r/television,1,2018-05-17 03:36:35,4,0,2,0
8jypxk,2018-05-16 21:32:19,31,r/television,1,2018-05-17 01:06:05,2,1,14,0
8jypxk,2018-05-16 21:32:19,31,r/television,1,2018-05-17 01:01:05,2,5,90,0
8jypxk,2018-05-16 21:32:19,31,r/television,1,2018-05-17 01:05:23,3,1,31,0
8jypxk,2018-05-16 21:32:19,31,r/television,1,2018-05-17 01:09:41,3,1,111,0
8jypxk,2018-05-16 21:32:19,31,r/television,1,2018-05-17 01:57:27,4,1,71,0
8jypxk,2018-05-16 21:32:19,31,r/television,1,2018-05-17 02:27:45,5,1,17,0
8jypxk,2018-05-16 21:32:19,31,r/television,1,2018-05-17 02:41:52,6,1,5,0
8jypxk,2018-05-16 21:32:19,31,r/television,1,2018-05-17 01:23:47,3,2,28,0
8jypxk,2018-05-16 21:32:19,31,r/television,1,2018-05-17 01:44:49,4,1,20,0
8jypxk,2018-05-16 21:32:19,31,r/television,1,2018-05-17 01:50:11,4,1,8,0
8jypxk,2018-05-16 21:32:19,31,r/television,1,2018-05-17 02:07:00,3,0,2,0
8jypxk,2018-05-16 21:32:19,31,r/television,1,2018-05-17 00:23:22,2,2,46,0
8jypxk,2018-05-16 21:32:19,31,r/television,1,2018-05-17 03:45:24,3,0,2,0
8jypxk,2018-05-16 21:32:19,31,r/television,1,2018-05-17 01:22:17,2,4,20,0
8jypxk,2018-05-16 21:32:19,31,r/television,1,2018-05-17 02:02:09,3,0,6,0
8jypxk,2018-05-16 21:32:19,31,r/television,1,2018-05-17 02:39:09,3,2,6,0
8jypxk,2018-05-16 21:32:19,31,r/television,1,2018-05-17 03:35:47,4,0,2,0
8jypxk,2018-05-16 21:32:19,31,r/television,1,2018-05-17 02:29:16,3,2,3,0
8jypxk,2018-05-16 21:32:19,31,r/television,1,2018-05-17 02:41:41,4,1,6,0
8jypxk,2018-05-16 21:32:19,31,r/television,1,2018-05-17 01:56:56,2,0,2,0
8jypxk,2018-05-16 21:32:19,31,r/television,1,2018-05-17 02:02:18,2,0,2,0
8jypxk,2018-05-16 21:32:19,31,r/television,1,2018-05-17 02:08:58,1,1,8,0
8jypxk,2018-05-16 21:32:19,31,r/television,1,2018-05-17 02:34:24,2,0,3,0
8jypxk,2018-05-16 21:32:19,31,r/television,1,2018-05-16 23:46:53,1,2,33,0
8jypxk,2018-05-16 21:32:19,31,r/television,1,2018-05-17 01:20:18,2,2,28,0
8jypxk,2018-05-16 21:32:19,31,r/television,1,2018-05-17 02:29:39,3,1,31,0
8jypxk,2018-05-16 21:32:19,31,r/television,1,2018-05-17 02:40:19,4,0,3,0
8jypxk,2018-05-16 21:32:19,31,r/television,1,2018-05-17 00:20:24,2,2,27,0
8jypxk,2018-05-16 21:32:19,31,r/television,1,2018-05-17 00:40:24,3,0,2,0
8jypxk,2018-05-16 21:32:19,31,r/television,1,2018-05-17 01:19:18,1,0,4,0
8jypxk,2018-05-16 21:32:19,31,r/television,1,2018-05-17 01:54:54,1,0,5,0
8jypxk,2018-05-16 21:32:19,31,r/television,1,2018-05-17 00:56:31,1,0,3,0
8jypxk,2018-05-16 21:32:19,31,r/television,1,2018-05-17 01:52:23,1,0,3,0
8jypxk,2018-05-16 21:32:19,31,r/television,1,2018-05-17 00:09:58,1,2,12,0
8jypxk,2018-05-16 21:32:19,31,r/television,1,2018-05-17 00:16:46,2,1,6,0
8jypxk,2018-05-16 21:32:19,31,r/television,1,2018-05-16 23:52:44,1,0,5,0
8jypxk,2018-05-16 21:32:19,31,r/television,1,2018-05-17 00:36:40,1,0,7,0
8jypxk,2018-05-16 21:32:19,31,r/television,1,2018-05-17 01:09:13,1,0,2,0
8jypxk,2018-05-16 21:32:19,31,r/television,1,2018-05-17 01:54:27,1,0,2,0
8jypxk,2018-05-16 21:32:19,31,r/television,1,2018-05-17 02:06:58,1,0,2,0
8jypxk,2018-05-16 21:32:19,31,r/television,1,2018-05-17 02:14:22,1,0,2,0
8jypxk,2018-05-16 21:32:19,31,r/television,1,2018-05-17 02:21:44,1,0,2,0
8jypxk,2018-05-16 21:32:19,31,r/television,1,2018-05-17 02:22:49,1,0,2,0
8jypxk,2018-05-16 21:32:19,31,r/television,1,2018-05-17 02:24:22,1,0,2,0
8jypxk,2018-05-16 21:32:19,31,r/television,1,2018-05-17 03:37:57,1,0,2,0
8jypxk,2018-05-16 21:32:19,31,r/television,1,2018-05-17 01:34:28,1,0,5,0
8jypxk,2018-05-16 21:32:19,31,r/television,2,2018-05-16 23:15:28,0,4,256,0
8jypxk,2018-05-16 21:32:19,31,r/television,2,2018-05-17 01:12:10,1,1,46,0
8jypxk,2018-05-16 21:32:19,31,r/television,2,2018-05-17 01:52:48,2,3,85,0
8jypxk,2018-05-16 21:32:19,31,r/television,2,2018-05-17 03:57:31,3,0,3,0
8jypxk,2018-05-16 21:32:19,31,r/television,2,2018-05-17 04:33:44,3,0,4,0
8jypxk,2018-05-16 21:32:19,31,r/television,2,2018-05-17 00:19:04,1,2,10,0
8jypxk,2018-05-16 21:32:19,31,r/television,2,2018-05-17 01:28:30,2,2,71,0
8jypxk,2018-05-16 21:32:19,31,r/television,2,2018-05-17 02:02:49,3,2,10,0
8jypxk,2018-05-16 21:32:19,31,r/television,2,2018-05-17 03:31:53,4,0,5,0
8jypxk,2018-05-16 21:32:19,31,r/television,2,2018-05-17 02:40:58,4,3,4,0
8jypxk,2018-05-16 21:32:19,31,r/television,2,2018-05-17 02:43:48,5,1,10,0
8jypxk,2018-05-16 21:32:19,31,r/television,2,2018-05-17 02:48:22,6,0,6,0
8jypxk,2018-05-16 21:32:19,31,r/television,2,2018-05-17 03:04:26,5,1,2,0
8jypxk,2018-05-16 21:32:19,31,r/television,2,2018-05-17 03:30:43,3,0,2,0
8jypxk,2018-05-16 21:32:19,31,r/television,2,2018-05-17 03:27:25,1,0,2,0
8jypxk,2018-05-16 21:32:19,31,r/television,3,2018-05-16 22:06:12,0,9,699,0
8jypxk,2018-05-16 21:32:19,31,r/television,3,2018-05-17 00:18:59,1,4,199,0
8jypxk,2018-05-16 21:32:19,31,r/television,3,2018-05-17 00:30:45,2,5,58,0
8jypxk,2018-05-16 21:32:19,31,r/television,3,2018-05-17 01:08:56,3,2,30,0
8jypxk,2018-05-16 21:32:19,31,r/television,3,2018-05-17 02:02:11,4,0,15,0
8jypxk,2018-05-16 21:32:19,31,r/television,3,2018-05-17 01:33:00,4,0,2,0
8jypxk,2018-05-16 21:32:19,31,r/television,3,2018-05-17 02:14:51,3,0,2,0
8jypxk,2018-05-16 21:32:19,31,r/television,3,2018-05-17 02:32:38,3,0,2,0
8jypxk,2018-05-16 21:32:19,31,r/television,3,2018-05-17 03:06:30,3,1,2,0
8jypxk,2018-05-16 21:32:19,31,r/television,3,2018-05-17 03:31:24,4,1,2,0
8jypxk,2018-05-16 21:32:19,31,r/television,3,2018-05-17 04:01:19,5,1,2,0
8jypxk,2018-05-16 21:32:19,31,r/television,3,2018-05-17 00:52:58,2,1,7,0
8jypxk,2018-05-16 21:32:19,31,r/television,3,2018-05-17 01:08:20,2,0,2,0
8jypxk,2018-05-16 21:32:19,31,r/television,3,2018-05-17 01:24:07,1,1,45,0
8jypxk,2018-05-16 21:32:19,31,r/television,3,2018-05-17 00:56:59,1,0,13,0
8jypxk,2018-05-16 21:32:19,31,r/television,3,2018-05-17 00:34:57,1,2,11,0
8jypxk,2018-05-16 21:32:19,31,r/television,3,2018-05-17 01:38:41,2,1,12,0
8jypxk,2018-05-16 21:32:19,31,r/television,3,2018-05-17 01:57:44,3,0,9,0
8jypxk,2018-05-16 21:32:19,31,r/television,3,2018-05-17 01:56:14,1,0,4,0
8jypxk,2018-05-16 21:32:19,31,r/television,3,2018-05-17 01:26:16,1,1,4,0
8jypxk,2018-05-16 21:32:19,31,r/television,3,2018-05-17 01:41:11,2,0,7,0
8jypxk,2018-05-16 21:32:19,31,r/television,3,2018-05-17 02:26:12,1,0,2,0
8jypxk,2018-05-16 21:32:19,31,r/television,3,2018-05-17 02:57:31,1,0,2,0
8jypxk,2018-05-16 21:32:19,31,r/television,4,2018-05-16 21:43:31,0,4,363,0
8jypxk,2018-05-16 21:32:19,31,r/television,4,2018-05-16 22:26:25,1,6,152,0
8jypxk,2018-05-16 21:32:19,31,r/television,4,2018-05-16 22:30:07,2,3,64,0
8jypxk,2018-05-16 21:32:19,31,r/television,4,2018-05-16 23:50:59,3,1,37,0
8jypxk,2018-05-16 21:32:19,31,r/television,4,2018-05-16 23:56:54,4,2,20,0
8jypxk,2018-05-16 21:32:19,31,r/television,4,2018-05-17 01:29:14,5,2,16,0
8jypxk,2018-05-16 21:32:19,31,r/television,4,2018-05-17 02:34:29,6,1,3,0
8jypxk,2018-05-16 21:32:19,31,r/television,4,2018-05-17 02:34:34,6,0,2,0
8jypxk,2018-05-16 21:32:19,31,r/television,4,2018-05-17 01:44:36,5,0,8,0
8jypxk,2018-05-16 21:32:19,31,r/television,4,2018-05-17 01:40:27,3,0,2,0
8jypxk,2018-05-16 21:32:19,31,r/television,4,2018-05-17 03:07:12,3,0,2,0
8jypxk,2018-05-16 21:32:19,31,r/television,4,2018-05-16 23:32:35,2,1,16,0
8jypxk,2018-05-16 21:32:19,31,r/television,4,2018-05-17 00:35:16,3,1,4,0
8jypxk,2018-05-16 21:32:19,31,r/television,4,2018-05-17 01:36:32,4,0,6,0
8jypxk,2018-05-16 21:32:19,31,r/television,4,2018-05-16 23:59:36,2,1,5,0
8jypxk,2018-05-16 21:32:19,31,r/television,4,2018-05-17 01:05:58,2,0,2,0
8jypxk,2018-05-16 21:32:19,31,r/television,4,2018-05-17 01:41:51,2,0,2,0
8jypxk,2018-05-16 21:32:19,31,r/television,4,2018-05-16 22:39:21,1,0,12,0
8jypxk,2018-05-16 21:32:19,31,r/television,4,2018-05-17 02:18:23,1,0,2,0
8jypxk,2018-05-16 21:32:19,31,r/television,5,2018-05-16 21:38:18,0,4,240,0
8jypxk,2018-05-16 21:32:19,31,r/television,5,2018-05-16 21:56:37,1,2,64,0
8jypxk,2018-05-16 21:32:19,31,r/television,5,2018-05-16 22:08:36,2,3,55,0
8jypxk,2018-05-16 21:32:19,31,r/television,5,2018-05-16 22:13:21,3,2,54,0
8jypxk,2018-05-16 21:32:19,31,r/television,5,2018-05-17 01:52:16,4,1,4,0
8jypxk,2018-05-16 21:32:19,31,r/television,5,2018-05-16 22:17:24,4,1,6,0
8jypxk,2018-05-16 21:32:19,31,r/television,5,2018-05-16 22:21:32,5,1,10,0
8jypxk,2018-05-16 21:32:19,31,r/television,5,2018-05-16 22:39:40,6,1,5,0
8jypxk,2018-05-16 21:32:19,31,r/television,5,2018-05-17 01:42:51,7,0,4,0
8jypxk,2018-05-16 21:32:19,31,r/television,5,2018-05-16 22:11:55,3,1,13,0
8jypxk,2018-05-16 21:32:19,31,r/television,5,2018-05-16 22:14:57,4,3,22,0
8jypxk,2018-05-16 21:32:19,31,r/television,5,2018-05-16 22:19:12,5,1,17,0
8jypxk,2018-05-16 21:32:19,31,r/television,5,2018-05-16 23:48:28,6,2,30,0
8jypxk,2018-05-16 21:32:19,31,r/television,5,2018-05-17 00:17:09,7,1,13,0
8jypxk,2018-05-16 21:32:19,31,r/television,5,2018-05-17 01:23:07,8,1,8,0
8jypxk,2018-05-16 21:32:19,31,r/television,5,2018-05-16 23:06:58,5,0,11,0
8jypxk,2018-05-16 21:32:19,31,r/television,5,2018-05-16 23:03:10,1,2,10,0
8jypxk,2018-05-16 21:32:19,31,r/television,5,2018-05-17 00:33:21,2,1,4,0
8jypxk,2018-05-16 21:32:19,31,r/television,5,2018-05-17 00:58:29,3,1,3,0
8jypxk,2018-05-16 21:32:19,31,r/television,5,2018-05-17 01:03:32,4,0,2,0
8jypxk,2018-05-16 21:32:19,31,r/television,5,2018-05-17 01:13:35,2,0,2,0
8jypxk,2018-05-16 21:32:19,31,r/television,5,2018-05-17 02:11:44,1,0,2,0
8jypxk,2018-05-16 21:32:19,31,r/television,6,2018-05-16 22:07:24,0,2,115,0
8jypxk,2018-05-16 21:32:19,31,r/television,6,2018-05-16 22:17:48,1,1,30,0
8jypxk,2018-05-16 21:32:19,31,r/television,6,2018-05-16 22:24:49,2,1,8,0
8jypxk,2018-05-16 21:32:19,31,r/television,6,2018-05-17 02:07:35,3,1,12,0
8jypxk,2018-05-16 21:32:19,31,r/television,7,2018-05-16 23:09:24,0,0,30,0
8jypxk,2018-05-16 21:32:19,31,r/television,8,2018-05-16 21:57:41,0,4,438,0
8jypxk,2018-05-16 21:32:19,31,r/television,8,2018-05-16 22:00:57,1,5,160,0
8jypxk,2018-05-16 21:32:19,31,r/television,8,2018-05-16 23:10:35,2,4,170,0
8jypxk,2018-05-16 21:32:19,31,r/television,8,2018-05-17 00:35:25,3,2,87,0
8jypxk,2018-05-16 21:32:19,31,r/television,8,2018-05-17 02:30:22,4,1,16,0
8jypxk,2018-05-16 21:32:19,31,r/television,8,2018-05-17 04:49:44,5,0,2,0
8jypxk,2018-05-16 21:32:19,31,r/television,8,2018-05-17 01:59:08,3,0,16,0
8jypxk,2018-05-16 21:32:19,31,r/television,8,2018-05-17 04:39:53,3,0,2,0
8jypxk,2018-05-16 21:32:19,31,r/television,8,2018-05-17 00:28:25,2,3,27,0
8jypxk,2018-05-16 21:32:19,31,r/television,8,2018-05-17 01:54:17,3,0,6,0
8jypxk,2018-05-16 21:32:19,31,r/television,8,2018-05-17 01:51:04,3,1,12,0
8jypxk,2018-05-16 21:32:19,31,r/television,8,2018-05-17 03:12:43,2,1,3,0
8jypxk,2018-05-16 21:32:19,31,r/television,8,2018-05-17 00:35:39,2,3,10,0
8jypxk,2018-05-16 21:32:19,31,r/television,8,2018-05-17 01:49:42,3,0,5,0
8jypxk,2018-05-16 21:32:19,31,r/television,8,2018-05-17 02:47:09,3,1,4,0
8jypxk,2018-05-16 21:32:19,31,r/television,8,2018-05-16 22:06:26,1,1,32,0
8jypxk,2018-05-16 21:32:19,31,r/television,8,2018-05-17 00:57:09,2,0,6,0
8jypxk,2018-05-16 21:32:19,31,r/television,8,2018-05-17 01:04:43,1,1,4,0
8jypxk,2018-05-16 21:32:19,31,r/television,8,2018-05-17 01:58:12,2,1,2,0
8jypxk,2018-05-16 21:32:19,31,r/television,8,2018-05-17 02:17:16,3,0,2,0
8jypxk,2018-05-16 21:32:19,31,r/television,9,2018-05-17 00:19:13,0,1,24,0
8jypxk,2018-05-16 21:32:19,31,r/television,9,2018-05-17 02:37:39,1,0,3,0
8jypxk,2018-05-16 21:32:19,31,r/television,10,2018-05-17 00:38:00,0,1,25,0
8jypxk,2018-05-16 21:32:19,31,r/television,10,2018-05-17 00:41:08,1,0,2,0
8jypxk,2018-05-16 21:32:19,31,r/television,11,2018-05-16 21:44:31,0,3,130,0
8jypxk,2018-05-16 21:32:19,31,r/television,11,2018-05-16 23:12:30,1,1,55,0
8jypxk,2018-05-16 21:32:19,31,r/television,11,2018-05-16 23:15:29,2,1,34,0
8jypxk,2018-05-16 21:32:19,31,r/television,11,2018-05-16 23:21:24,3,0,26,0
8jypxk,2018-05-16 21:32:19,31,r/television,11,2018-05-17 01:33:58,1,3,23,0
8jypxk,2018-05-16 21:32:19,31,r/television,11,2018-05-17 02:53:00,2,0,3,0
8jypxk,2018-05-16 21:32:19,31,r/television,11,2018-05-17 03:22:30,2,0,2,0
8jypxk,2018-05-16 21:32:19,31,r/television,12,2018-05-16 21:53:58,0,1,50,0
8jypxk,2018-05-16 21:32:19,31,r/television,12,2018-05-16 21:55:53,1,0,16,0
8jypxk,2018-05-16 21:32:19,31,r/television,13,2018-05-16 21:44:15,0,8,305,0
8jypxk,2018-05-16 21:32:19,31,r/television,13,2018-05-16 22:09:47,1,2,55,0
8jypxk,2018-05-16 21:32:19,31,r/television,13,2018-05-17 02:58:01,2,1,2,0
8jypxk,2018-05-16 21:32:19,31,r/television,13,2018-05-16 22:01:54,1,12,206,0
8jypxk,2018-05-16 21:32:19,31,r/television,13,2018-05-17 01:33:48,2,2,10,0
8jypxk,2018-05-16 21:32:19,31,r/television,13,2018-05-17 02:19:25,3,1,3,0
8jypxk,2018-05-16 21:32:19,31,r/television,13,2018-05-17 03:14:16,4,0,2,0
8jypxk,2018-05-16 21:32:19,31,r/television,13,2018-05-16 22:11:14,2,3,99,0
8jypxk,2018-05-16 21:32:19,31,r/television,13,2018-05-16 22:20:18,3,1,68,0
8jypxk,2018-05-16 21:32:19,31,r/television,13,2018-05-16 22:32:00,4,2,12,0
8jypxk,2018-05-16 21:32:19,31,r/television,13,2018-05-16 22:46:18,5,1,48,0
8jypxk,2018-05-16 21:32:19,31,r/television,13,2018-05-17 02:37:25,3,0,2,0
8jypxk,2018-05-16 21:32:19,31,r/television,13,2018-05-17 01:20:26,2,0,10,0
8jypxk,2018-05-16 21:32:19,31,r/television,13,2018-05-16 22:31:30,2,8,69,0
8jypxk,2018-05-16 21:32:19,31,r/television,13,2018-05-16 22:59:12,3,1,27,0
8jypxk,2018-05-16 21:32:19,31,r/television,13,2018-05-17 01:22:22,3,0,9,0
8jypxk,2018-05-16 21:32:19,31,r/television,13,2018-05-16 22:40:11,3,4,39,0
8jypxk,2018-05-16 21:32:19,31,r/television,13,2018-05-17 00:03:01,4,2,19,0
8jypxk,2018-05-16 21:32:19,31,r/television,13,2018-05-17 02:25:36,5,0,2,0
8jypxk,2018-05-16 21:32:19,31,r/television,13,2018-05-16 22:41:34,4,3,40,0
8jypxk,2018-05-16 21:32:19,31,r/television,13,2018-05-16 23:15:13,5,2,14,0
8jypxk,2018-05-16 21:32:19,31,r/television,13,2018-05-17 00:04:04,6,0,3,0
8jypxk,2018-05-16 21:32:19,31,r/television,13,2018-05-17 01:33:18,6,0,2,0
8jypxk,2018-05-16 21:32:19,31,r/television,13,2018-05-17 01:16:10,5,1,5,0
8jypxk,2018-05-16 21:32:19,31,r/television,13,2018-05-17 01:56:14,6,0,4,0
8jypxk,2018-05-16 21:32:19,31,r/television,13,2018-05-17 00:22:45,4,1,2,0
8jypxk,2018-05-16 21:32:19,31,r/television,13,2018-05-17 00:25:06,5,1,3,0
8jypxk,2018-05-16 21:32:19,31,r/television,13,2018-05-17 00:30:39,6,0,2,0
8jypxk,2018-05-16 21:32:19,31,r/television,13,2018-05-17 01:18:19,4,0,2,0
8jypxk,2018-05-16 21:32:19,31,r/television,13,2018-05-17 01:43:31,3,0,5,0
8jypxk,2018-05-16 21:32:19,31,r/television,13,2018-05-17 01:58:11,3,0,3,0
8jypxk,2018-05-16 21:32:19,31,r/television,13,2018-05-17 02:09:52,3,0,3,0
8jypxk,2018-05-16 21:32:19,31,r/television,13,2018-05-17 01:51:29,3,0,2,0
8jypxk,2018-05-16 21:32:19,31,r/television,13,2018-05-17 01:45:06,2,0,6,0
8jypxk,2018-05-16 21:32:19,31,r/television,13,2018-05-16 22:16:25,2,0,8,0
8jypxk,2018-05-16 21:32:19,31,r/television,13,2018-05-16 22:12:27,2,5,17,0
8jypxk,2018-05-16 21:32:19,31,r/television,13,2018-05-16 22:19:46,3,2,87,0
8jypxk,2018-05-16 21:32:19,31,r/television,13,2018-05-17 01:00:59,4,0,12,0
8jypxk,2018-05-16 21:32:19,31,r/television,13,2018-05-17 00:44:37,3,0,9,0
8jypxk,2018-05-16 21:32:19,31,r/television,13,2018-05-16 22:15:18,3,1,34,0
8jypxk,2018-05-16 21:32:19,31,r/television,13,2018-05-17 01:35:41,3,0,2,0
8jypxk,2018-05-16 21:32:19,31,r/television,13,2018-05-17 01:44:24,2,0,2,0
8jypxk,2018-05-16 21:32:19,31,r/television,13,2018-05-17 02:06:07,2,0,2,0
8jypxk,2018-05-16 21:32:19,31,r/television,13,2018-05-17 03:26:27,2,1,2,0
8jypxk,2018-05-16 21:32:19,31,r/television,13,2018-05-17 00:23:40,2,2,4,0
8jypxk,2018-05-16 21:32:19,31,r/television,13,2018-05-17 01:34:08,3,1,2,0
8jypxk,2018-05-16 21:32:19,31,r/television,13,2018-05-17 01:36:16,4,0,4,0
8jypxk,2018-05-16 21:32:19,31,r/television,13,2018-05-16 23:13:35,1,0,9,0
8jypxk,2018-05-16 21:32:19,31,r/television,13,2018-05-17 02:01:55,1,0,5,0
8jypxk,2018-05-16 21:32:19,31,r/television,13,2018-05-16 22:10:59,1,2,12,0
8jypxk,2018-05-16 21:32:19,31,r/television,13,2018-05-16 22:37:43,2,0,12,0
8jypxk,2018-05-16 21:32:19,31,r/television,13,2018-05-17 01:17:29,1,0,2,0
8jypxk,2018-05-16 21:32:19,31,r/television,13,2018-05-17 02:11:13,1,0,2,0
8jypxk,2018-05-16 21:32:19,31,r/television,14,2018-05-16 22:23:42,0,0,36,0
8jypxk,2018-05-16 21:32:19,31,r/television,15,2018-05-17 02:52:24,0,0,14,0
8jypxk,2018-05-16 21:32:19,31,r/television,16,2018-05-16 22:58:22,0,1,45,0
8jypxk,2018-05-16 21:32:19,31,r/television,17,2018-05-16 22:05:34,0,2,59,1
8jypxk,2018-05-16 21:32:19,31,r/television,17,2018-05-16 22:48:03,1,1,19,0
8jypxk,2018-05-16 21:32:19,31,r/television,17,2018-05-16 22:51:37,2,1,12,0
8jypxk,2018-05-16 21:32:19,31,r/television,18,2018-05-17 00:21:50,0,1,14,0
8jypxk,2018-05-16 21:32:19,31,r/television,19,2018-05-16 23:20:46,0,7,168,0
8jypxk,2018-05-16 21:32:19,31,r/television,19,2018-05-17 00:32:08,1,3,61,0
8jypxk,2018-05-16 21:32:19,31,r/television,19,2018-05-17 00:45:16,2,4,29,0
8jypxk,2018-05-16 21:32:19,31,r/television,19,2018-05-17 01:01:06,3,2,20,0
8jypxk,2018-05-16 21:32:19,31,r/television,19,2018-05-17 03:01:07,4,0,4,0
8jypxk,2018-05-16 21:32:19,31,r/television,19,2018-05-17 01:19:37,3,1,3,0
8jypxk,2018-05-16 21:32:19,31,r/television,19,2018-05-17 00:57:15,3,0,3,0
8jypxk,2018-05-16 21:32:19,31,r/television,19,2018-05-17 00:48:15,2,0,2,0
8jypxk,2018-05-16 21:32:19,31,r/television,19,2018-05-16 23:54:36,1,1,29,0
8jypxk,2018-05-16 21:32:19,31,r/television,19,2018-05-17 01:10:41,1,1,5,0
8jypxk,2018-05-16 21:32:19,31,r/television,19,2018-05-17 00:47:05,1,1,12,0
8jypxk,2018-05-16 21:32:19,31,r/television,19,2018-05-17 01:54:01,2,1,11,0
8jypxk,2018-05-16 21:32:19,31,r/television,19,2018-05-17 00:45:46,1,1,2,0
8jypxk,2018-05-16 21:32:19,31,r/television,19,2018-05-17 01:33:29,1,0,2,0
8jypxk,2018-05-16 21:32:19,31,r/television,20,2018-05-16 22:26:06,0,2,10,0
8jypxk,2018-05-16 21:32:19,31,r/television,20,2018-05-16 22:40:20,1,0,5,0
8jypxk,2018-05-16 21:32:19,31,r/television,21,2018-05-17 01:10:22,0,0,9,0
8jypxk,2018-05-16 21:32:19,31,r/television,22,2018-05-16 22:05:17,0,1,33,0
8jypxk,2018-05-16 21:32:19,31,r/television,23,2018-05-16 21:37:41,0,1,37,0
8jypxk,2018-05-16 21:32:19,31,r/television,23,2018-05-16 21:55:14,1,1,15,0
8jypxk,2018-05-16 21:32:19,31,r/television,23,2018-05-16 22:01:28,2,1,9,0
8jypxk,2018-05-16 21:32:19,31,r/television,23,2018-05-16 22:06:36,3,1,6,0
8jypxk,2018-05-16 21:32:19,31,r/television,24,2018-05-16 21:44:47,0,2,31,0
8jypxk,2018-05-16 21:32:19,31,r/television,24,2018-05-16 21:47:06,1,4,46,0
8jypxk,2018-05-16 21:32:19,31,r/television,24,2018-05-16 22:04:26,2,0,43,0
8jypxk,2018-05-16 21:32:19,31,r/television,24,2018-05-16 21:54:00,2,0,8,0
8jypxk,2018-05-16 21:32:19,31,r/television,24,2018-05-16 23:17:46,2,2,4,0
8jypxk,2018-05-16 21:32:19,31,r/television,24,2018-05-17 00:11:07,3,0,5,0
8jypxk,2018-05-16 21:32:19,31,r/television,25,2018-05-16 21:35:49,0,0,22,0
8jypxk,2018-05-16 21:32:19,31,r/television,26,2018-05-16 23:16:48,0,1,8,0
8jypxk,2018-05-16 21:32:19,31,r/television,26,2018-05-16 23:36:48,1,1,5,0
8jypxk,2018-05-16 21:32:19,31,r/television,27,2018-05-17 01:10:12,0,0,6,0
8jypxk,2018-05-16 21:32:19,31,r/television,28,2018-05-17 02:16:20,0,0,6,0
8jypxk,2018-05-16 21:32:19,31,r/television,29,2018-05-17 03:18:03,0,0,8,0
8jypxk,2018-05-16 21:32:19,31,r/television,30,2018-05-16 21:56:14,0,6,77,0
8jypxk,2018-05-16 21:32:19,31,r/television,30,2018-05-16 22:13:54,1,1,6,0
8jypxk,2018-05-16 21:32:19,31,r/television,30,2018-05-16 22:15:40,2,0,5,0
8jypxk,2018-05-16 21:32:19,31,r/television,30,2018-05-16 22:16:06,1,0,2,0
8jypxk,2018-05-16 21:32:19,31,r/television,30,2018-05-17 01:36:52,1,0,2,0
8jypxk,2018-05-16 21:32:19,31,r/television,30,2018-05-17 01:53:22,1,0,2,0
8jypxk,2018-05-16 21:32:19,31,r/television,30,2018-05-17 03:38:02,1,0,2,0
8jypxk,2018-05-16 21:32:19,31,r/television,31,2018-05-16 21:33:48,0,0,20,0
8jypxk,2018-05-16 21:32:19,31,r/television,32,2018-05-16 22:17:00,0,4,19,0
8jypxk,2018-05-16 21:32:19,31,r/television,32,2018-05-17 00:52:34,1,1,6,0
8jypxk,2018-05-16 21:32:19,31,r/television,32,2018-05-16 22:19:31,1,0,10,0
8jypxk,2018-05-16 21:32:19,31,r/television,32,2018-05-16 22:31:10,1,1,5,0
8jypxk,2018-05-16 21:32:19,31,r/television,32,2018-05-16 22:41:53,1,0,4,0
8jypxk,2018-05-16 21:32:19,31,r/television,33,2018-05-17 01:01:57,0,1,7,0
8jypxk,2018-05-16 21:32:19,31,r/television,34,2018-05-17 01:02:06,0,1,5,0
8jypxk,2018-05-16 21:32:19,31,r/television,35,2018-05-17 01:14:14,0,1,6,0
8jypxk,2018-05-16 21:32:19,31,r/television,36,2018-05-17 01:45:58,0,0,6,1
8jypxk,2018-05-16 21:32:19,31,r/television,37,2018-05-17 02:12:38,0,0,6,0
8jypxk,2018-05-16 21:32:19,31,r/television,38,2018-05-17 02:25:30,0,1,5,0
8jypxk,2018-05-16 21:32:19,31,r/television,39,2018-05-17 03:14:54,0,0,6,0
8jypxk,2018-05-16 21:32:19,31,r/television,40,2018-05-17 03:32:10,0,1,5,0
8jypxk,2018-05-16 21:32:19,31,r/television,41,2018-05-16 23:36:33,0,2,20,0
8jypxk,2018-05-16 21:32:19,31,r/television,41,2018-05-16 23:58:59,1,1,12,0
8jypxk,2018-05-16 21:32:19,31,r/television,42,2018-05-17 00:09:12,0,0,5,0
8jypxk,2018-05-16 21:32:19,31,r/television,43,2018-05-17 00:15:18,0,0,5,0
8jypxk,2018-05-16 21:32:19,31,r/television,44,2018-05-17 00:43:47,0,0,5,0
8jypxk,2018-05-16 21:32:19,31,r/television,45,2018-05-17 00:44:54,0,0,4,0
8jypxk,2018-05-16 21:32:19,31,r/television,46,2018-05-17 00:57:31,0,0,4,0
8jypxk,2018-05-16 21:32:19,31,r/television,47,2018-05-16 22:54:32,0,2,21,0
8jypxk,2018-05-16 21:32:19,31,r/television,47,2018-05-17 03:28:17,1,0,2,0
8jypxk,2018-05-16 21:32:19,31,r/television,48,2018-05-16 21:46:37,0,1,17,0
8jypxk,2018-05-16 21:32:19,31,r/television,48,2018-05-17 00:55:56,1,0,4,0
8jypxk,2018-05-16 21:32:19,31,r/television,49,2018-05-16 21:34:24,0,1,16,0
8jypxk,2018-05-16 21:32:19,31,r/television,49,2018-05-16 22:17:38,1,0,3,0
8jypxk,2018-05-16 21:32:19,31,r/television,50,2018-05-16 22:40:56,0,1,11,0
8jypxk,2018-05-16 21:32:19,31,r/television,50,2018-05-16 22:44:01,1,0,1,0
8jypxk,2018-05-16 21:32:19,31,r/television,51,2018-05-17 00:17:24,0,1,4,0
8jypxk,2018-05-16 21:32:19,31,r/television,52,2018-05-17 01:57:45,0,0,4,0
8jypxk,2018-05-16 21:32:19,31,r/television,53,2018-05-17 02:17:28,0,1,3,0
8jypxk,2018-05-16 21:32:19,31,r/television,54,2018-05-17 02:36:18,0,2,3,0
8jypxk,2018-05-16 21:32:19,31,r/television,54,2018-05-17 02:41:21,1,1,2,0
8jypxk,2018-05-16 21:32:19,31,r/television,54,2018-05-17 02:54:38,2,1,3,0
8jypxk,2018-05-16 21:32:19,31,r/television,54,2018-05-17 03:03:11,3,0,2,0
8jypxk,2018-05-16 21:32:19,31,r/television,55,2018-05-17 03:46:50,0,1,4,0
8jypxk,2018-05-16 21:32:19,31,r/television,56,2018-05-17 04:23:22,0,0,4,0
8jypxk,2018-05-16 21:32:19,31,r/television,57,2018-05-16 21:39:13,0,1,14,0
8jypxk,2018-05-16 21:32:19,31,r/television,57,2018-05-16 23:04:11,1,0,4,0
8jypxk,2018-05-16 21:32:19,31,r/television,58,2018-05-16 22:02:29,0,1,23,0
8jypxk,2018-05-16 21:32:19,31,r/television,59,2018-05-17 01:18:02,0,1,8,0
8jypxk,2018-05-16 21:32:19,31,r/television,59,2018-05-17 01:28:39,1,0,2,0
8jypxk,2018-05-16 21:32:19,31,r/television,60,2018-05-16 22:31:03,0,0,7,0
8jypxk,2018-05-16 21:32:19,31,r/television,61,2018-05-16 22:58:07,0,0,6,0
8jypxk,2018-05-16 21:32:19,31,r/television,62,2018-05-16 23:45:33,0,1,6,0
8jypxk,2018-05-16 21:32:19,31,r/television,63,2018-05-16 23:20:03,0,1,8,0
8jypxk,2018-05-16 21:32:19,31,r/television,64,2018-05-16 23:45:02,0,1,3,0
8jypxk,2018-05-16 21:32:19,31,r/television,64,2018-05-17 00:06:12,1,0,3,0
8jypxk,2018-05-16 21:32:19,31,r/television,65,2018-05-16 23:47:47,0,1,3,0
8jypxk,2018-05-16 21:32:19,31,r/television,65,2018-05-17 03:41:12,1,0,2,0
8jypxk,2018-05-16 21:32:19,31,r/television,66,2018-05-17 00:28:41,0,0,3,0
8jypxk,2018-05-16 21:32:19,31,r/television,67,2018-05-17 00:31:07,0,1,3,0
8jypxk,2018-05-16 21:32:19,31,r/television,68,2018-05-17 00:31:34,0,0,3,0
8jypxk,2018-05-16 21:32:19,31,r/television,69,2018-05-17 00:43:16,0,1,3,0
8jypxk,2018-05-16 21:32:19,31,r/television,70,2018-05-17 00:45:16,0,0,3,0
8jypxk,2018-05-16 21:32:19,31,r/television,71,2018-05-17 00:55:42,0,0,3,0
8jypxk,2018-05-16 21:32:19,31,r/television,72,2018-05-17 00:56:44,0,0,3,0
8jypxk,2018-05-16 21:32:19,31,r/television,73,2018-05-17 00:57:12,0,0,3,0
8jypxk,2018-05-16 21:32:19,31,r/television,74,2018-05-17 01:13:06,0,0,3,0
8jypxk,2018-05-16 21:32:19,31,r/television,75,2018-05-17 01:14:37,0,0,3,0
8jypxk,2018-05-16 21:32:19,31,r/television,76,2018-05-17 01:18:01,0,1,3,0
8jypxk,2018-05-16 21:32:19,31,r/television,76,2018-05-17 01:44:55,1,0,2,0
8jypxk,2018-05-16 21:32:19,31,r/television,77,2018-05-17 01:18:15,0,0,3,0
8jypxk,2018-05-16 21:32:19,31,r/television,78,2018-05-17 01:18:26,0,0,3,0
8jypxk,2018-05-16 21:32:19,31,r/television,79,2018-05-17 01:20:24,0,0,3,0
8jypxk,2018-05-16 21:32:19,31,r/television,80,2018-05-17 01:22:11,0,0,3,0
8jypxk,2018-05-16 21:32:19,31,r/television,81,2018-05-17 01:23:24,0,1,3,0
8jypxk,2018-05-16 21:32:19,31,r/television,81,2018-05-17 01:24:52,1,1,3,0
8jypxk,2018-05-16 21:32:19,31,r/television,81,2018-05-17 01:25:32,2,0,2,0
8jypxk,2018-05-16 21:32:19,31,r/television,82,2018-05-17 01:25:18,0,0,3,0
8jypxk,2018-05-16 21:32:19,31,r/television,83,2018-05-17 01:36:07,0,0,3,0
8jypxk,2018-05-16 21:32:19,31,r/television,84,2018-05-17 01:43:26,0,1,3,0
8jypxk,2018-05-16 21:32:19,31,r/television,85,2018-05-17 01:44:56,0,1,3,0
8jypxk,2018-05-16 21:32:19,31,r/television,85,2018-05-17 02:02:31,1,0,3,0
8jypxk,2018-05-16 21:32:19,31,r/television,86,2018-05-17 01:45:26,0,1,3,0
8jypxk,2018-05-16 21:32:19,31,r/television,86,2018-05-17 02:02:06,1,0,2,0
8jypxk,2018-05-16 21:32:19,31,r/television,87,2018-05-17 01:46:00,0,0,3,0
8jypxk,2018-05-16 21:32:19,31,r/television,88,2018-05-17 01:49:40,0,1,3,0
8jypxk,2018-05-16 21:32:19,31,r/television,88,2018-05-17 02:05:13,1,0,5,0
8jypxk,2018-05-16 21:32:19,31,r/television,89,2018-05-17 01:50:41,0,1,3,0
8jypxk,2018-05-16 21:32:19,31,r/television,89,2018-05-17 02:07:37,1,0,2,0
8jypxk,2018-05-16 21:32:19,31,r/television,90,2018-05-17 01:52:14,0,0,3,0
8jypxk,2018-05-16 21:32:19,31,r/television,91,2018-05-17 02:06:13,0,0,3,0
8jypxk,2018-05-16 21:32:19,31,r/television,92,2018-05-17 02:08:05,0,0,3,0
8jypxk,2018-05-16 21:32:19,31,r/television,93,2018-05-17 02:10:34,0,0,3,0
8jypxk,2018-05-16 21:32:19,31,r/television,94,2018-05-17 02:19:35,0,0,3,0
8jypxk,2018-05-16 21:32:19,31,r/television,95,2018-05-17 02:21:19,0,0,3,0
8jypxk,2018-05-16 21:32:19,31,r/television,96,2018-05-17 02:22:13,0,0,3,0
8jypxk,2018-05-16 21:32:19,31,r/television,97,2018-05-17 02:31:35,0,0,3,0
8jypxk,2018-05-16 21:32:19,31,r/television,98,2018-05-17 02:34:09,0,2,3,0
8jypxk,2018-05-16 21:32:19,31,r/television,98,2018-05-17 02:37:29,1,0,3,0
8jypxk,2018-05-16 21:32:19,31,r/television,99,2018-05-17 02:39:34,0,0,3,0
8jypxk,2018-05-16 21:32:19,31,r/television,100,2018-05-17 02:48:40,0,0,3,0
8jypxk,2018-05-16 21:32:19,31,r/television,101,2018-05-17 03:25:05,0,0,3,0
8jypxk,2018-05-16 21:32:19,31,r/television,102,2018-05-17 03:30:31,0,0,3,0
8jypxk,2018-05-16 21:32:19,31,r/television,103,2018-05-17 03:33:15,0,1,3,0
8jypxk,2018-05-16 21:32:19,31,r/television,103,2018-05-17 04:12:52,1,0,2,0
8jypxk,2018-05-16 21:32:19,31,r/television,104,2018-05-17 04:26:29,0,0,3,0
8jypxk,2018-05-16 21:32:19,31,r/television,105,2018-05-17 04:27:11,0,0,3,0
8jypxk,2018-05-16 21:32:19,31,r/television,106,2018-05-16 23:58:00,0,1,4,0
8jypxk,2018-05-16 21:32:19,31,r/television,107,2018-05-17 00:13:51,0,0,4,0
8jypxk,2018-05-16 21:32:19,31,r/television,108,2018-05-16 22:11:52,0,5,9,0
8jypxk,2018-05-16 21:32:19,31,r/television,108,2018-05-16 22:25:48,1,0,7,0
8jypxk,2018-05-16 21:32:19,31,r/television,108,2018-05-16 22:47:05,1,1,4,0
8jypxk,2018-05-16 21:32:19,31,r/television,108,2018-05-16 22:53:26,1,0,4,0
8jypxk,2018-05-16 21:32:19,31,r/television,108,2018-05-16 22:15:47,1,1,8,0
8jypxk,2018-05-16 21:32:19,31,r/television,109,2018-05-16 22:46:35,0,1,5,0
8jypxk,2018-05-16 21:32:19,31,r/television,110,2018-05-16 21:48:37,0,2,18,0
8jypxk,2018-05-16 21:32:19,31,r/television,110,2018-05-16 21:55:36,1,3,7,0
8jypxk,2018-05-16 21:32:19,31,r/television,110,2018-05-16 22:13:55,2,0,6,0
8jypxk,2018-05-16 21:32:19,31,r/television,110,2018-05-16 21:56:43,2,0,6,0
8jypxk,2018-05-16 21:32:19,31,r/television,110,2018-05-16 23:58:03,2,0,4,0
8jypxk,2018-05-16 21:32:19,31,r/television,111,2018-05-17 01:11:11,0,2,9,0
8jypxk,2018-05-16 21:32:19,31,r/television,111,2018-05-17 02:24:34,1,1,5,0
8jypxk,2018-05-16 21:32:19,31,r/television,112,2018-05-16 22:52:07,0,0,4,0
8jypxk,2018-05-16 21:32:19,31,r/television,113,2018-05-16 23:40:03,0,1,4,1
8jypxk,2018-05-16 21:32:19,31,r/television,113,2018-05-16 23:58:35,1,1,2,0
8jypxk,2018-05-16 21:32:19,31,r/television,114,2018-05-16 23:55:05,0,1,3,2
8jypxk,2018-05-16 21:32:19,31,r/television,115,2018-05-17 00:02:47,0,1,4,0
8jypxk,2018-05-16 21:32:19,31,r/television,115,2018-05-17 00:34:58,1,1,2,0
8jypxk,2018-05-16 21:32:19,31,r/television,115,2018-05-17 01:18:41,2,0,2,0
8jypxk,2018-05-16 21:32:19,31,r/television,116,2018-05-17 00:28:32,0,1,3,2
8jypxk,2018-05-16 21:32:19,31,r/television,116,2018-05-17 00:29:21,1,1,3,0
8jypxk,2018-05-16 21:32:19,31,r/television,116,2018-05-17 00:51:47,2,1,3,1
8jypxk,2018-05-16 21:32:19,31,r/television,116,2018-05-17 00:52:41,3,0,2,0
8jypxk,2018-05-16 21:32:19,31,r/television,117,2018-05-17 01:46:29,0,2,5,0
8jypxk,2018-05-16 21:32:19,31,r/television,117,2018-05-17 02:05:58,1,0,2,0
8jypxk,2018-05-16 21:32:19,31,r/television,118,2018-05-17 01:54:48,0,1,8,0
8jypxk,2018-05-16 21:32:19,31,r/television,119,2018-05-17 00:05:43,0,0,2,0
8jypxk,2018-05-16 21:32:19,31,r/television,120,2018-05-17 00:30:14,0,0,2,0
8jypxk,2018-05-16 21:32:19,31,r/television,121,2018-05-17 00:54:10,0,0,2,0
8jypxk,2018-05-16 21:32:19,31,r/television,122,2018-05-17 00:54:46,0,0,2,0
8jypxk,2018-05-16 21:32:19,31,r/television,123,2018-05-17 00:55:01,0,1,2,0
8jypxk,2018-05-16 21:32:19,31,r/television,124,2018-05-17 01:03:41,0,0,2,0
8jypxk,2018-05-16 21:32:19,31,r/television,125,2018-05-17 01:03:46,0,0,2,0
8jypxk,2018-05-16 21:32:19,31,r/television,126,2018-05-17 01:03:55,0,0,2,0
8jypxk,2018-05-16 21:32:19,31,r/television,127,2018-05-17 01:04:43,0,0,2,0
8jypxk,2018-05-16 21:32:19,31,r/television,128,2018-05-17 01:05:14,0,0,2,0
8jypxk,2018-05-16 21:32:19,31,r/television,129,2018-05-17 01:09:29,0,0,2,0
8jypxk,2018-05-16 21:32:19,31,r/television,130,2018-05-17 01:17:38,0,1,2,0
8jypxk,2018-05-16 21:32:19,31,r/television,130,2018-05-17 01:36:03,1,0,2,0
8jypxk,2018-05-16 21:32:19,31,r/television,131,2018-05-17 01:19:27,0,1,2,0
8jypxk,2018-05-16 21:32:19,31,r/television,131,2018-05-17 01:43:15,1,0,2,0
8jypxk,2018-05-16 21:32:19,31,r/television,132,2018-05-17 01:20:53,0,1,2,0
8jypxk,2018-05-16 21:32:19,31,r/television,132,2018-05-17 01:27:50,1,0,2,0
8jypxk,2018-05-16 21:32:19,31,r/television,133,2018-05-17 01:24:39,0,0,2,0
8jypxk,2018-05-16 21:32:19,31,r/television,134,2018-05-17 01:28:23,0,0,2,0
8jypxk,2018-05-16 21:32:19,31,r/television,135,2018-05-17 02:07:42,0,0,2,0
8jypxk,2018-05-16 21:32:19,31,r/television,136,2018-05-17 02:08:25,0,1,2,0
8jypxk,2018-05-16 21:32:19,31,r/television,136,2018-05-17 02:11:31,1,1,2,0
8jypxk,2018-05-16 21:32:19,31,r/television,137,2018-05-17 02:14:27,0,0,2,0
8jypxk,2018-05-16 21:32:19,31,r/television,138,2018-05-17 02:18:39,0,0,2,0
8jypxk,2018-05-16 21:32:19,31,r/television,139,2018-05-17 02:31:32,0,1,2,0
8jypxk,2018-05-16 21:32:19,31,r/television,139,2018-05-17 02:34:58,1,1,3,0
8jypxk,2018-05-16 21:32:19,31,r/television,139,2018-05-17 02:44:46,2,1,2,0
8jypxk,2018-05-16 21:32:19,31,r/television,139,2018-05-17 02:55:49,3,0,2,0
8jypxk,2018-05-16 21:32:19,31,r/television,140,2018-05-17 02:45:44,0,0,2,0
8jypxk,2018-05-16 21:32:19,31,r/television,141,2018-05-17 02:57:53,0,1,2,0
8jypxk,2018-05-16 21:32:19,31,r/television,141,2018-05-17 03:13:55,1,0,2,0
8jypxk,2018-05-16 21:32:19,31,r/television,142,2018-05-17 02:58:38,0,0,2,0
8jypxk,2018-05-16 21:32:19,31,r/television,143,2018-05-17 03:00:57,0,0,2,0
8jypxk,2018-05-16 21:32:19,31,r/television,144,2018-05-17 03:07:08,0,1,2,0
8jypxk,2018-05-16 21:32:19,31,r/television,145,2018-05-17 03:22:30,0,1,2,0
8jypxk,2018-05-16 21:32:19,31,r/television,146,2018-05-17 03:23:15,0,0,2,0
8jypxk,2018-05-16 21:32:19,31,r/television,147,2018-05-17 03:29:52,0,0,2,0
8jypxk,2018-05-16 21:32:19,31,r/television,148,2018-05-17 03:38:20,0,0,2,0
8jypxk,2018-05-16 21:32:19,31,r/television,149,2018-05-17 03:45:08,0,0,2,0
8jypxk,2018-05-16 21:32:19,31,r/television,150,2018-05-17 03:58:27,0,0,2,0
8jypxk,2018-05-16 21:32:19,31,r/television,151,2018-05-17 04:19:10,0,1,2,1
8jypxk,2018-05-16 21:32:19,31,r/television,152,2018-05-17 04:22:05,0,0,2,0
8jypxk,2018-05-16 21:32:19,31,r/television,153,2018-05-17 04:25:59,0,0,2,0
8jypxk,2018-05-16 21:32:19,31,r/television,154,2018-05-17 04:26:16,0,0,2,0
8jypxk,2018-05-16 21:32:19,31,r/television,155,2018-05-17 04:27:24,0,0,2,0
8jypxk,2018-05-16 21:32:19,31,r/television,156,2018-05-17 04:27:41,0,0,2,0
8jypxk,2018-05-16 21:32:19,31,r/television,157,2018-05-17 04:28:29,0,0,2,0
8jypxk,2018-05-16 21:32:19,31,r/television,158,2018-05-17 04:34:08,0,0,2,0
8jypxk,2018-05-16 21:32:19,31,r/television,159,2018-05-17 04:48:01,0,1,2,0
8jypxk,2018-05-16 21:32:19,31,r/television,160,2018-05-17 04:49:06,0,0,2,0
8jypxk,2018-05-16 21:32:19,31,r/television,161,2018-05-17 04:51:16,0,1,2,0
8jypxk,2018-05-16 21:32:19,31,r/television,162,2018-05-17 04:55:46,0,1,2,0
8jypxk,2018-05-16 21:32:19,31,r/television,163,2018-05-17 05:16:34,0,1,2,0
8jypxk,2018-05-16 21:32:19,31,r/television,164,2018-05-17 01:00:03,0,1,4,0
8jypxk,2018-05-16 21:32:19,31,r/television,165,2018-05-16 21:36:13,0,1,7,0
8jypxk,2018-05-16 21:32:19,31,r/television,165,2018-05-16 21:38:52,1,0,10,0
8jypxk,2018-05-16 21:32:19,31,r/television,166,2018-05-16 22:24:14,0,0,5,0
8jypxk,2018-05-16 21:32:19,31,r/television,167,2018-05-16 23:21:25,0,1,3,0
8jypxk,2018-05-16 21:32:19,31,r/television,168,2018-05-17 00:20:06,0,0,4,0
8jypxk,2018-05-16 21:32:19,31,r/television,169,2018-05-17 00:24:53,0,1,1,0
8jypxk,2018-05-16 21:32:19,31,r/television,169,2018-05-17 00:27:48,1,0,2,0
8jypxk,2018-05-16 21:32:19,31,r/television,170,2018-05-17 00:27:06,0,2,5,0
8jypxk,2018-05-16 21:32:19,31,r/television,170,2018-05-17 00:28:05,1,1,6,0
8jypxk,2018-05-16 21:32:19,31,r/television,170,2018-05-17 00:30:21,2,0,4,0
8jypxk,2018-05-16 21:32:19,31,r/television,170,2018-05-17 01:54:04,1,0,2,0
8jypxk,2018-05-16 21:32:19,31,r/television,171,2018-05-17 00:34:09,0,0,3,0
8jypxk,2018-05-16 21:32:19,31,r/television,172,2018-05-17 00:48:22,0,0,3,0
8jypxk,2018-05-16 21:32:19,31,r/television,173,2018-05-17 00:59:45,0,2,4,0
8jypxk,2018-05-16 21:32:19,31,r/television,173,2018-05-17 01:35:58,1,0,2,0
8jypxk,2018-05-16 21:32:19,31,r/television,173,2018-05-17 01:41:43,1,0,2,0
8jypxk,2018-05-16 21:32:19,31,r/television,174,2018-05-17 01:01:44,0,0,3,0
8jz2oc,2018-05-16 22:21:55,32,r/lgbt,0,2018-05-16 23:39:24,0,6,685,0
8jz2oc,2018-05-16 22:21:55,32,r/lgbt,0,2018-05-16 23:52:13,1,4,279,0
8jz2oc,2018-05-16 22:21:55,32,r/lgbt,0,2018-05-17 00:06:41,2,2,188,0
8jz2oc,2018-05-16 22:21:55,32,r/lgbt,0,2018-05-17 00:09:50,3,3,99,0
8jz2oc,2018-05-16 22:21:55,32,r/lgbt,0,2018-05-17 01:56:34,4,3,75,0
8jz2oc,2018-05-16 22:21:55,32,r/lgbt,0,2018-05-17 02:41:54,5,1,44,0
8jz2oc,2018-05-16 22:21:55,32,r/lgbt,0,2018-05-17 05:09:27,6,0,1,0
8jz2oc,2018-05-16 22:21:55,32,r/lgbt,0,2018-05-17 03:25:31,5,0,6,0
8jz2oc,2018-05-16 22:21:55,32,r/lgbt,0,2018-05-17 02:51:22,5,0,2,0
8jz2oc,2018-05-16 22:21:55,32,r/lgbt,0,2018-05-17 03:51:59,4,0,5,0
8jz2oc,2018-05-16 22:21:55,32,r/lgbt,0,2018-05-17 01:56:00,4,0,6,0
8jz2oc,2018-05-16 22:21:55,32,r/lgbt,0,2018-05-17 05:01:36,3,0,1,0
8jz2oc,2018-05-16 22:21:55,32,r/lgbt,0,2018-05-17 04:28:24,2,0,1,0
8jz2oc,2018-05-16 22:21:55,32,r/lgbt,0,2018-05-17 04:38:49,2,0,1,0
8jz2oc,2018-05-16 22:21:55,32,r/lgbt,0,2018-05-17 04:50:27,2,0,1,0
8jz2oc,2018-05-16 22:21:55,32,r/lgbt,0,2018-05-17 02:15:23,1,1,13,0
8jz2oc,2018-05-16 22:21:55,32,r/lgbt,0,2018-05-17 02:16:45,2,0,6,0
8jz2oc,2018-05-16 22:21:55,32,r/lgbt,0,2018-05-17 02:12:02,1,0,8,0
8jz2oc,2018-05-16 22:21:55,32,r/lgbt,0,2018-05-17 02:06:45,1,0,4,0
8jz2oc,2018-05-16 22:21:55,32,r/lgbt,0,2018-05-17 04:47:27,1,0,1,0
8jz2oc,2018-05-16 22:21:55,32,r/lgbt,0,2018-05-17 04:11:27,1,0,1,0
8jz2oc,2018-05-16 22:21:55,32,r/lgbt,1,2018-05-17 03:14:07,0,2,125,0
8jz2oc,2018-05-16 22:21:55,32,r/lgbt,1,2018-05-17 03:16:13,1,3,111,0
8jz2oc,2018-05-16 22:21:55,32,r/lgbt,1,2018-05-17 03:19:55,2,0,26,0
8jz2oc,2018-05-16 22:21:55,32,r/lgbt,1,2018-05-17 03:57:29,2,0,10,0
8jz2oc,2018-05-16 22:21:55,32,r/lgbt,1,2018-05-17 05:04:49,2,1,1,0
8jz2oc,2018-05-16 22:21:55,32,r/lgbt,1,2018-05-17 05:09:02,3,0,1,0
8jz2oc,2018-05-16 22:21:55,32,r/lgbt,1,2018-05-17 04:58:12,1,0,1,0
8jz2oc,2018-05-16 22:21:55,32,r/lgbt,2,2018-05-16 22:53:54,0,1,172,0
8jz2oc,2018-05-16 22:21:55,32,r/lgbt,2,2018-05-16 23:15:10,1,0,21,0
8jz2oc,2018-05-16 22:21:55,32,r/lgbt,3,2018-05-16 23:26:40,0,1,33,0
8jz2oc,2018-05-16 22:21:55,32,r/lgbt,3,2018-05-17 02:24:42,1,2,-24,0
8jz2oc,2018-05-16 22:21:55,32,r/lgbt,3,2018-05-17 02:36:23,2,0,6,0
8jz2oc,2018-05-16 22:21:55,32,r/lgbt,3,2018-05-17 02:31:35,2,1,11,0
8jz2oc,2018-05-16 22:21:55,32,r/lgbt,3,2018-05-17 02:46:00,3,0,4,0
8jz2oc,2018-05-16 22:21:55,32,r/lgbt,4,2018-05-16 23:37:18,0,1,82,0
8jz2oc,2018-05-16 22:21:55,32,r/lgbt,4,2018-05-16 23:53:32,1,8,272,0
8jz2oc,2018-05-16 22:21:55,32,r/lgbt,4,2018-05-17 01:53:48,2,1,234,0
8jz2oc,2018-05-16 22:21:55,32,r/lgbt,4,2018-05-17 01:59:10,3,3,83,0
8jz2oc,2018-05-16 22:21:55,32,r/lgbt,4,2018-05-17 02:33:25,4,0,28,0
8jz2oc,2018-05-16 22:21:55,32,r/lgbt,4,2018-05-17 02:51:14,4,0,17,0
8jz2oc,2018-05-16 22:21:55,32,r/lgbt,4,2018-05-17 02:07:00,4,1,24,0
8jz2oc,2018-05-16 22:21:55,32,r/lgbt,4,2018-05-17 02:57:01,5,2,9,0
8jz2oc,2018-05-16 22:21:55,32,r/lgbt,4,2018-05-17 04:37:46,6,0,1,0
8jz2oc,2018-05-16 22:21:55,32,r/lgbt,4,2018-05-17 05:05:21,6,0,1,0
8jz2oc,2018-05-16 22:21:55,32,r/lgbt,4,2018-05-17 02:50:10,2,1,27,0
8jz2oc,2018-05-16 22:21:55,32,r/lgbt,4,2018-05-17 02:57:19,3,1,28,0
8jz2oc,2018-05-16 22:21:55,32,r/lgbt,4,2018-05-17 04:30:53,4,0,1,0
8jz2oc,2018-05-16 22:21:55,32,r/lgbt,4,2018-05-17 04:07:06,2,0,9,0
8jz2oc,2018-05-16 22:21:55,32,r/lgbt,4,2018-05-17 01:42:59,2,0,10,0
8jz2oc,2018-05-16 22:21:55,32,r/lgbt,4,2018-05-17 02:31:01,2,3,12,0
8jz2oc,2018-05-16 22:21:55,32,r/lgbt,4,2018-05-17 02:59:00,3,0,19,0
8jz2oc,2018-05-16 22:21:55,32,r/lgbt,4,2018-05-17 02:57:26,3,0,4,0
8jz2oc,2018-05-16 22:21:55,32,r/lgbt,4,2018-05-17 04:55:16,3,0,1,0
8jz2oc,2018-05-16 22:21:55,32,r/lgbt,4,2018-05-17 03:07:34,2,1,2,0
8jz2oc,2018-05-16 22:21:55,32,r/lgbt,4,2018-05-17 03:09:14,3,1,8,0
8jz2oc,2018-05-16 22:21:55,32,r/lgbt,4,2018-05-17 03:11:32,4,0,4,0
8jz2oc,2018-05-16 22:21:55,32,r/lgbt,4,2018-05-17 04:22:45,2,0,1,0
8jz2oc,2018-05-16 22:21:55,32,r/lgbt,4,2018-05-17 04:34:09,2,0,1,0
8jz2oc,2018-05-16 22:21:55,32,r/lgbt,5,2018-05-16 23:59:20,0,1,42,0
8jz2oc,2018-05-16 22:21:55,32,r/lgbt,5,2018-05-17 00:02:22,1,1,32,0
8jz2oc,2018-05-16 22:21:55,32,r/lgbt,5,2018-05-17 03:43:32,2,1,8,0
8jz2oc,2018-05-16 22:21:55,32,r/lgbt,5,2018-05-17 03:44:51,3,0,6,0
8jz2oc,2018-05-16 22:21:55,32,r/lgbt,6,2018-05-17 02:29:42,0,0,19,0
8jz2oc,2018-05-16 22:21:55,32,r/lgbt,7,2018-05-17 01:59:47,0,1,13,0
8jz2oc,2018-05-16 22:21:55,32,r/lgbt,7,2018-05-17 02:18:53,1,3,43,0
8jz2oc,2018-05-16 22:21:55,32,r/lgbt,7,2018-05-17 02:37:39,2,0,9,0
8jz2oc,2018-05-16 22:21:55,32,r/lgbt,7,2018-05-17 02:36:26,2,0,10,0
8jz2oc,2018-05-16 22:21:55,32,r/lgbt,7,2018-05-17 03:32:11,2,1,2,0
8jz2oc,2018-05-16 22:21:55,32,r/lgbt,7,2018-05-17 04:43:06,3,0,1,0
8jz2oc,2018-05-16 22:21:55,32,r/lgbt,8,2018-05-17 02:46:58,0,0,6,0
8jz2oc,2018-05-16 22:21:55,32,r/lgbt,9,2018-05-17 03:54:47,0,1,6,0
8jz2oc,2018-05-16 22:21:55,32,r/lgbt,9,2018-05-17 03:58:25,1,0,4,0
8jz2oc,2018-05-16 22:21:55,32,r/lgbt,10,2018-05-16 22:30:51,0,1,18,0
8jz2oc,2018-05-16 22:21:55,32,r/lgbt,10,2018-05-16 23:15:27,1,0,5,0
8jz2oc,2018-05-16 22:21:55,32,r/lgbt,11,2018-05-17 01:56:18,0,0,3,0
8jz2oc,2018-05-16 22:21:55,32,r/lgbt,12,2018-05-17 02:26:04,0,0,5,0
8jz2oc,2018-05-16 22:21:55,32,r/lgbt,13,2018-05-17 02:29:14,0,0,5,0
8jz2oc,2018-05-16 22:21:55,32,r/lgbt,14,2018-05-17 03:25:35,0,0,5,0
8jz2oc,2018-05-16 22:21:55,32,r/lgbt,15,2018-05-17 04:05:39,0,1,6,0
8jz2oc,2018-05-16 22:21:55,32,r/lgbt,15,2018-05-17 04:10:32,1,0,4,0
8jz2oc,2018-05-16 22:21:55,32,r/lgbt,16,2018-05-16 23:11:17,0,1,12,0
8jz2oc,2018-05-16 22:21:55,32,r/lgbt,16,2018-05-16 23:15:47,1,0,15,0
8jz2oc,2018-05-16 22:21:55,32,r/lgbt,17,2018-05-17 01:35:39,0,0,4,0
8jz2oc,2018-05-16 22:21:55,32,r/lgbt,18,2018-05-17 01:53:13,0,0,5,0
8jz2oc,2018-05-16 22:21:55,32,r/lgbt,19,2018-05-17 02:47:21,0,0,6,0
8jz2oc,2018-05-16 22:21:55,32,r/lgbt,20,2018-05-17 03:31:27,0,0,4,0
8jz2oc,2018-05-16 22:21:55,32,r/lgbt,21,2018-05-17 01:48:18,0,2,15,0
8jz2oc,2018-05-16 22:21:55,32,r/lgbt,21,2018-05-17 02:15:23,1,1,7,0
8jz2oc,2018-05-16 22:21:55,32,r/lgbt,21,2018-05-17 02:43:50,2,1,-16,0
8jz2oc,2018-05-16 22:21:55,32,r/lgbt,21,2018-05-17 03:31:02,3,0,4,0
8jz2oc,2018-05-16 22:21:55,32,r/lgbt,21,2018-05-17 02:28:55,1,1,8,0
8jz2oc,2018-05-16 22:21:55,32,r/lgbt,21,2018-05-17 04:48:18,2,0,1,0
8jz2oc,2018-05-16 22:21:55,32,r/lgbt,22,2018-05-17 01:55:56,0,0,3,0
8jz2oc,2018-05-16 22:21:55,32,r/lgbt,23,2018-05-17 01:57:27,0,0,3,0
8jz2oc,2018-05-16 22:21:55,32,r/lgbt,24,2018-05-17 03:11:50,0,0,3,0
8jz2oc,2018-05-16 22:21:55,32,r/lgbt,25,2018-05-17 01:30:23,0,0,3,0
8jz2oc,2018-05-16 22:21:55,32,r/lgbt,26,2018-05-16 22:54:35,0,1,9,0
8jz2oc,2018-05-16 22:21:55,32,r/lgbt,26,2018-05-16 23:15:59,1,0,5,0
8jz2oc,2018-05-16 22:21:55,32,r/lgbt,27,2018-05-17 02:30:09,0,0,5,0
8jz2oc,2018-05-16 22:21:55,32,r/lgbt,28,2018-05-17 02:34:01,0,0,4,0
8jz2oc,2018-05-16 22:21:55,32,r/lgbt,29,2018-05-17 00:17:10,0,0,6,0
8jz2oc,2018-05-16 22:21:55,32,r/lgbt,30,2018-05-17 03:01:50,0,0,2,0
8jz2oc,2018-05-16 22:21:55,32,r/lgbt,31,2018-05-17 03:13:25,0,0,2,0
8jz2oc,2018-05-16 22:21:55,32,r/lgbt,32,2018-05-17 03:14:19,0,1,2,0
8jz2oc,2018-05-16 22:21:55,32,r/lgbt,32,2018-05-17 03:16:40,1,0,1,0
8jz2oc,2018-05-16 22:21:55,32,r/lgbt,33,2018-05-17 03:16:51,0,0,2,0
8jz2oc,2018-05-16 22:21:55,32,r/lgbt,34,2018-05-17 03:21:23,0,0,2,0
8jz2oc,2018-05-16 22:21:55,32,r/lgbt,35,2018-05-17 03:27:22,0,0,2,0
8jz2oc,2018-05-16 22:21:55,32,r/lgbt,36,2018-05-17 03:30:41,0,0,2,0
8jz2oc,2018-05-16 22:21:55,32,r/lgbt,37,2018-05-17 03:41:26,0,1,2,0
8jz2oc,2018-05-16 22:21:55,32,r/lgbt,37,2018-05-17 03:43:40,1,0,2,0
8jz2oc,2018-05-16 22:21:55,32,r/lgbt,38,2018-05-17 03:56:46,0,0,2,0
8jz2oc,2018-05-16 22:21:55,32,r/lgbt,39,2018-05-17 03:57:05,0,0,2,0
8jz2oc,2018-05-16 22:21:55,32,r/lgbt,40,2018-05-17 04:03:15,0,1,3,0
8jz2oc,2018-05-16 22:21:55,32,r/lgbt,40,2018-05-17 04:09:49,1,1,3,0
8jz2oc,2018-05-16 22:21:55,32,r/lgbt,40,2018-05-17 04:47:10,2,0,1,0
8jz2oc,2018-05-16 22:21:55,32,r/lgbt,41,2018-05-17 04:44:33,0,0,1,0
8jz2oc,2018-05-16 22:21:55,32,r/lgbt,42,2018-05-17 04:52:40,0,0,1,0
8jz2oc,2018-05-16 22:21:55,32,r/lgbt,43,2018-05-17 00:06:30,0,0,3,0
8jz2oc,2018-05-16 22:21:55,32,r/lgbt,44,2018-05-16 23:30:55,0,1,4,0
8jz2oc,2018-05-16 22:21:55,32,r/lgbt,44,2018-05-16 23:52:39,1,1,13,0
8jz2oc,2018-05-16 22:21:55,32,r/lgbt,44,2018-05-17 00:41:39,2,0,8,0
8jz2oc,2018-05-16 22:21:55,32,r/lgbt,45,2018-05-17 02:14:42,0,1,6,0
8jz2oc,2018-05-16 22:21:55,32,r/lgbt,45,2018-05-17 02:22:06,1,0,3,0
8jz2oc,2018-05-16 22:21:55,32,r/lgbt,46,2018-05-16 23:26:10,0,0,2,0
8jz2oc,2018-05-16 22:21:55,32,r/lgbt,47,2018-05-17 00:18:11,0,0,2,0
8jz2oc,2018-05-16 22:21:55,32,r/lgbt,48,2018-05-17 01:31:41,0,0,2,0
8jz2oc,2018-05-16 22:21:55,32,r/lgbt,49,2018-05-17 01:59:33,0,0,2,0
8jz2oc,2018-05-16 22:21:55,32,r/lgbt,50,2018-05-17 03:44:20,0,0,2,0
8jz2oc,2018-05-16 22:21:55,32,r/lgbt,51,2018-05-17 04:01:06,0,0,3,0
8jz2oc,2018-05-16 22:21:55,32,r/lgbt,52,2018-05-17 03:41:15,0,1,3,0
8jz2oc,2018-05-16 22:21:55,32,r/lgbt,52,2018-05-17 03:43:11,1,0,1,0
8jz2oc,2018-05-16 22:21:55,32,r/lgbt,53,2018-05-16 23:21:34,0,1,2,0
8jz2oc,2018-05-16 22:21:55,32,r/lgbt,53,2018-05-16 23:54:03,1,1,4,0
8jz2oc,2018-05-16 22:21:55,32,r/lgbt,53,2018-05-17 00:36:42,2,1,4,0
8jz2oc,2018-05-16 22:21:55,32,r/lgbt,53,2018-05-17 04:12:33,3,1,3,0
8jz2oc,2018-05-16 22:21:55,32,r/lgbt,53,2018-05-17 05:16:56,4,0,1,0
8jz2oc,2018-05-16 22:21:55,32,r/lgbt,54,2018-05-17 01:23:22,0,0,1,0
8jz2oc,2018-05-16 22:21:55,32,r/lgbt,55,2018-05-17 02:09:09,0,0,1,0
8jz2oc,2018-05-16 22:21:55,32,r/lgbt,56,2018-05-17 02:24:09,0,0,1,0
8jz2oc,2018-05-16 22:21:55,32,r/lgbt,57,2018-05-17 02:52:13,0,0,1,0
8jz2oc,2018-05-16 22:21:55,32,r/lgbt,58,2018-05-17 03:06:28,0,1,1,0
8jz2oc,2018-05-16 22:21:55,32,r/lgbt,58,2018-05-17 03:12:47,1,0,1,0
8jz2oc,2018-05-16 22:21:55,32,r/lgbt,59,2018-05-17 03:35:23,0,0,1,0
8jz2oc,2018-05-16 22:21:55,32,r/lgbt,60,2018-05-17 03:39:55,0,1,1,0
8jz2oc,2018-05-16 22:21:55,32,r/lgbt,60,2018-05-17 03:42:23,1,0,1,0
8jz2oc,2018-05-16 22:21:55,32,r/lgbt,61,2018-05-17 03:47:22,0,0,1,0
8jz2oc,2018-05-16 22:21:55,32,r/lgbt,62,2018-05-17 04:40:45,0,0,1,0
8jz2oc,2018-05-16 22:21:55,32,r/lgbt,63,2018-05-17 04:43:51,0,0,1,0
8jz2oc,2018-05-16 22:21:55,32,r/lgbt,64,2018-05-17 04:53:43,0,0,1,0
8jz2oc,2018-05-16 22:21:55,32,r/lgbt,65,2018-05-17 04:56:57,0,0,1,0
8jz2oc,2018-05-16 22:21:55,32,r/lgbt,66,2018-05-17 05:09:15,0,0,1,0
8jz2oc,2018-05-16 22:21:55,32,r/lgbt,67,2018-05-17 05:10:29,0,0,1,0
8jz2oc,2018-05-16 22:21:55,32,r/lgbt,68,2018-05-17 05:11:32,0,0,1,0
8jz2oc,2018-05-16 22:21:55,32,r/lgbt,69,2018-05-17 00:51:31,0,0,3,0
8jz2oc,2018-05-16 22:21:55,32,r/lgbt,70,2018-05-17 00:50:56,0,1,1,0
8jz2oc,2018-05-16 22:21:55,32,r/lgbt,70,2018-05-17 02:05:07,1,0,0,0
8jz2oc,2018-05-16 22:21:55,32,r/lgbt,71,2018-05-17 00:51:18,0,0,1,0
8jz2oc,2018-05-16 22:21:55,32,r/lgbt,72,2018-05-17 01:28:08,0,1,1,0
8jz2oc,2018-05-16 22:21:55,32,r/lgbt,72,2018-05-17 01:37:26,1,1,3,0
8jz2oc,2018-05-16 22:21:55,32,r/lgbt,72,2018-05-17 02:04:31,2,1,2,0
8jz2oc,2018-05-16 22:21:55,32,r/lgbt,72,2018-05-17 02:19:46,3,0,2,0
8jz2oc,2018-05-16 22:21:55,32,r/lgbt,73,2018-05-17 03:01:36,0,1,1,0
8jz2oc,2018-05-16 22:21:55,32,r/lgbt,73,2018-05-17 03:07:46,1,1,2,0
8jz2oc,2018-05-16 22:21:55,32,r/lgbt,73,2018-05-17 03:15:02,2,1,1,0
8jz2oc,2018-05-16 22:21:55,32,r/lgbt,73,2018-05-17 03:49:44,3,0,2,0
8jz2oc,2018-05-16 22:21:55,32,r/lgbt,74,2018-05-17 04:27:56,0,0,1,0
8jz2oc,2018-05-16 22:21:55,32,r/lgbt,75,2018-05-17 00:57:10,0,0,1,0
8jz2oc,2018-05-16 22:21:55,32,r/lgbt,76,2018-05-17 01:03:05,0,0,1,0
8jz2oc,2018-05-16 22:21:55,32,r/lgbt,77,2018-05-17 01:03:55,0,0,1,0
8jz2oc,2018-05-16 22:21:55,32,r/lgbt,78,2018-05-17 01:35:45,0,0,1,0
8jz2oc,2018-05-16 22:21:55,32,r/lgbt,79,2018-05-17 01:49:37,0,0,1,0
8jz2oc,2018-05-16 22:21:55,32,r/lgbt,80,2018-05-17 02:06:14,0,0,1,0
8jz2oc,2018-05-16 22:21:55,32,r/lgbt,81,2018-05-17 02:13:00,0,0,1,0
8jz2oc,2018-05-16 22:21:55,32,r/lgbt,82,2018-05-17 02:13:10,0,0,1,0
8jz2oc,2018-05-16 22:21:55,32,r/lgbt,83,2018-05-17 02:13:58,0,0,1,0
8jz2oc,2018-05-16 22:21:55,32,r/lgbt,84,2018-05-17 02:20:46,0,0,1,0
8jz2oc,2018-05-16 22:21:55,32,r/lgbt,85,2018-05-17 02:50:56,0,0,1,0
8jz2oc,2018-05-16 22:21:55,32,r/lgbt,86,2018-05-17 02:53:26,0,0,1,0
8jz2oc,2018-05-16 22:21:55,32,r/lgbt,87,2018-05-17 03:38:17,0,0,1,0
8jz2oc,2018-05-16 22:21:55,32,r/lgbt,88,2018-05-17 03:56:35,0,1,-1,0
8jz2oc,2018-05-16 22:21:55,32,r/lgbt,88,2018-05-17 03:58:50,1,0,2,0
8jz2oc,2018-05-16 22:21:55,32,r/lgbt,89,2018-05-17 04:06:36,0,0,2,0
8jz2oc,2018-05-16 22:21:55,32,r/lgbt,90,2018-05-17 04:15:55,0,0,2,0
8jz2oc,2018-05-16 22:21:55,32,r/lgbt,91,2018-05-17 04:27:35,0,0,1,0
8jz2oc,2018-05-16 22:21:55,32,r/lgbt,92,2018-05-17 04:49:34,0,0,1,0
8jz2oc,2018-05-16 22:21:55,32,r/lgbt,93,2018-05-17 03:15:25,0,0,-2,0
8jz2oc,2018-05-16 22:21:55,32,r/lgbt,94,2018-05-17 01:28:28,0,1,-5,0
8jz2oc,2018-05-16 22:21:55,32,r/lgbt,94,2018-05-17 01:37:54,1,0,10,0
8jz2oc,2018-05-16 22:21:55,32,r/lgbt,95,2018-05-17 04:05:12,0,0,-1,0
8jz2oc,2018-05-16 22:21:55,32,r/lgbt,96,2018-05-17 04:36:17,0,0,1,0
8jz2oc,2018-05-16 22:21:55,32,r/lgbt,97,2018-05-17 02:13:58,0,0,-2,0
8jz2oc,2018-05-16 22:21:55,32,r/lgbt,98,2018-05-17 02:38:54,0,0,-3,0
8jz2oc,2018-05-16 22:21:55,32,r/lgbt,99,2018-05-17 03:03:21,0,0,-2,0
8jz2oc,2018-05-16 22:21:55,32,r/lgbt,100,2018-05-17 03:08:18,0,0,-4,0
8jz2oc,2018-05-16 22:21:55,32,r/lgbt,101,2018-05-17 02:49:01,0,2,-2,0
8jz2oc,2018-05-16 22:21:55,32,r/lgbt,101,2018-05-17 03:01:48,1,1,6,0
8jz2oc,2018-05-16 22:21:55,32,r/lgbt,101,2018-05-17 03:10:36,2,0,2,0
8jz2oc,2018-05-16 22:21:55,32,r/lgbt,101,2018-05-17 02:52:37,1,2,4,0
8jz2oc,2018-05-16 22:21:55,32,r/lgbt,101,2018-05-17 03:06:35,2,0,1,0
8jz2oc,2018-05-16 22:21:55,32,r/lgbt,101,2018-05-17 02:54:29,2,3,-3,0
8jz2oc,2018-05-16 22:21:55,32,r/lgbt,101,2018-05-17 03:00:33,3,1,3,0
8jz2oc,2018-05-16 22:21:55,32,r/lgbt,101,2018-05-17 03:01:12,4,1,0,0
8jz2oc,2018-05-16 22:21:55,32,r/lgbt,101,2018-05-17 03:02:52,5,1,4,0
8jz2oc,2018-05-16 22:21:55,32,r/lgbt,101,2018-05-17 03:03:45,6,1,-2,0
8jz2oc,2018-05-16 22:21:55,32,r/lgbt,101,2018-05-17 03:05:54,7,1,0,0
8jz2oc,2018-05-16 22:21:55,32,r/lgbt,101,2018-05-17 03:07:50,8,1,1,0
8jz2oc,2018-05-16 22:21:55,32,r/lgbt,101,2018-05-17 03:09:08,9,0,1,0
8jz2oc,2018-05-16 22:21:55,32,r/lgbt,101,2018-05-17 03:02:21,3,0,1,0
8jz2oc,2018-05-16 22:21:55,32,r/lgbt,101,2018-05-17 03:00:39,3,1,0,0
8jz2oc,2018-05-16 22:21:55,32,r/lgbt,101,2018-05-17 03:02:26,4,1,-2,0
8jz2oc,2018-05-16 22:21:55,32,r/lgbt,101,2018-05-17 03:06:15,5,0,2,0
8jz2oc,2018-05-16 22:21:55,32,r/lgbt,102,2018-05-17 03:32:00,0,1,-5,0
8jz2oc,2018-05-16 22:21:55,32,r/lgbt,102,2018-05-17 04:54:22,1,0,1,0
8jz2oc,2018-05-16 22:21:55,32,r/lgbt,103,2018-05-17 04:39:33,0,0,1,0
8jz2oc,2018-05-16 22:21:55,32,r/lgbt,104,2018-05-17 04:45:51,0,0,1,0
8jz2oc,2018-05-16 22:21:55,32,r/lgbt,105,2018-05-17 04:47:40,0,0,1,0
8jz2oc,2018-05-16 22:21:55,32,r/lgbt,106,2018-05-17 04:49:51,0,0,1,0
8jz2oc,2018-05-16 22:21:55,32,r/lgbt,107,2018-05-17 04:52:42,0,0,1,0
8jz2oc,2018-05-16 22:21:55,32,r/lgbt,108,2018-05-17 05:01:12,0,0,1,0
8jz2oc,2018-05-16 22:21:55,32,r/lgbt,109,2018-05-17 05:02:55,0,0,1,0
8jz2oc,2018-05-16 22:21:55,32,r/lgbt,110,2018-05-17 03:01:48,0,0,-5,0
8jz2oc,2018-05-16 22:21:55,32,r/lgbt,111,2018-05-17 00:45:18,0,0,-2,0
8jz2oc,2018-05-16 22:21:55,32,r/lgbt,112,2018-05-17 02:42:30,0,0,-2,0
8jz2oc,2018-05-16 22:21:55,32,r/lgbt,113,2018-05-17 03:03:22,0,0,-8,0
8jz2oc,2018-05-16 22:21:55,32,r/lgbt,114,2018-05-17 00:11:22,0,0,-27,0
8jz2oc,2018-05-16 22:21:55,32,r/lgbt,115,2018-05-17 04:41:36,0,0,1,0
8jz2oc,2018-05-16 22:21:55,32,r/lgbt,116,2018-05-17 04:47:54,0,0,1,0
8jz2oc,2018-05-16 22:21:55,32,r/lgbt,117,2018-05-17 04:48:38,0,0,1,0
8jz2oc,2018-05-16 22:21:55,32,r/lgbt,118,2018-05-17 04:55:34,0,0,1,0
8jz2oc,2018-05-16 22:21:55,32,r/lgbt,119,2018-05-17 05:02:36,0,0,1,0
8jz2oc,2018-05-16 22:21:55,32,r/lgbt,120,2018-05-17 01:21:14,0,1,-23,0
8jz2oc,2018-05-16 22:21:55,32,r/lgbt,120,2018-05-17 01:25:45,1,2,25,0
8jz2oc,2018-05-16 22:21:55,32,r/lgbt,120,2018-05-17 01:38:02,2,0,16,0
8jz2oc,2018-05-16 22:21:55,32,r/lgbt,120,2018-05-17 01:40:30,2,0,12,0
8jz2oc,2018-05-16 22:21:55,32,r/lgbt,121,2018-05-17 03:49:31,0,3,-7,0
8jz2oc,2018-05-16 22:21:55,32,r/lgbt,121,2018-05-17 04:01:14,1,1,3,0
8jz2oc,2018-05-16 22:21:55,32,r/lgbt,121,2018-05-17 04:03:42,2,1,2,0
8jz2oc,2018-05-16 22:21:55,32,r/lgbt,121,2018-05-17 04:06:33,3,0,3,0
8jz2oc,2018-05-16 22:21:55,32,r/lgbt,121,2018-05-17 04:06:44,1,0,2,0
8jz2oc,2018-05-16 22:21:55,32,r/lgbt,121,2018-05-17 04:05:20,1,0,2,0
8jz2oc,2018-05-16 22:21:55,32,r/lgbt,122,2018-05-17 03:23:02,0,1,-5,0
8jz2oc,2018-05-16 22:21:55,32,r/lgbt,122,2018-05-17 03:41:32,1,1,-1,0
8jz2oc,2018-05-16 22:21:55,32,r/lgbt,122,2018-05-17 04:02:22,2,1,3,0
8jz2oc,2018-05-16 22:21:55,32,r/lgbt,122,2018-05-17 04:07:54,3,1,3,0
8jz2oc,2018-05-16 22:21:55,32,r/lgbt,122,2018-05-17 04:55:23,4,0,1,0
8jz2oc,2018-05-16 22:21:55,32,r/lgbt,123,2018-05-17 03:25:35,0,1,-5,0
8jz2oc,2018-05-16 22:21:55,32,r/lgbt,123,2018-05-17 03:30:35,1,0,2,0
8jyamd,2018-05-16 20:37:23,33,r/aww,0,2018-05-16 20:55:26,0,4,2038,0
8jyamd,2018-05-16 20:37:23,33,r/aww,0,2018-05-17 01:44:11,1,1,47,0
8jyamd,2018-05-16 20:37:23,33,r/aww,0,2018-05-17 04:26:01,2,0,20,0
8jyamd,2018-05-16 20:37:23,33,r/aww,0,2018-05-17 00:32:59,1,1,77,0
8jyamd,2018-05-16 20:37:23,33,r/aww,0,2018-05-17 00:39:20,2,1,40,0
8jyamd,2018-05-16 20:37:23,33,r/aww,0,2018-05-17 00:44:49,3,0,12,0
8jyamd,2018-05-16 20:37:23,33,r/aww,0,2018-05-17 02:24:22,1,0,2,0
8jyamd,2018-05-16 20:37:23,33,r/aww,1,2018-05-16 20:38:25,0,9,4049,0
8jyamd,2018-05-16 20:37:23,33,r/aww,1,2018-05-17 00:27:40,1,6,1657,0
8jyamd,2018-05-16 20:37:23,33,r/aww,1,2018-05-17 00:46:55,2,2,450,0
8jyamd,2018-05-16 20:37:23,33,r/aww,1,2018-05-17 02:12:58,3,3,66,0
8jyamd,2018-05-16 20:37:23,33,r/aww,1,2018-05-17 03:19:14,4,1,36,0
8jyamd,2018-05-16 20:37:23,33,r/aww,1,2018-05-17 03:29:29,5,1,13,0
8jyamd,2018-05-16 20:37:23,33,r/aww,1,2018-05-17 03:30:24,6,1,3,0
8jyamd,2018-05-16 20:37:23,33,r/aww,1,2018-05-17 03:36:56,7,1,5,0
8jyamd,2018-05-16 20:37:23,33,r/aww,1,2018-05-17 03:37:57,8,1,3,0
8jyamd,2018-05-16 20:37:23,33,r/aww,1,2018-05-17 03:40:05,9,1,4,0
8jyamd,2018-05-16 20:37:23,33,r/aww,1,2018-05-17 03:17:13,4,0,6,0
8jyamd,2018-05-16 20:37:23,33,r/aww,1,2018-05-17 01:17:57,2,2,57,0
8jyamd,2018-05-16 20:37:23,33,r/aww,1,2018-05-17 02:20:01,3,3,15,0
8jyamd,2018-05-16 20:37:23,33,r/aww,1,2018-05-17 02:41:20,4,0,10,0
8jyamd,2018-05-16 20:37:23,33,r/aww,1,2018-05-17 02:33:24,4,0,3,0
8jyamd,2018-05-16 20:37:23,33,r/aww,1,2018-05-17 03:46:23,4,0,2,0
8jyamd,2018-05-16 20:37:23,33,r/aww,1,2018-05-17 01:54:17,2,1,8,0
8jyamd,2018-05-16 20:37:23,33,r/aww,1,2018-05-17 02:28:18,3,0,5,0
8jyamd,2018-05-16 20:37:23,33,r/aww,1,2018-05-17 02:38:47,2,0,2,0
8jyamd,2018-05-16 20:37:23,33,r/aww,1,2018-05-17 01:19:50,2,1,1,0
8jyamd,2018-05-16 20:37:23,33,r/aww,1,2018-05-17 00:42:37,1,3,169,0
8jyamd,2018-05-16 20:37:23,33,r/aww,1,2018-05-17 00:52:03,2,0,44,0
8jyamd,2018-05-16 20:37:23,33,r/aww,1,2018-05-17 01:16:31,2,0,13,0
8jyamd,2018-05-16 20:37:23,33,r/aww,1,2018-05-17 01:58:03,2,1,1,0
8jyamd,2018-05-16 20:37:23,33,r/aww,1,2018-05-17 00:27:42,1,0,45,0
8jyamd,2018-05-16 20:37:23,33,r/aww,1,2018-05-17 01:57:10,1,0,2,0
8jyamd,2018-05-16 20:37:23,33,r/aww,1,2018-05-17 01:27:19,1,0,1,0
8jyamd,2018-05-16 20:37:23,33,r/aww,1,2018-05-17 01:49:49,1,0,1,0
8jyamd,2018-05-16 20:37:23,33,r/aww,1,2018-05-17 01:49:54,1,0,1,0
8jyamd,2018-05-16 20:37:23,33,r/aww,1,2018-05-17 01:55:27,1,0,1,0
8jyamd,2018-05-16 20:37:23,33,r/aww,2,2018-05-16 20:58:46,0,5,551,0
8jyamd,2018-05-16 20:37:23,33,r/aww,2,2018-05-16 22:51:49,1,3,253,0
8jyamd,2018-05-16 20:37:23,33,r/aww,2,2018-05-17 00:02:11,2,0,70,0
8jyamd,2018-05-16 20:37:23,33,r/aww,2,2018-05-17 00:27:09,2,1,53,0
8jyamd,2018-05-16 20:37:23,33,r/aww,2,2018-05-17 01:59:28,3,0,9,0
8jyamd,2018-05-16 20:37:23,33,r/aww,2,2018-05-16 23:58:46,2,1,7,0
8jyamd,2018-05-16 20:37:23,33,r/aww,2,2018-05-17 00:02:59,3,3,53,0
8jyamd,2018-05-16 20:37:23,33,r/aww,2,2018-05-17 00:23:55,4,1,24,0
8jyamd,2018-05-16 20:37:23,33,r/aww,2,2018-05-17 00:29:40,5,0,11,0
8jyamd,2018-05-16 20:37:23,33,r/aww,2,2018-05-17 00:26:57,4,2,17,0
8jyamd,2018-05-16 20:37:23,33,r/aww,2,2018-05-17 00:44:20,5,0,1,0
8jyamd,2018-05-16 20:37:23,33,r/aww,2,2018-05-17 01:59:57,5,0,1,0
8jyamd,2018-05-16 20:37:23,33,r/aww,2,2018-05-17 00:43:10,4,0,2,0
8jyamd,2018-05-16 20:37:23,33,r/aww,2,2018-05-17 00:30:20,1,0,1,0
8jyamd,2018-05-16 20:37:23,33,r/aww,2,2018-05-17 00:49:14,1,0,1,0
8jyamd,2018-05-16 20:37:23,33,r/aww,2,2018-05-17 01:16:52,1,0,1,0
8jyamd,2018-05-16 20:37:23,33,r/aww,2,2018-05-17 01:43:38,1,0,1,0
8jyamd,2018-05-16 20:37:23,33,r/aww,3,2018-05-16 23:15:32,0,5,421,0
8jyamd,2018-05-16 20:37:23,33,r/aww,3,2018-05-17 00:10:02,1,15,498,0
8jyamd,2018-05-16 20:37:23,33,r/aww,3,2018-05-17 00:18:13,2,2,119,0
8jyamd,2018-05-16 20:37:23,33,r/aww,3,2018-05-17 03:02:38,3,1,7,0
8jyamd,2018-05-16 20:37:23,33,r/aww,3,2018-05-17 03:50:39,4,1,3,0
8jyamd,2018-05-16 20:37:23,33,r/aww,3,2018-05-17 04:02:30,5,1,2,0
8jyamd,2018-05-16 20:37:23,33,r/aww,3,2018-05-17 02:15:46,3,0,3,0
8jyamd,2018-05-16 20:37:23,33,r/aww,3,2018-05-17 00:23:28,2,0,33,0
8jyamd,2018-05-16 20:37:23,33,r/aww,3,2018-05-17 00:28:21,2,0,15,0
8jyamd,2018-05-16 20:37:23,33,r/aww,3,2018-05-17 00:30:21,2,1,36,0
8jyamd,2018-05-16 20:37:23,33,r/aww,3,2018-05-17 01:37:21,3,0,3,0
8jyamd,2018-05-16 20:37:23,33,r/aww,3,2018-05-17 00:56:10,2,0,8,0
8jyamd,2018-05-16 20:37:23,33,r/aww,3,2018-05-17 00:43:18,2,1,24,0
8jyamd,2018-05-16 20:37:23,33,r/aww,3,2018-05-17 02:41:59,3,0,2,0
8jyamd,2018-05-16 20:37:23,33,r/aww,3,2018-05-17 00:43:19,2,0,16,0
8jyamd,2018-05-16 20:37:23,33,r/aww,3,2018-05-17 00:58:09,2,0,9,0
8jyamd,2018-05-16 20:37:23,33,r/aww,3,2018-05-17 01:06:01,2,0,7,0
8jyamd,2018-05-16 20:37:23,33,r/aww,3,2018-05-17 00:34:11,2,1,7,0
8jyamd,2018-05-16 20:37:23,33,r/aww,3,2018-05-17 01:05:21,3,0,1,0
8jyamd,2018-05-16 20:37:23,33,r/aww,3,2018-05-17 00:59:01,2,0,8,0
8jyamd,2018-05-16 20:37:23,33,r/aww,3,2018-05-17 02:28:20,2,0,3,0
8jyamd,2018-05-16 20:37:23,33,r/aww,3,2018-05-17 01:14:49,2,0,1,0
8jyamd,2018-05-16 20:37:23,33,r/aww,3,2018-05-17 01:59:37,2,0,1,0
8jyamd,2018-05-16 20:37:23,33,r/aww,3,2018-05-17 00:04:30,1,1,31,0
8jyamd,2018-05-16 20:37:23,33,r/aww,3,2018-05-17 00:41:41,2,1,25,0
8jyamd,2018-05-16 20:37:23,33,r/aww,3,2018-05-17 00:51:25,3,0,4,0
8jyamd,2018-05-16 20:37:23,33,r/aww,3,2018-05-17 00:11:06,1,1,6,0
8jyamd,2018-05-16 20:37:23,33,r/aww,3,2018-05-17 00:16:43,2,1,2,0
8jyamd,2018-05-16 20:37:23,33,r/aww,3,2018-05-17 00:10:54,1,1,11,0
8jyamd,2018-05-16 20:37:23,33,r/aww,3,2018-05-17 00:22:28,2,3,39,0
8jyamd,2018-05-16 20:37:23,33,r/aww,3,2018-05-17 00:52:10,3,0,10,0
8jyamd,2018-05-16 20:37:23,33,r/aww,3,2018-05-17 00:55:16,3,0,5,0
8jyamd,2018-05-16 20:37:23,33,r/aww,4,2018-05-16 21:10:04,0,7,165,0
8jyamd,2018-05-16 20:37:23,33,r/aww,4,2018-05-16 21:24:34,1,1,192,0
8jyamd,2018-05-16 20:37:23,33,r/aww,4,2018-05-16 21:26:28,2,4,79,0
8jyamd,2018-05-16 20:37:23,33,r/aww,4,2018-05-17 00:51:13,3,0,28,0
8jyamd,2018-05-16 20:37:23,33,r/aww,4,2018-05-17 00:49:24,3,0,11,0
8jyamd,2018-05-16 20:37:23,33,r/aww,4,2018-05-17 01:38:43,3,1,7,0
8jyamd,2018-05-16 20:37:23,33,r/aww,4,2018-05-17 00:58:18,1,1,15,0
8jyamd,2018-05-16 20:37:23,33,r/aww,4,2018-05-17 01:32:35,1,1,6,0
8jyamd,2018-05-16 20:37:23,33,r/aww,4,2018-05-17 00:02:06,1,1,11,0
8jyamd,2018-05-16 20:37:23,33,r/aww,4,2018-05-17 02:42:50,1,0,5,0
8jyamd,2018-05-16 20:37:23,33,r/aww,4,2018-05-17 02:18:58,1,0,2,0
8jyamd,2018-05-16 20:37:23,33,r/aww,5,2018-05-16 20:57:34,0,8,638,0
8jyamd,2018-05-16 20:37:23,33,r/aww,5,2018-05-16 21:33:34,1,2,134,0
8jyamd,2018-05-16 20:37:23,33,r/aww,5,2018-05-16 21:52:42,2,0,58,0
8jyamd,2018-05-16 20:37:23,33,r/aww,5,2018-05-17 00:56:29,2,0,13,0
8jyamd,2018-05-16 20:37:23,33,r/aww,5,2018-05-16 23:51:09,1,0,37,0
8jyamd,2018-05-16 20:37:23,33,r/aww,5,2018-05-16 23:38:37,1,0,13,0
8jyamd,2018-05-16 20:37:23,33,r/aww,5,2018-05-17 00:12:30,1,2,4,0
8jyamd,2018-05-16 20:37:23,33,r/aww,5,2018-05-17 01:45:35,2,0,1,0
8jyamd,2018-05-16 20:37:23,33,r/aww,5,2018-05-16 22:29:59,1,0,8,0
8jyamd,2018-05-16 20:37:23,33,r/aww,5,2018-05-17 00:19:21,1,0,3,0
8jyamd,2018-05-16 20:37:23,33,r/aww,5,2018-05-17 01:11:16,1,0,1,0
8jyamd,2018-05-16 20:37:23,33,r/aww,6,2018-05-16 21:21:46,0,1,50,0
8jyamd,2018-05-16 20:37:23,33,r/aww,6,2018-05-16 21:41:59,1,2,67,0
8jyamd,2018-05-16 20:37:23,33,r/aww,6,2018-05-16 22:07:57,2,1,20,0
8jyamd,2018-05-16 20:37:23,33,r/aww,6,2018-05-16 22:23:39,3,3,38,0
8jyamd,2018-05-16 20:37:23,33,r/aww,6,2018-05-16 23:49:14,4,0,23,0
8jyamd,2018-05-16 20:37:23,33,r/aww,6,2018-05-17 00:10:44,4,0,5,0
8jyamd,2018-05-16 20:37:23,33,r/aww,6,2018-05-17 00:55:51,4,0,2,0
8jyamd,2018-05-16 20:37:23,33,r/aww,7,2018-05-17 01:21:40,0,6,80,0
8jyamd,2018-05-16 20:37:23,33,r/aww,7,2018-05-17 01:55:24,1,0,23,0
8jyamd,2018-05-16 20:37:23,33,r/aww,7,2018-05-17 01:27:02,1,2,27,0
8jyamd,2018-05-16 20:37:23,33,r/aww,7,2018-05-17 02:08:10,2,1,31,0
8jyamd,2018-05-16 20:37:23,33,r/aww,7,2018-05-17 02:27:59,3,0,11,0
8jyamd,2018-05-16 20:37:23,33,r/aww,7,2018-05-17 03:00:44,1,1,3,0
8jyamd,2018-05-16 20:37:23,33,r/aww,7,2018-05-17 03:13:23,2,0,16,0
8jyamd,2018-05-16 20:37:23,33,r/aww,7,2018-05-17 01:55:17,1,0,5,0
8jyamd,2018-05-16 20:37:23,33,r/aww,7,2018-05-17 02:57:59,1,0,2,0
8jyamd,2018-05-16 20:37:23,33,r/aww,8,2018-05-16 21:04:03,0,4,42,0
8jyamd,2018-05-16 20:37:23,33,r/aww,8,2018-05-16 23:45:08,1,3,138,0
8jyamd,2018-05-16 20:37:23,33,r/aww,8,2018-05-17 00:52:56,2,0,30,0
8jyamd,2018-05-16 20:37:23,33,r/aww,8,2018-05-16 23:56:04,2,3,56,0
8jyamd,2018-05-16 20:37:23,33,r/aww,8,2018-05-17 00:06:10,3,0,26,0
8jyamd,2018-05-16 20:37:23,33,r/aww,8,2018-05-17 00:58:40,3,0,22,0
8jyamd,2018-05-16 20:37:23,33,r/aww,8,2018-05-17 00:27:37,3,1,22,0
8jyamd,2018-05-16 20:37:23,33,r/aww,8,2018-05-17 00:58:07,4,1,19,0
8jyamd,2018-05-16 20:37:23,33,r/aww,8,2018-05-17 01:22:40,5,0,5,0
8jyamd,2018-05-16 20:37:23,33,r/aww,8,2018-05-16 22:49:11,1,0,2,0
8jyamd,2018-05-16 20:37:23,33,r/aww,8,2018-05-16 23:43:38,1,0,1,0
8jyamd,2018-05-16 20:37:23,33,r/aww,9,2018-05-17 00:37:47,0,0,13,0
8jyamd,2018-05-16 20:37:23,33,r/aww,10,2018-05-17 00:22:40,0,0,8,0
8jyamd,2018-05-16 20:37:23,33,r/aww,11,2018-05-16 20:58:42,0,0,6,0
8jyamd,2018-05-16 20:37:23,33,r/aww,12,2018-05-16 21:19:24,0,0,13,0
8jyamd,2018-05-16 20:37:23,33,r/aww,13,2018-05-16 23:24:25,0,1,7,0
8jyamd,2018-05-16 20:37:23,33,r/aww,13,2018-05-17 00:31:33,1,1,3,0
8jyamd,2018-05-16 20:37:23,33,r/aww,13,2018-05-17 01:07:36,2,0,2,0
8jyamd,2018-05-16 20:37:23,33,r/aww,14,2018-05-17 01:06:34,0,0,5,0
8jyamd,2018-05-16 20:37:23,33,r/aww,15,2018-05-17 00:01:12,0,1,13,0
8jyamd,2018-05-16 20:37:23,33,r/aww,16,2018-05-17 00:32:19,0,0,11,0
8jyamd,2018-05-16 20:37:23,33,r/aww,17,2018-05-17 01:37:55,0,2,18,0
8jyamd,2018-05-16 20:37:23,33,r/aww,17,2018-05-17 01:43:14,1,1,5,0
8jyamd,2018-05-16 20:37:23,33,r/aww,17,2018-05-17 02:04:01,2,1,4,0
8jyamd,2018-05-16 20:37:23,33,r/aww,18,2018-05-16 21:24:46,0,1,6,0
8jyamd,2018-05-16 20:37:23,33,r/aww,18,2018-05-17 00:48:09,1,0,3,0
8jyamd,2018-05-16 20:37:23,33,r/aww,19,2018-05-17 01:43:48,0,1,14,0
8jyamd,2018-05-16 20:37:23,33,r/aww,20,2018-05-16 22:27:16,0,0,3,0
8jyamd,2018-05-16 20:37:23,33,r/aww,21,2018-05-17 01:06:59,0,0,3,0
8jyamd,2018-05-16 20:37:23,33,r/aww,22,2018-05-17 01:07:05,0,0,3,0
8jyamd,2018-05-16 20:37:23,33,r/aww,23,2018-05-17 01:07:34,0,1,3,0
8jyamd,2018-05-16 20:37:23,33,r/aww,23,2018-05-17 01:17:36,1,0,5,0
8jyamd,2018-05-16 20:37:23,33,r/aww,24,2018-05-17 01:09:12,0,0,3,0
8jyamd,2018-05-16 20:37:23,33,r/aww,25,2018-05-17 01:10:18,0,1,3,0
8jyamd,2018-05-16 20:37:23,33,r/aww,26,2018-05-17 03:34:47,0,0,3,0
8jyamd,2018-05-16 20:37:23,33,r/aww,27,2018-05-16 21:46:36,0,0,5,0
8jyamd,2018-05-16 20:37:23,33,r/aww,28,2018-05-16 22:30:00,0,0,5,0
8jyamd,2018-05-16 20:37:23,33,r/aww,29,2018-05-16 23:11:31,0,0,6,0
8jyamd,2018-05-16 20:37:23,33,r/aww,30,2018-05-16 21:20:27,0,0,4,0
8jyamd,2018-05-16 20:37:23,33,r/aww,31,2018-05-16 23:46:27,0,0,2,0
8jyamd,2018-05-16 20:37:23,33,r/aww,32,2018-05-17 00:10:43,0,0,2,0
8jyamd,2018-05-16 20:37:23,33,r/aww,33,2018-05-17 00:17:57,0,0,2,0
8jyamd,2018-05-16 20:37:23,33,r/aww,34,2018-05-17 00:20:18,0,0,2,0
8jyamd,2018-05-16 20:37:23,33,r/aww,35,2018-05-17 00:24:00,0,0,2,0
8jyamd,2018-05-16 20:37:23,33,r/aww,36,2018-05-17 00:41:43,0,0,2,0
8jyamd,2018-05-16 20:37:23,33,r/aww,37,2018-05-17 00:54:11,0,0,2,0
8jyamd,2018-05-16 20:37:23,33,r/aww,38,2018-05-17 00:55:33,0,0,2,0
8jyamd,2018-05-16 20:37:23,33,r/aww,39,2018-05-17 00:56:03,0,0,2,0
8jyamd,2018-05-16 20:37:23,33,r/aww,40,2018-05-17 00:56:39,0,0,2,0
8jyamd,2018-05-16 20:37:23,33,r/aww,41,2018-05-17 00:57:36,0,0,2,0
8jyamd,2018-05-16 20:37:23,33,r/aww,42,2018-05-17 00:57:44,0,0,2,0
8jyamd,2018-05-16 20:37:23,33,r/aww,43,2018-05-17 00:59:31,0,0,2,0
8jyamd,2018-05-16 20:37:23,33,r/aww,44,2018-05-17 01:00:28,0,0,2,0
8jyamd,2018-05-16 20:37:23,33,r/aww,45,2018-05-17 01:01:30,0,0,2,0
8jyamd,2018-05-16 20:37:23,33,r/aww,46,2018-05-17 01:03:13,0,0,2,0
8jyamd,2018-05-16 20:37:23,33,r/aww,47,2018-05-17 01:03:24,0,0,2,0
8jyamd,2018-05-16 20:37:23,33,r/aww,48,2018-05-17 01:03:38,0,0,2,0
8jyamd,2018-05-16 20:37:23,33,r/aww,49,2018-05-17 01:03:56,0,0,2,0
8jyamd,2018-05-16 20:37:23,33,r/aww,50,2018-05-17 01:04:56,0,0,2,0
8jyamd,2018-05-16 20:37:23,33,r/aww,51,2018-05-17 01:06:07,0,0,2,0
8jyamd,2018-05-16 20:37:23,33,r/aww,52,2018-05-17 01:06:26,0,0,2,0
8jyamd,2018-05-16 20:37:23,33,r/aww,53,2018-05-17 01:06:42,0,0,2,0
8jyamd,2018-05-16 20:37:23,33,r/aww,54,2018-05-17 01:09:20,0,0,2,0
8jyamd,2018-05-16 20:37:23,33,r/aww,55,2018-05-17 01:09:36,0,0,2,0
8jyamd,2018-05-16 20:37:23,33,r/aww,56,2018-05-17 01:09:46,0,0,2,0
8jyamd,2018-05-16 20:37:23,33,r/aww,57,2018-05-17 01:11:21,0,0,2,0
8jyamd,2018-05-16 20:37:23,33,r/aww,58,2018-05-17 01:21:02,0,0,2,0
8jyamd,2018-05-16 20:37:23,33,r/aww,59,2018-05-17 01:24:24,0,0,2,0
8jyamd,2018-05-16 20:37:23,33,r/aww,60,2018-05-17 01:24:35,0,0,2,0
8jyamd,2018-05-16 20:37:23,33,r/aww,61,2018-05-17 01:42:33,0,0,2,0
8jyamd,2018-05-16 20:37:23,33,r/aww,62,2018-05-17 01:54:27,0,0,2,0
8jyamd,2018-05-16 20:37:23,33,r/aww,63,2018-05-17 02:03:32,0,0,2,0
8jyamd,2018-05-16 20:37:23,33,r/aww,64,2018-05-17 02:18:08,0,0,2,0
8jyamd,2018-05-16 20:37:23,33,r/aww,65,2018-05-17 02:18:50,0,0,2,0
8jyamd,2018-05-16 20:37:23,33,r/aww,66,2018-05-17 02:44:50,0,0,2,0
8jyamd,2018-05-16 20:37:23,33,r/aww,67,2018-05-17 03:25:05,0,0,2,0
8jyamd,2018-05-16 20:37:23,33,r/aww,68,2018-05-17 03:39:43,0,0,2,0
8jyamd,2018-05-16 20:37:23,33,r/aww,69,2018-05-17 04:13:06,0,0,2,0
8jyamd,2018-05-16 20:37:23,33,r/aww,70,2018-05-17 04:51:49,0,0,2,0
8jyamd,2018-05-16 20:37:23,33,r/aww,71,2018-05-16 20:56:57,0,1,4,0
8jyamd,2018-05-16 20:37:23,33,r/aww,72,2018-05-16 21:34:31,0,0,6,0
8jyamd,2018-05-16 20:37:23,33,r/aww,73,2018-05-17 00:23:13,0,0,3,0
8jyamd,2018-05-16 20:37:23,33,r/aww,74,2018-05-17 00:50:55,0,0,2,0
8jyamd,2018-05-16 20:37:23,33,r/aww,75,2018-05-17 00:48:50,0,1,2,0
8jyamd,2018-05-16 20:37:23,33,r/aww,75,2018-05-17 00:59:32,1,0,1,0
8jyamd,2018-05-16 20:37:23,33,r/aww,76,2018-05-17 01:03:58,0,1,2,0
8jyamd,2018-05-16 20:37:23,33,r/aww,77,2018-05-16 20:44:13,0,0,1,0
8jyamd,2018-05-16 20:37:23,33,r/aww,78,2018-05-16 21:09:21,0,0,1,0
8jyamd,2018-05-16 20:37:23,33,r/aww,79,2018-05-16 21:12:54,0,0,1,0
8jyamd,2018-05-16 20:37:23,33,r/aww,80,2018-05-16 21:22:59,0,0,1,0
8jyamd,2018-05-16 20:37:23,33,r/aww,81,2018-05-16 21:28:08,0,0,1,0
8jyamd,2018-05-16 20:37:23,33,r/aww,82,2018-05-16 21:35:34,0,0,1,0
8jyamd,2018-05-16 20:37:23,33,r/aww,83,2018-05-16 21:36:35,0,0,1,0
8jyamd,2018-05-16 20:37:23,33,r/aww,84,2018-05-16 22:14:41,0,0,1,0
8jyamd,2018-05-16 20:37:23,33,r/aww,85,2018-05-16 22:21:58,0,0,1,0
8jyamd,2018-05-16 20:37:23,33,r/aww,86,2018-05-16 22:28:55,0,0,1,0
8jyamd,2018-05-16 20:37:23,33,r/aww,87,2018-05-16 22:29:19,0,0,1,0
8jyamd,2018-05-16 20:37:23,33,r/aww,88,2018-05-16 22:48:11,0,0,1,0
8jyamd,2018-05-16 20:37:23,33,r/aww,89,2018-05-16 22:54:51,0,0,1,0
8jyamd,2018-05-16 20:37:23,33,r/aww,90,2018-05-16 22:59:47,0,0,1,0
8jyamd,2018-05-16 20:37:23,33,r/aww,91,2018-05-16 23:12:07,0,0,1,0
8jyamd,2018-05-16 20:37:23,33,r/aww,92,2018-05-16 23:17:56,0,0,1,0
8jyamd,2018-05-16 20:37:23,33,r/aww,93,2018-05-16 23:18:43,0,0,1,0
8jyamd,2018-05-16 20:37:23,33,r/aww,94,2018-05-16 23:22:09,0,0,1,0
8jyamd,2018-05-16 20:37:23,33,r/aww,95,2018-05-16 23:22:37,0,0,1,0
8jyamd,2018-05-16 20:37:23,33,r/aww,96,2018-05-16 23:25:47,0,0,1,0
8jyamd,2018-05-16 20:37:23,33,r/aww,97,2018-05-16 23:29:46,0,0,1,0
8jyamd,2018-05-16 20:37:23,33,r/aww,98,2018-05-16 23:30:41,0,0,1,0
8jyamd,2018-05-16 20:37:23,33,r/aww,99,2018-05-16 23:32:35,0,0,1,0
8jyamd,2018-05-16 20:37:23,33,r/aww,100,2018-05-16 23:35:17,0,0,1,0
8jyamd,2018-05-16 20:37:23,33,r/aww,101,2018-05-16 23:35:44,0,0,1,0
8jyamd,2018-05-16 20:37:23,33,r/aww,102,2018-05-16 23:38:27,0,0,1,0
8jyamd,2018-05-16 20:37:23,33,r/aww,103,2018-05-16 23:39:09,0,0,1,0
8jyamd,2018-05-16 20:37:23,33,r/aww,104,2018-05-16 23:40:34,0,0,1,0
8jyamd,2018-05-16 20:37:23,33,r/aww,105,2018-05-16 23:41:19,0,0,1,0
8jyamd,2018-05-16 20:37:23,33,r/aww,106,2018-05-16 23:44:57,0,0,1,0
8jyamd,2018-05-16 20:37:23,33,r/aww,107,2018-05-16 23:45:56,0,0,1,0
8jyamd,2018-05-16 20:37:23,33,r/aww,108,2018-05-16 23:46:54,0,0,1,0
8jyamd,2018-05-16 20:37:23,33,r/aww,109,2018-05-16 23:50:40,0,0,1,0
8jyamd,2018-05-16 20:37:23,33,r/aww,110,2018-05-16 23:51:05,0,0,1,0
8jyamd,2018-05-16 20:37:23,33,r/aww,111,2018-05-16 23:57:07,0,0,1,0
8jyamd,2018-05-16 20:37:23,33,r/aww,112,2018-05-16 23:57:51,0,0,1,0
8jyamd,2018-05-16 20:37:23,33,r/aww,113,2018-05-16 23:59:24,0,0,1,0
8jyamd,2018-05-16 20:37:23,33,r/aww,114,2018-05-17 00:00:41,0,0,1,0
8jyamd,2018-05-16 20:37:23,33,r/aww,115,2018-05-17 00:03:55,0,0,1,0
8jyamd,2018-05-16 20:37:23,33,r/aww,116,2018-05-17 00:03:57,0,0,1,0
8jyamd,2018-05-16 20:37:23,33,r/aww,117,2018-05-17 00:05:40,0,0,1,0
8jyamd,2018-05-16 20:37:23,33,r/aww,118,2018-05-17 00:06:47,0,0,1,0
8jyamd,2018-05-16 20:37:23,33,r/aww,119,2018-05-17 00:07:30,0,0,1,0
8jyamd,2018-05-16 20:37:23,33,r/aww,120,2018-05-17 00:07:39,0,0,1,0
8jyamd,2018-05-16 20:37:23,33,r/aww,121,2018-05-17 00:07:51,0,0,1,0
8jyamd,2018-05-16 20:37:23,33,r/aww,122,2018-05-17 00:08:02,0,0,1,0
8jyamd,2018-05-16 20:37:23,33,r/aww,123,2018-05-17 00:09:15,0,0,1,0
8jyamd,2018-05-16 20:37:23,33,r/aww,124,2018-05-17 00:09:43,0,0,1,0
8jyamd,2018-05-16 20:37:23,33,r/aww,125,2018-05-17 00:10:45,0,0,1,0
8jyamd,2018-05-16 20:37:23,33,r/aww,126,2018-05-17 00:11:04,0,0,1,0
8jyamd,2018-05-16 20:37:23,33,r/aww,127,2018-05-17 00:11:13,0,0,1,0
8jyamd,2018-05-16 20:37:23,33,r/aww,128,2018-05-17 00:12:21,0,0,1,0
8jyamd,2018-05-16 20:37:23,33,r/aww,129,2018-05-17 00:12:50,0,0,1,0
8jyamd,2018-05-16 20:37:23,33,r/aww,130,2018-05-17 00:13:20,0,1,1,0
8jyamd,2018-05-16 20:37:23,33,r/aww,130,2018-05-17 02:07:52,1,1,2,0
8jyamd,2018-05-16 20:37:23,33,r/aww,131,2018-05-17 00:13:24,0,0,1,0
8jyamd,2018-05-16 20:37:23,33,r/aww,132,2018-05-17 00:13:31,0,0,1,0
8jyamd,2018-05-16 20:37:23,33,r/aww,133,2018-05-17 00:14:13,0,0,1,0
8jyamd,2018-05-16 20:37:23,33,r/aww,134,2018-05-17 00:15:10,0,0,1,0
8jyamd,2018-05-16 20:37:23,33,r/aww,135,2018-05-17 00:15:57,0,0,1,0
8jyamd,2018-05-16 20:37:23,33,r/aww,136,2018-05-17 00:16:16,0,0,1,0
8jyamd,2018-05-16 20:37:23,33,r/aww,137,2018-05-17 00:16:33,0,0,1,0
8jyamd,2018-05-16 20:37:23,33,r/aww,138,2018-05-17 00:16:57,0,0,1,0
8jyamd,2018-05-16 20:37:23,33,r/aww,139,2018-05-17 00:17:15,0,0,1,0
8jyamd,2018-05-16 20:37:23,33,r/aww,140,2018-05-17 00:18:13,0,0,1,0
8jyamd,2018-05-16 20:37:23,33,r/aww,141,2018-05-17 00:18:25,0,0,1,0
8jyamd,2018-05-16 20:37:23,33,r/aww,142,2018-05-17 00:20:00,0,0,1,0
8jyamd,2018-05-16 20:37:23,33,r/aww,143,2018-05-17 00:20:13,0,0,1,0
8jyamd,2018-05-16 20:37:23,33,r/aww,144,2018-05-17 00:21:42,0,0,1,0
8jyamd,2018-05-16 20:37:23,33,r/aww,145,2018-05-17 00:23:35,0,0,1,0
8jyamd,2018-05-16 20:37:23,33,r/aww,146,2018-05-17 00:24:28,0,0,1,0
8jyamd,2018-05-16 20:37:23,33,r/aww,147,2018-05-17 00:24:41,0,0,1,0
8jyamd,2018-05-16 20:37:23,33,r/aww,148,2018-05-17 00:25:43,0,0,1,0
8jyamd,2018-05-16 20:37:23,33,r/aww,149,2018-05-17 00:26:24,0,0,1,0
8jyamd,2018-05-16 20:37:23,33,r/aww,150,2018-05-17 00:26:32,0,0,1,0
8jyamd,2018-05-16 20:37:23,33,r/aww,151,2018-05-17 00:27:42,0,0,1,0
8jyamd,2018-05-16 20:37:23,33,r/aww,152,2018-05-17 00:27:53,0,0,1,0
8jyamd,2018-05-16 20:37:23,33,r/aww,153,2018-05-17 00:28:10,0,0,1,0
8jyamd,2018-05-16 20:37:23,33,r/aww,154,2018-05-17 00:28:46,0,0,1,0
8jyamd,2018-05-16 20:37:23,33,r/aww,155,2018-05-17 00:28:59,0,0,1,0
8jyamd,2018-05-16 20:37:23,33,r/aww,156,2018-05-17 00:29:34,0,0,1,0
8jyamd,2018-05-16 20:37:23,33,r/aww,157,2018-05-17 00:29:41,0,0,1,0
8jyamd,2018-05-16 20:37:23,33,r/aww,158,2018-05-17 00:30:36,0,0,1,0
8jyamd,2018-05-16 20:37:23,33,r/aww,159,2018-05-17 00:30:41,0,0,1,0
8jyamd,2018-05-16 20:37:23,33,r/aww,160,2018-05-17 00:30:47,0,0,1,0
8jyamd,2018-05-16 20:37:23,33,r/aww,161,2018-05-17 00:30:53,0,0,1,0
8jyamd,2018-05-16 20:37:23,33,r/aww,162,2018-05-17 00:31:29,0,0,1,0
8jyamd,2018-05-16 20:37:23,33,r/aww,163,2018-05-17 00:31:39,0,0,1,0
8jyamd,2018-05-16 20:37:23,33,r/aww,164,2018-05-17 00:32:51,0,0,1,0
8jyamd,2018-05-16 20:37:23,33,r/aww,165,2018-05-17 00:33:02,0,0,1,0
8jyamd,2018-05-16 20:37:23,33,r/aww,166,2018-05-17 00:33:04,0,0,1,0
8jyamd,2018-05-16 20:37:23,33,r/aww,167,2018-05-17 00:33:06,0,0,1,0
8jyamd,2018-05-16 20:37:23,33,r/aww,168,2018-05-17 00:33:27,0,0,1,0
8jyamd,2018-05-16 20:37:23,33,r/aww,169,2018-05-17 00:33:42,0,0,1,0
8jyamd,2018-05-16 20:37:23,33,r/aww,170,2018-05-17 00:34:02,0,0,1,0
8jyamd,2018-05-16 20:37:23,33,r/aww,171,2018-05-17 00:34:03,0,0,1,0
8jyamd,2018-05-16 20:37:23,33,r/aww,172,2018-05-17 00:34:14,0,0,1,0
8jyamd,2018-05-16 20:37:23,33,r/aww,173,2018-05-17 00:35:13,0,0,1,0
8jyamd,2018-05-16 20:37:23,33,r/aww,174,2018-05-17 00:35:39,0,0,1,0
8jyamd,2018-05-16 20:37:23,33,r/aww,175,2018-05-17 00:36:07,0,0,1,0
8jyamd,2018-05-16 20:37:23,33,r/aww,176,2018-05-17 00:36:15,0,0,1,0
8jyamd,2018-05-16 20:37:23,33,r/aww,177,2018-05-17 00:36:18,0,0,1,0
8jyamd,2018-05-16 20:37:23,33,r/aww,178,2018-05-17 00:36:22,0,0,1,0
8jyamd,2018-05-16 20:37:23,33,r/aww,179,2018-05-17 00:37:08,0,0,1,0
8jyamd,2018-05-16 20:37:23,33,r/aww,180,2018-05-17 00:37:27,0,0,1,0
8jyamd,2018-05-16 20:37:23,33,r/aww,181,2018-05-17 00:37:40,0,0,1,0
8jyamd,2018-05-16 20:37:23,33,r/aww,182,2018-05-17 00:37:46,0,0,1,0
8jyamd,2018-05-16 20:37:23,33,r/aww,183,2018-05-17 00:38:00,0,0,1,0
8jyamd,2018-05-16 20:37:23,33,r/aww,184,2018-05-17 00:38:13,0,0,1,0
8jyamd,2018-05-16 20:37:23,33,r/aww,185,2018-05-17 00:38:58,0,0,1,0
8jyamd,2018-05-16 20:37:23,33,r/aww,186,2018-05-17 00:39:03,0,0,1,0
8jyamd,2018-05-16 20:37:23,33,r/aww,187,2018-05-17 00:39:09,0,0,1,0
8jyamd,2018-05-16 20:37:23,33,r/aww,188,2018-05-17 00:39:28,0,0,1,0
8jyamd,2018-05-16 20:37:23,33,r/aww,189,2018-05-17 00:39:55,0,0,1,0
8jyamd,2018-05-16 20:37:23,33,r/aww,190,2018-05-17 00:39:58,0,0,1,0
8jyamd,2018-05-16 20:37:23,33,r/aww,191,2018-05-17 00:40:24,0,0,1,0
8jyamd,2018-05-16 20:37:23,33,r/aww,192,2018-05-17 00:41:24,0,0,1,0
8jyamd,2018-05-16 20:37:23,33,r/aww,193,2018-05-17 00:41:35,0,0,1,0
8jyamd,2018-05-16 20:37:23,33,r/aww,194,2018-05-17 00:41:43,0,0,1,0
8jyamd,2018-05-16 20:37:23,33,r/aww,195,2018-05-17 00:42:39,0,0,1,0
8jyamd,2018-05-16 20:37:23,33,r/aww,196,2018-05-17 00:42:50,0,0,1,0
8jyamd,2018-05-16 20:37:23,33,r/aww,197,2018-05-17 00:42:57,0,0,1,0
8jyamd,2018-05-16 20:37:23,33,r/aww,198,2018-05-17 00:44:08,0,0,1,0
8jyamd,2018-05-16 20:37:23,33,r/aww,199,2018-05-17 00:44:21,0,0,1,0
8jyamd,2018-05-16 20:37:23,33,r/aww,200,2018-05-17 00:44:51,0,0,1,0
8jyamd,2018-05-16 20:37:23,33,r/aww,201,2018-05-17 00:44:54,0,0,1,0
8jyamd,2018-05-16 20:37:23,33,r/aww,202,2018-05-17 00:45:47,0,0,1,0
8jyamd,2018-05-16 20:37:23,33,r/aww,203,2018-05-17 00:45:51,0,0,1,0
8jyamd,2018-05-16 20:37:23,33,r/aww,204,2018-05-17 00:45:52,0,0,1,0
8jyamd,2018-05-16 20:37:23,33,r/aww,205,2018-05-17 00:45:56,0,0,1,0
8jyamd,2018-05-16 20:37:23,33,r/aww,206,2018-05-17 00:46:58,0,0,1,0
8jyamd,2018-05-16 20:37:23,33,r/aww,207,2018-05-17 00:47:07,0,0,1,0
8jyamd,2018-05-16 20:37:23,33,r/aww,208,2018-05-17 00:47:23,0,0,1,0
8jyamd,2018-05-16 20:37:23,33,r/aww,209,2018-05-17 00:48:02,0,0,1,0
8jyamd,2018-05-16 20:37:23,33,r/aww,210,2018-05-17 00:48:41,0,0,1,0
8jyamd,2018-05-16 20:37:23,33,r/aww,211,2018-05-17 00:48:47,0,0,1,0
8jyamd,2018-05-16 20:37:23,33,r/aww,212,2018-05-17 00:50:00,0,0,1,0
8jyamd,2018-05-16 20:37:23,33,r/aww,213,2018-05-17 00:50:12,0,0,1,0
8jyamd,2018-05-16 20:37:23,33,r/aww,214,2018-05-17 00:51:44,0,0,1,0
8jyamd,2018-05-16 20:37:23,33,r/aww,215,2018-05-17 00:52:18,0,0,1,0
8jyamd,2018-05-16 20:37:23,33,r/aww,216,2018-05-17 00:52:46,0,0,1,0
8jyamd,2018-05-16 20:37:23,33,r/aww,217,2018-05-17 00:52:49,0,0,1,0
8jyamd,2018-05-16 20:37:23,33,r/aww,218,2018-05-17 00:52:52,0,0,1,0
8jyamd,2018-05-16 20:37:23,33,r/aww,219,2018-05-17 00:53:07,0,0,1,0
8jyamd,2018-05-16 20:37:23,33,r/aww,220,2018-05-17 00:53:26,0,0,1,0
8jyamd,2018-05-16 20:37:23,33,r/aww,221,2018-05-17 00:53:55,0,1,1,0
8jyamd,2018-05-16 20:37:23,33,r/aww,221,2018-05-17 00:54:41,1,0,1,0
8jyamd,2018-05-16 20:37:23,33,r/aww,222,2018-05-17 00:54:49,0,0,1,0
8jyamd,2018-05-16 20:37:23,33,r/aww,223,2018-05-17 00:55:18,0,0,1,0
8jyamd,2018-05-16 20:37:23,33,r/aww,224,2018-05-17 00:55:24,0,0,1,0
8jyamd,2018-05-16 20:37:23,33,r/aww,225,2018-05-17 00:55:32,0,0,1,0
8jyamd,2018-05-16 20:37:23,33,r/aww,226,2018-05-17 00:57:20,0,0,1,0
8jyamd,2018-05-16 20:37:23,33,r/aww,227,2018-05-17 00:57:23,0,0,1,0
8jyamd,2018-05-16 20:37:23,33,r/aww,228,2018-05-17 00:57:36,0,0,1,0
8jyamd,2018-05-16 20:37:23,33,r/aww,229,2018-05-17 00:57:42,0,0,1,0
8jyamd,2018-05-16 20:37:23,33,r/aww,230,2018-05-17 00:57:55,0,0,1,0
8jyamd,2018-05-16 20:37:23,33,r/aww,231,2018-05-17 00:58:59,0,0,1,0
8jyamd,2018-05-16 20:37:23,33,r/aww,232,2018-05-17 00:59:25,0,0,1,0
8jyamd,2018-05-16 20:37:23,33,r/aww,233,2018-05-17 01:00:03,0,0,1,0
8jyamd,2018-05-16 20:37:23,33,r/aww,234,2018-05-17 01:00:52,0,0,1,0
8jyamd,2018-05-16 20:37:23,33,r/aww,235,2018-05-17 01:00:57,0,0,1,0
8jyamd,2018-05-16 20:37:23,33,r/aww,236,2018-05-17 01:01:05,0,0,1,0
8jyamd,2018-05-16 20:37:23,33,r/aww,237,2018-05-17 01:02:23,0,0,1,0
8jyamd,2018-05-16 20:37:23,33,r/aww,238,2018-05-17 01:02:50,0,0,1,0
8jyamd,2018-05-16 20:37:23,33,r/aww,239,2018-05-17 01:07:53,0,0,1,0
8jyamd,2018-05-16 20:37:23,33,r/aww,240,2018-05-17 01:10:35,0,0,1,0
8jyamd,2018-05-16 20:37:23,33,r/aww,241,2018-05-17 01:11:02,0,0,1,0
8jyamd,2018-05-16 20:37:23,33,r/aww,242,2018-05-17 01:11:27,0,0,1,0
8jyamd,2018-05-16 20:37:23,33,r/aww,243,2018-05-17 01:11:43,0,0,1,0
8jyamd,2018-05-16 20:37:23,33,r/aww,244,2018-05-17 01:12:10,0,0,1,0
8jyamd,2018-05-16 20:37:23,33,r/aww,245,2018-05-17 01:12:15,0,0,1,0
8jyamd,2018-05-16 20:37:23,33,r/aww,246,2018-05-17 01:12:51,0,0,1,0
8jyamd,2018-05-16 20:37:23,33,r/aww,247,2018-05-17 01:13:48,0,0,1,0
8jyamd,2018-05-16 20:37:23,33,r/aww,248,2018-05-17 01:13:58,0,0,1,0
8jyamd,2018-05-16 20:37:23,33,r/aww,249,2018-05-17 01:14:50,0,0,1,0
8jyamd,2018-05-16 20:37:23,33,r/aww,250,2018-05-17 01:14:51,0,0,1,0
8jyamd,2018-05-16 20:37:23,33,r/aww,251,2018-05-17 01:14:55,0,0,1,0
8jyamd,2018-05-16 20:37:23,33,r/aww,252,2018-05-17 01:15:35,0,0,1,0
8jyamd,2018-05-16 20:37:23,33,r/aww,253,2018-05-17 01:15:38,0,0,1,0
8jyamd,2018-05-16 20:37:23,33,r/aww,254,2018-05-17 01:16:34,0,0,1,0
8jyamd,2018-05-16 20:37:23,33,r/aww,255,2018-05-17 01:16:51,0,0,1,0
8jyamd,2018-05-16 20:37:23,33,r/aww,256,2018-05-17 01:16:51,0,0,1,0
8jyamd,2018-05-16 20:37:23,33,r/aww,257,2018-05-17 01:16:54,0,0,1,0
8jyamd,2018-05-16 20:37:23,33,r/aww,258,2018-05-17 01:17:02,0,0,1,0
8jyamd,2018-05-16 20:37:23,33,r/aww,259,2018-05-17 01:17:17,0,0,1,0
8jyamd,2018-05-16 20:37:23,33,r/aww,260,2018-05-17 01:17:33,0,0,1,0
8jyamd,2018-05-16 20:37:23,33,r/aww,261,2018-05-17 01:17:40,0,0,1,0
8jyamd,2018-05-16 20:37:23,33,r/aww,262,2018-05-17 01:17:45,0,0,1,0
8jyamd,2018-05-16 20:37:23,33,r/aww,263,2018-05-17 01:18:36,0,0,1,0
8jyamd,2018-05-16 20:37:23,33,r/aww,264,2018-05-17 01:18:39,0,0,1,0
8jyamd,2018-05-16 20:37:23,33,r/aww,265,2018-05-17 01:18:43,0,0,1,0
8jyamd,2018-05-16 20:37:23,33,r/aww,266,2018-05-17 01:18:46,0,0,1,0
8jyamd,2018-05-16 20:37:23,33,r/aww,267,2018-05-17 01:19:27,0,0,1,0
8jyamd,2018-05-16 20:37:23,33,r/aww,268,2018-05-17 01:19:44,0,0,1,0
8jyamd,2018-05-16 20:37:23,33,r/aww,269,2018-05-17 01:20:37,0,0,1,0
8jyamd,2018-05-16 20:37:23,33,r/aww,270,2018-05-17 01:21:56,0,0,1,0
8jyamd,2018-05-16 20:37:23,33,r/aww,271,2018-05-17 01:22:17,0,0,1,0
8jyamd,2018-05-16 20:37:23,33,r/aww,272,2018-05-17 01:23:06,0,0,1,0
8jyamd,2018-05-16 20:37:23,33,r/aww,273,2018-05-17 01:23:08,0,0,1,0
8jyamd,2018-05-16 20:37:23,33,r/aww,274,2018-05-17 01:24:08,0,0,1,0
8jyamd,2018-05-16 20:37:23,33,r/aww,275,2018-05-17 01:24:11,0,0,1,0
8jyamd,2018-05-16 20:37:23,33,r/aww,276,2018-05-17 01:25:01,0,1,1,0
8jyamd,2018-05-16 20:37:23,33,r/aww,276,2018-05-17 01:29:54,1,1,2,0
8jyamd,2018-05-16 20:37:23,33,r/aww,276,2018-05-17 01:33:58,2,1,1,0
8jyamd,2018-05-16 20:37:23,33,r/aww,276,2018-05-17 01:41:23,3,0,2,0
8jyamd,2018-05-16 20:37:23,33,r/aww,277,2018-05-17 01:25:39,0,0,1,0
8jyamd,2018-05-16 20:37:23,33,r/aww,278,2018-05-17 01:25:39,0,0,1,0
8jyamd,2018-05-16 20:37:23,33,r/aww,279,2018-05-17 01:26:29,0,0,1,0
8jyamd,2018-05-16 20:37:23,33,r/aww,280,2018-05-17 01:26:36,0,0,1,0
8jyamd,2018-05-16 20:37:23,33,r/aww,281,2018-05-17 01:26:48,0,0,1,0
8jyamd,2018-05-16 20:37:23,33,r/aww,282,2018-05-17 01:28:23,0,0,1,0
8jyamd,2018-05-16 20:37:23,33,r/aww,283,2018-05-17 01:29:41,0,0,1,0
8jyamd,2018-05-16 20:37:23,33,r/aww,284,2018-05-17 01:30:03,0,0,1,0
8jyamd,2018-05-16 20:37:23,33,r/aww,285,2018-05-17 01:30:34,0,0,1,0
8jyamd,2018-05-16 20:37:23,33,r/aww,286,2018-05-17 01:31:01,0,0,1,0
8jyamd,2018-05-16 20:37:23,33,r/aww,287,2018-05-17 01:31:36,0,0,1,0
8jyamd,2018-05-16 20:37:23,33,r/aww,288,2018-05-17 01:31:51,0,0,1,0
8jyamd,2018-05-16 20:37:23,33,r/aww,289,2018-05-17 01:31:58,0,0,1,0
8jyamd,2018-05-16 20:37:23,33,r/aww,290,2018-05-17 01:32:13,0,0,1,0
8jyamd,2018-05-16 20:37:23,33,r/aww,291,2018-05-17 01:33:20,0,0,1,0
8jyamd,2018-05-16 20:37:23,33,r/aww,292,2018-05-17 01:34:01,0,0,1,0
8jyamd,2018-05-16 20:37:23,33,r/aww,293,2018-05-17 01:34:02,0,0,1,0
8jyamd,2018-05-16 20:37:23,33,r/aww,294,2018-05-17 01:34:32,0,0,1,0
8jyamd,2018-05-16 20:37:23,33,r/aww,295,2018-05-17 01:34:56,0,0,1,0
8jyamd,2018-05-16 20:37:23,33,r/aww,296,2018-05-17 01:35:05,0,0,1,0
8jyamd,2018-05-16 20:37:23,33,r/aww,297,2018-05-17 01:35:13,0,0,1,0
8jyamd,2018-05-16 20:37:23,33,r/aww,298,2018-05-17 01:35:36,0,0,1,0
8jyamd,2018-05-16 20:37:23,33,r/aww,299,2018-05-17 01:35:36,0,0,1,0
8jyamd,2018-05-16 20:37:23,33,r/aww,300,2018-05-17 01:36:04,0,0,1,0
8jyamd,2018-05-16 20:37:23,33,r/aww,301,2018-05-17 01:36:10,0,0,1,0
8jyamd,2018-05-16 20:37:23,33,r/aww,302,2018-05-17 01:36:28,0,0,1,0
8jyamd,2018-05-16 20:37:23,33,r/aww,303,2018-05-17 01:38:07,0,0,1,0
8jyamd,2018-05-16 20:37:23,33,r/aww,304,2018-05-17 01:38:13,0,0,1,0
8jyamd,2018-05-16 20:37:23,33,r/aww,305,2018-05-17 01:38:51,0,0,1,0
8jyamd,2018-05-16 20:37:23,33,r/aww,306,2018-05-17 01:39:08,0,0,1,0
8jyamd,2018-05-16 20:37:23,33,r/aww,307,2018-05-17 01:39:27,0,0,1,0
8jyamd,2018-05-16 20:37:23,33,r/aww,308,2018-05-17 01:40:01,0,0,1,0
8jyamd,2018-05-16 20:37:23,33,r/aww,309,2018-05-17 01:40:08,0,0,1,0
8jyamd,2018-05-16 20:37:23,33,r/aww,310,2018-05-17 01:40:26,0,0,1,0
8jyamd,2018-05-16 20:37:23,33,r/aww,311,2018-05-17 01:41:16,0,0,1,0
8jyamd,2018-05-16 20:37:23,33,r/aww,312,2018-05-17 01:41:52,0,0,1,0
8jyamd,2018-05-16 20:37:23,33,r/aww,313,2018-05-17 01:42:51,0,0,1,0
8jyamd,2018-05-16 20:37:23,33,r/aww,314,2018-05-17 01:44:45,0,0,1,0
8jyamd,2018-05-16 20:37:23,33,r/aww,315,2018-05-17 01:45:57,0,0,1,0
8jyamd,2018-05-16 20:37:23,33,r/aww,316,2018-05-17 01:46:22,0,0,1,0
8jyamd,2018-05-16 20:37:23,33,r/aww,317,2018-05-17 01:46:38,0,0,1,0
8jyamd,2018-05-16 20:37:23,33,r/aww,318,2018-05-17 01:47:40,0,0,1,0
8jyamd,2018-05-16 20:37:23,33,r/aww,319,2018-05-17 01:48:19,0,0,1,0
8jyamd,2018-05-16 20:37:23,33,r/aww,320,2018-05-17 01:48:28,0,0,1,0
8jyamd,2018-05-16 20:37:23,33,r/aww,321,2018-05-17 01:48:30,0,0,1,0
8jyamd,2018-05-16 20:37:23,33,r/aww,322,2018-05-17 01:49:03,0,0,1,0
8jyamd,2018-05-16 20:37:23,33,r/aww,323,2018-05-17 01:49:05,0,0,1,0
8jyamd,2018-05-16 20:37:23,33,r/aww,324,2018-05-17 01:50:06,0,0,1,0
8jyamd,2018-05-16 20:37:23,33,r/aww,325,2018-05-17 01:51:31,0,0,1,0
8jyamd,2018-05-16 20:37:23,33,r/aww,326,2018-05-17 01:51:34,0,0,1,0
8jyamd,2018-05-16 20:37:23,33,r/aww,327,2018-05-17 01:51:50,0,0,1,0
8jyamd,2018-05-16 20:37:23,33,r/aww,328,2018-05-17 01:52:20,0,0,1,0
8jyamd,2018-05-16 20:37:23,33,r/aww,329,2018-05-17 01:52:23,0,0,1,0
8jyamd,2018-05-16 20:37:23,33,r/aww,330,2018-05-17 01:52:34,0,0,1,0
8jyamd,2018-05-16 20:37:23,33,r/aww,331,2018-05-17 01:52:35,0,0,1,0
8jyamd,2018-05-16 20:37:23,33,r/aww,332,2018-05-17 01:53:14,0,0,1,0
8jyamd,2018-05-16 20:37:23,33,r/aww,333,2018-05-17 01:53:52,0,0,1,0
8jyamd,2018-05-16 20:37:23,33,r/aww,334,2018-05-17 01:53:57,0,0,1,0
8jyamd,2018-05-16 20:37:23,33,r/aww,335,2018-05-17 01:54:37,0,0,1,0
8jyamd,2018-05-16 20:37:23,33,r/aww,336,2018-05-17 01:54:49,0,0,1,0
8jyamd,2018-05-16 20:37:23,33,r/aww,337,2018-05-17 01:55:34,0,0,1,0
8jyamd,2018-05-16 20:37:23,33,r/aww,338,2018-05-17 01:55:41,0,0,1,0
8jyamd,2018-05-16 20:37:23,33,r/aww,339,2018-05-17 01:57:14,0,0,1,0
8jyamd,2018-05-16 20:37:23,33,r/aww,340,2018-05-17 01:57:32,0,0,1,0
8jyamd,2018-05-16 20:37:23,33,r/aww,341,2018-05-17 01:57:35,0,0,1,0
8jyamd,2018-05-16 20:37:23,33,r/aww,342,2018-05-17 01:57:51,0,0,1,0
8jyamd,2018-05-16 20:37:23,33,r/aww,343,2018-05-17 01:58:00,0,0,1,0
8jyamd,2018-05-16 20:37:23,33,r/aww,344,2018-05-17 01:58:30,0,0,1,0
8jyamd,2018-05-16 20:37:23,33,r/aww,345,2018-05-17 01:59:38,0,0,1,0
8jyamd,2018-05-16 20:37:23,33,r/aww,346,2018-05-17 01:59:43,0,0,1,0
8jyamd,2018-05-16 20:37:23,33,r/aww,347,2018-05-17 02:00:32,0,0,1,0
8jyamd,2018-05-16 20:37:23,33,r/aww,348,2018-05-17 02:00:51,0,0,1,0
8jyamd,2018-05-16 20:37:23,33,r/aww,349,2018-05-17 02:01:07,0,0,1,0
8jyamd,2018-05-16 20:37:23,33,r/aww,350,2018-05-17 02:01:32,0,0,1,0
8jyamd,2018-05-16 20:37:23,33,r/aww,351,2018-05-17 02:01:44,0,0,1,0
8k00x2,2018-05-17 00:43:49,34,r/blackpeoplegifs,0,2018-05-17 01:47:14,0,3,119,0
8k00x2,2018-05-17 00:43:49,34,r/blackpeoplegifs,0,2018-05-17 04:56:50,1,0,5,0
8k00x2,2018-05-17 00:43:49,34,r/blackpeoplegifs,0,2018-05-17 05:16:59,1,0,2,0
8k00x2,2018-05-17 00:43:49,34,r/blackpeoplegifs,0,2018-05-17 05:14:29,1,0,1,0
8k00x2,2018-05-17 00:43:49,34,r/blackpeoplegifs,1,2018-05-17 00:55:42,0,6,362,0
8k00x2,2018-05-17 00:43:49,34,r/blackpeoplegifs,1,2018-05-17 01:18:43,1,1,116,0
8k00x2,2018-05-17 00:43:49,34,r/blackpeoplegifs,1,2018-05-17 02:17:04,2,0,78,0
8k00x2,2018-05-17 00:43:49,34,r/blackpeoplegifs,1,2018-05-17 01:22:12,1,2,16,0
8k00x2,2018-05-17 00:43:49,34,r/blackpeoplegifs,1,2018-05-17 01:32:19,2,1,15,0
8k00x2,2018-05-17 00:43:49,34,r/blackpeoplegifs,1,2018-05-17 05:19:23,3,0,1,0
8k00x2,2018-05-17 00:43:49,34,r/blackpeoplegifs,1,2018-05-17 04:08:06,2,0,1,0
8k00x2,2018-05-17 00:43:49,34,r/blackpeoplegifs,1,2018-05-17 03:40:58,1,0,8,0
8k00x2,2018-05-17 00:43:49,34,r/blackpeoplegifs,1,2018-05-17 03:59:52,1,1,10,0
8k00x2,2018-05-17 00:43:49,34,r/blackpeoplegifs,1,2018-05-17 04:12:49,2,0,4,0
8k00x2,2018-05-17 00:43:49,34,r/blackpeoplegifs,1,2018-05-17 03:33:46,1,1,8,0
8k00x2,2018-05-17 00:43:49,34,r/blackpeoplegifs,1,2018-05-17 04:16:38,2,0,5,0
8k00x2,2018-05-17 00:43:49,34,r/blackpeoplegifs,1,2018-05-17 04:08:55,1,0,0,0
8k00x2,2018-05-17 00:43:49,34,r/blackpeoplegifs,2,2018-05-17 02:06:22,0,1,257,0
8k00x2,2018-05-17 00:43:49,34,r/blackpeoplegifs,2,2018-05-17 04:11:01,1,1,76,0
8k00x2,2018-05-17 00:43:49,34,r/blackpeoplegifs,2,2018-05-17 04:30:53,2,1,7,0
8k00x2,2018-05-17 00:43:49,34,r/blackpeoplegifs,2,2018-05-17 04:42:08,3,0,11,0
8k00x2,2018-05-17 00:43:49,34,r/blackpeoplegifs,3,2018-05-17 02:50:54,0,7,123,0
8k00x2,2018-05-17 00:43:49,34,r/blackpeoplegifs,3,2018-05-17 02:55:40,1,0,61,0
8k00x2,2018-05-17 00:43:49,34,r/blackpeoplegifs,3,2018-05-17 03:47:43,1,1,38,0
8k00x2,2018-05-17 00:43:49,34,r/blackpeoplegifs,3,2018-05-17 05:01:55,2,0,2,0
8k00x2,2018-05-17 00:43:49,34,r/blackpeoplegifs,3,2018-05-17 04:17:22,1,1,20,0
8k00x2,2018-05-17 00:43:49,34,r/blackpeoplegifs,3,2018-05-17 04:25:48,2,1,-10,0
8k00x2,2018-05-17 00:43:49,34,r/blackpeoplegifs,3,2018-05-17 04:28:53,3,0,15,0
8k00x2,2018-05-17 00:43:49,34,r/blackpeoplegifs,3,2018-05-17 04:31:05,1,0,7,0
8k00x2,2018-05-17 00:43:49,34,r/blackpeoplegifs,3,2018-05-17 04:30:09,1,1,15,0
8k00x2,2018-05-17 00:43:49,34,r/blackpeoplegifs,3,2018-05-17 05:00:16,2,1,6,0
8k00x2,2018-05-17 00:43:49,34,r/blackpeoplegifs,3,2018-05-17 05:01:12,3,0,2,0
8k00x2,2018-05-17 00:43:49,34,r/blackpeoplegifs,3,2018-05-17 04:49:13,1,1,1,0
8k00x2,2018-05-17 00:43:49,34,r/blackpeoplegifs,3,2018-05-17 05:05:59,2,0,5,0
8k00x2,2018-05-17 00:43:49,34,r/blackpeoplegifs,3,2018-05-17 03:42:19,1,1,-32,0
8k00x2,2018-05-17 00:43:49,34,r/blackpeoplegifs,3,2018-05-17 04:03:02,2,1,33,0
8k00x2,2018-05-17 00:43:49,34,r/blackpeoplegifs,3,2018-05-17 04:15:07,3,0,6,0
8k00x2,2018-05-17 00:43:49,34,r/blackpeoplegifs,4,2018-05-17 01:25:52,0,0,96,0
8k00x2,2018-05-17 00:43:49,34,r/blackpeoplegifs,5,2018-05-17 01:50:43,0,1,87,0
8k00x2,2018-05-17 00:43:49,34,r/blackpeoplegifs,5,2018-05-17 04:18:09,1,0,7,0
8k00x2,2018-05-17 00:43:49,34,r/blackpeoplegifs,6,2018-05-17 02:23:54,0,1,62,0
8k00x2,2018-05-17 00:43:49,34,r/blackpeoplegifs,6,2018-05-17 02:33:46,1,2,39,0
8k00x2,2018-05-17 00:43:49,34,r/blackpeoplegifs,6,2018-05-17 04:30:12,2,0,9,0
8k00x2,2018-05-17 00:43:49,34,r/blackpeoplegifs,6,2018-05-17 02:38:53,2,1,-9,0
8k00x2,2018-05-17 00:43:49,34,r/blackpeoplegifs,6,2018-05-17 04:16:39,3,0,7,0
8k00x2,2018-05-17 00:43:49,34,r/blackpeoplegifs,7,2018-05-17 02:37:39,0,0,21,0
8k00x2,2018-05-17 00:43:49,34,r/blackpeoplegifs,8,2018-05-17 02:06:55,0,1,11,0
8k00x2,2018-05-17 00:43:49,34,r/blackpeoplegifs,8,2018-05-17 02:27:12,1,2,13,0
8k00x2,2018-05-17 00:43:49,34,r/blackpeoplegifs,8,2018-05-17 02:33:21,2,1,2,0
8k00x2,2018-05-17 00:43:49,34,r/blackpeoplegifs,8,2018-05-17 02:40:59,3,2,2,0
8k00x2,2018-05-17 00:43:49,34,r/blackpeoplegifs,8,2018-05-17 02:43:20,4,2,10,0
8k00x2,2018-05-17 00:43:49,34,r/blackpeoplegifs,8,2018-05-17 03:35:48,5,0,5,0
8k00x2,2018-05-17 00:43:49,34,r/blackpeoplegifs,8,2018-05-17 04:21:38,5,1,2,0
8k00x2,2018-05-17 00:43:49,34,r/blackpeoplegifs,8,2018-05-17 04:36:30,6,1,1,0
8k00x2,2018-05-17 00:43:49,34,r/blackpeoplegifs,8,2018-05-17 04:40:34,7,1,2,0
8k00x2,2018-05-17 00:43:49,34,r/blackpeoplegifs,8,2018-05-17 05:20:15,8,0,1,0
8k00x2,2018-05-17 00:43:49,34,r/blackpeoplegifs,8,2018-05-17 04:56:34,4,0,1,0
8k00x2,2018-05-17 00:43:49,34,r/blackpeoplegifs,8,2018-05-17 02:56:55,2,0,1,0
8k00x2,2018-05-17 00:43:49,34,r/blackpeoplegifs,9,2018-05-17 01:44:19,0,1,25,0
8k00x2,2018-05-17 00:43:49,34,r/blackpeoplegifs,9,2018-05-17 02:33:07,1,1,19,0
8k00x2,2018-05-17 00:43:49,34,r/blackpeoplegifs,9,2018-05-17 04:18:49,2,1,3,0
8k00x2,2018-05-17 00:43:49,34,r/blackpeoplegifs,9,2018-05-17 04:49:28,3,0,2,0
8k00x2,2018-05-17 00:43:49,34,r/blackpeoplegifs,10,2018-05-17 01:36:51,0,0,12,0
8k00x2,2018-05-17 00:43:49,34,r/blackpeoplegifs,11,2018-05-17 02:04:53,0,4,103,0
8k00x2,2018-05-17 00:43:49,34,r/blackpeoplegifs,11,2018-05-17 02:19:55,1,1,90,0
8k00x2,2018-05-17 00:43:49,34,r/blackpeoplegifs,11,2018-05-17 02:54:09,2,2,-15,0
8k00x2,2018-05-17 00:43:49,34,r/blackpeoplegifs,11,2018-05-17 03:07:38,3,0,14,0
8k00x2,2018-05-17 00:43:49,34,r/blackpeoplegifs,11,2018-05-17 03:26:18,3,0,3,0
8k00x2,2018-05-17 00:43:49,34,r/blackpeoplegifs,11,2018-05-17 04:05:45,1,1,22,0
8k00x2,2018-05-17 00:43:49,34,r/blackpeoplegifs,11,2018-05-17 04:51:32,2,0,3,0
8k00x2,2018-05-17 00:43:49,34,r/blackpeoplegifs,11,2018-05-17 03:25:45,1,0,8,0
8k00x2,2018-05-17 00:43:49,34,r/blackpeoplegifs,11,2018-05-17 03:51:44,1,0,4,0
8k00x2,2018-05-17 00:43:49,34,r/blackpeoplegifs,12,2018-05-17 02:07:30,0,2,12,0
8k00x2,2018-05-17 00:43:49,34,r/blackpeoplegifs,12,2018-05-17 02:16:30,1,0,6,0
8k00x2,2018-05-17 00:43:49,34,r/blackpeoplegifs,12,2018-05-17 03:52:42,1,0,1,0
8k00x2,2018-05-17 00:43:49,34,r/blackpeoplegifs,13,2018-05-17 02:34:13,0,1,12,0
8k00x2,2018-05-17 00:43:49,34,r/blackpeoplegifs,13,2018-05-17 02:51:37,1,1,9,0
8k00x2,2018-05-17 00:43:49,34,r/blackpeoplegifs,13,2018-05-17 04:19:44,2,0,1,0
8k00x2,2018-05-17 00:43:49,34,r/blackpeoplegifs,14,2018-05-17 01:46:14,0,0,11,0
8k00x2,2018-05-17 00:43:49,34,r/blackpeoplegifs,15,2018-05-17 02:35:50,0,1,4,0
8k00x2,2018-05-17 00:43:49,34,r/blackpeoplegifs,15,2018-05-17 04:01:55,1,0,4,0
8k00x2,2018-05-17 00:43:49,34,r/blackpeoplegifs,16,2018-05-17 04:02:01,0,1,4,0
8k00x2,2018-05-17 00:43:49,34,r/blackpeoplegifs,16,2018-05-17 04:06:40,1,0,2,0
8k00x2,2018-05-17 00:43:49,34,r/blackpeoplegifs,17,2018-05-17 04:05:09,0,0,4,0
8k00x2,2018-05-17 00:43:49,34,r/blackpeoplegifs,18,2018-05-17 04:17:58,0,1,4,0
8k00x2,2018-05-17 00:43:49,34,r/blackpeoplegifs,18,2018-05-17 04:24:58,1,0,1,0
8k00x2,2018-05-17 00:43:49,34,r/blackpeoplegifs,19,2018-05-17 01:45:32,0,2,11,0
8k00x2,2018-05-17 00:43:49,34,r/blackpeoplegifs,19,2018-05-17 01:57:57,1,0,6,0
8k00x2,2018-05-17 00:43:49,34,r/blackpeoplegifs,19,2018-05-17 05:05:32,1,0,1,0
8k00x2,2018-05-17 00:43:49,34,r/blackpeoplegifs,20,2018-05-17 03:20:41,0,0,4,0
8k00x2,2018-05-17 00:43:49,34,r/blackpeoplegifs,21,2018-05-17 02:59:38,0,2,2,0
8k00x2,2018-05-17 00:43:49,34,r/blackpeoplegifs,21,2018-05-17 03:54:00,1,0,2,0
8k00x2,2018-05-17 00:43:49,34,r/blackpeoplegifs,21,2018-05-17 03:12:37,1,0,1,0
8k00x2,2018-05-17 00:43:49,34,r/blackpeoplegifs,22,2018-05-17 03:19:21,0,1,2,0
8k00x2,2018-05-17 00:43:49,34,r/blackpeoplegifs,22,2018-05-17 03:58:04,1,0,1,0
8k00x2,2018-05-17 00:43:49,34,r/blackpeoplegifs,23,2018-05-17 04:10:48,0,1,2,0
8k00x2,2018-05-17 00:43:49,34,r/blackpeoplegifs,23,2018-05-17 05:04:53,1,0,2,0
8k00x2,2018-05-17 00:43:49,34,r/blackpeoplegifs,24,2018-05-17 04:16:35,0,0,2,0
8k00x2,2018-05-17 00:43:49,34,r/blackpeoplegifs,25,2018-05-17 04:22:53,0,0,2,0
8k00x2,2018-05-17 00:43:49,34,r/blackpeoplegifs,26,2018-05-17 05:06:06,0,1,2,0
8k00x2,2018-05-17 00:43:49,34,r/blackpeoplegifs,26,2018-05-17 05:07:32,1,0,1,0
8k00x2,2018-05-17 00:43:49,34,r/blackpeoplegifs,27,2018-05-17 05:07:32,0,0,2,0
8k00x2,2018-05-17 00:43:49,34,r/blackpeoplegifs,28,2018-05-17 01:35:09,0,0,4,0
8k00x2,2018-05-17 00:43:49,34,r/blackpeoplegifs,29,2018-05-17 02:40:48,0,0,4,0
8k00x2,2018-05-17 00:43:49,34,r/blackpeoplegifs,30,2018-05-17 02:04:03,0,0,2,0
8k00x2,2018-05-17 00:43:49,34,r/blackpeoplegifs,31,2018-05-17 02:44:10,0,0,1,0
8k00x2,2018-05-17 00:43:49,34,r/blackpeoplegifs,32,2018-05-17 02:58:16,0,0,1,0
8k00x2,2018-05-17 00:43:49,34,r/blackpeoplegifs,33,2018-05-17 02:58:23,0,0,1,0
8k00x2,2018-05-17 00:43:49,34,r/blackpeoplegifs,34,2018-05-17 03:19:41,0,0,1,0
8k00x2,2018-05-17 00:43:49,34,r/blackpeoplegifs,35,2018-05-17 03:20:43,0,0,1,0
8k00x2,2018-05-17 00:43:49,34,r/blackpeoplegifs,36,2018-05-17 03:33:43,0,0,1,0
8k00x2,2018-05-17 00:43:49,34,r/blackpeoplegifs,37,2018-05-17 03:34:17,0,0,1,0
8k00x2,2018-05-17 00:43:49,34,r/blackpeoplegifs,38,2018-05-17 03:48:43,0,0,1,0
8k00x2,2018-05-17 00:43:49,34,r/blackpeoplegifs,39,2018-05-17 03:52:04,0,0,1,0
8k00x2,2018-05-17 00:43:49,34,r/blackpeoplegifs,40,2018-05-17 03:53:09,0,0,1,0
8k00x2,2018-05-17 00:43:49,34,r/blackpeoplegifs,41,2018-05-17 03:56:15,0,0,1,0
8k00x2,2018-05-17 00:43:49,34,r/blackpeoplegifs,42,2018-05-17 04:07:02,0,0,1,0
8k00x2,2018-05-17 00:43:49,34,r/blackpeoplegifs,43,2018-05-17 04:13:34,0,1,1,0
8k00x2,2018-05-17 00:43:49,34,r/blackpeoplegifs,43,2018-05-17 04:17:38,1,0,3,0
8k00x2,2018-05-17 00:43:49,34,r/blackpeoplegifs,44,2018-05-17 04:14:45,0,0,1,0
8k00x2,2018-05-17 00:43:49,34,r/blackpeoplegifs,45,2018-05-17 04:15:18,0,0,1,0
8k00x2,2018-05-17 00:43:49,34,r/blackpeoplegifs,46,2018-05-17 04:18:49,0,0,1,0
8k00x2,2018-05-17 00:43:49,34,r/blackpeoplegifs,47,2018-05-17 04:36:19,0,0,1,0
8k00x2,2018-05-17 00:43:49,34,r/blackpeoplegifs,48,2018-05-17 04:39:04,0,0,1,0
8k00x2,2018-05-17 00:43:49,34,r/blackpeoplegifs,49,2018-05-17 04:49:16,0,0,1,0
8k00x2,2018-05-17 00:43:49,34,r/blackpeoplegifs,50,2018-05-17 04:50:00,0,0,1,0
8k00x2,2018-05-17 00:43:49,34,r/blackpeoplegifs,51,2018-05-17 04:51:56,0,0,1,0
8k00x2,2018-05-17 00:43:49,34,r/blackpeoplegifs,52,2018-05-17 04:58:26,0,0,1,0
8k00x2,2018-05-17 00:43:49,34,r/blackpeoplegifs,53,2018-05-17 05:13:12,0,0,1,0
8k00x2,2018-05-17 00:43:49,34,r/blackpeoplegifs,54,2018-05-17 05:13:57,0,0,1,0
8k00x2,2018-05-17 00:43:49,34,r/blackpeoplegifs,55,2018-05-17 05:17:04,0,0,1,0
8k00x2,2018-05-17 00:43:49,34,r/blackpeoplegifs,56,2018-05-17 05:18:46,0,0,1,0
8k00x2,2018-05-17 00:43:49,34,r/blackpeoplegifs,57,2018-05-17 05:19:53,0,0,1,0
8k00x2,2018-05-17 00:43:49,34,r/blackpeoplegifs,58,2018-05-17 03:28:59,0,1,1,0
8k00x2,2018-05-17 00:43:49,34,r/blackpeoplegifs,58,2018-05-17 03:36:30,1,0,3,0
8k00x2,2018-05-17 00:43:49,34,r/blackpeoplegifs,59,2018-05-17 04:45:21,0,0,1,0
8k00x2,2018-05-17 00:43:49,34,r/blackpeoplegifs,60,2018-05-17 04:38:39,0,0,0,0
8k00x2,2018-05-17 00:43:49,34,r/blackpeoplegifs,61,2018-05-17 04:22:11,0,1,-4,0
8k00x2,2018-05-17 00:43:49,34,r/blackpeoplegifs,61,2018-05-17 04:26:24,1,1,0,0
8k00x2,2018-05-17 00:43:49,34,r/blackpeoplegifs,61,2018-05-17 04:32:13,2,0,-3,0
8k00x2,2018-05-17 00:43:49,34,r/blackpeoplegifs,62,2018-05-17 03:19:13,0,0,0,0
8k00x2,2018-05-17 00:43:49,34,r/blackpeoplegifs,63,2018-05-17 04:16:25,0,0,0,0
8k00x2,2018-05-17 00:43:49,34,r/blackpeoplegifs,64,2018-05-17 02:59:08,0,2,-6,0
8k00x2,2018-05-17 00:43:49,34,r/blackpeoplegifs,64,2018-05-17 03:12:07,1,0,3,0
8k00x2,2018-05-17 00:43:49,34,r/blackpeoplegifs,64,2018-05-17 04:03:18,1,0,1,0
8jxxxn,2018-05-16 19:52:48,35,r/technology,0,2018-05-16 19:55:20,0,6,10205,0
8jxxxn,2018-05-16 19:52:48,35,r/technology,0,2018-05-16 20:07:06,1,18,9168,0
8jxxxn,2018-05-16 19:52:48,35,r/technology,0,2018-05-16 20:11:45,2,5,3278,0
8jxxxn,2018-05-16 19:52:48,35,r/technology,0,2018-05-16 20:13:34,3,4,1489,0
8jxxxn,2018-05-16 19:52:48,35,r/technology,0,2018-05-16 20:20:20,4,3,1441,0
8jxxxn,2018-05-16 19:52:48,35,r/technology,0,2018-05-16 20:22:42,5,4,1555,0
8jxxxn,2018-05-16 19:52:48,35,r/technology,0,2018-05-16 21:00:54,6,4,632,0
8jxxxn,2018-05-16 19:52:48,35,r/technology,0,2018-05-16 21:14:13,7,3,712,0
8jxxxn,2018-05-16 19:52:48,35,r/technology,0,2018-05-16 21:34:24,8,4,614,0
8jxxxn,2018-05-16 19:52:48,35,r/technology,0,2018-05-16 21:40:36,9,1,251,0
8jxxxn,2018-05-16 19:52:48,35,r/technology,0,2018-05-16 21:46:43,9,0,12,0
8jxxxn,2018-05-16 19:52:48,35,r/technology,0,2018-05-17 00:42:37,9,0,3,0
8jxxxn,2018-05-16 19:52:48,35,r/technology,0,2018-05-16 23:05:29,8,2,36,0
8jxxxn,2018-05-16 19:52:48,35,r/technology,0,2018-05-17 00:25:33,9,0,3,0
8jxxxn,2018-05-16 19:52:48,35,r/technology,0,2018-05-16 21:18:23,7,1,96,0
8jxxxn,2018-05-16 19:52:48,35,r/technology,0,2018-05-16 22:49:01,7,0,6,0
8jxxxn,2018-05-16 19:52:48,35,r/technology,0,2018-05-16 20:28:58,6,1,140,0
8jxxxn,2018-05-16 19:52:48,35,r/technology,0,2018-05-16 21:14:56,7,5,47,0
8jxxxn,2018-05-16 19:52:48,35,r/technology,0,2018-05-16 21:25:00,8,2,78,0
8jxxxn,2018-05-16 19:52:48,35,r/technology,0,2018-05-16 21:34:55,9,0,19,0
8jxxxn,2018-05-16 19:52:48,35,r/technology,0,2018-05-16 22:59:11,9,0,6,0
8jxxxn,2018-05-16 19:52:48,35,r/technology,0,2018-05-16 21:18:15,8,1,87,0
8jxxxn,2018-05-16 19:52:48,35,r/technology,0,2018-05-16 23:35:28,8,1,4,0
8jxxxn,2018-05-16 19:52:48,35,r/technology,0,2018-05-16 21:22:32,8,1,15,0
8jxxxn,2018-05-16 19:52:48,35,r/technology,0,2018-05-16 22:13:20,9,1,10,0
8jxxxn,2018-05-16 19:52:48,35,r/technology,0,2018-05-16 21:15:10,6,2,58,0
8jxxxn,2018-05-16 19:52:48,35,r/technology,0,2018-05-16 21:21:34,7,2,38,0
8jxxxn,2018-05-16 19:52:48,35,r/technology,0,2018-05-16 21:25:46,8,2,10,0
8jxxxn,2018-05-16 19:52:48,35,r/technology,0,2018-05-16 21:31:43,9,1,19,0
8jxxxn,2018-05-16 19:52:48,35,r/technology,0,2018-05-16 22:28:40,5,0,3,0
8jxxxn,2018-05-16 19:52:48,35,r/technology,0,2018-05-16 21:29:56,4,1,71,0
8jxxxn,2018-05-16 19:52:48,35,r/technology,0,2018-05-16 21:41:33,5,2,10,0
8jxxxn,2018-05-16 19:52:48,35,r/technology,0,2018-05-16 22:02:53,6,1,12,0
8jxxxn,2018-05-16 19:52:48,35,r/technology,0,2018-05-16 22:08:00,6,1,7,0
8jxxxn,2018-05-16 19:52:48,35,r/technology,0,2018-05-16 23:03:05,4,0,3,0
8jxxxn,2018-05-16 19:52:48,35,r/technology,0,2018-05-16 20:15:34,3,0,34,0
8jxxxn,2018-05-16 19:52:48,35,r/technology,0,2018-05-16 21:14:18,3,1,48,0
8jxxxn,2018-05-16 19:52:48,35,r/technology,0,2018-05-16 22:07:11,4,0,13,0
8jxxxn,2018-05-16 19:52:48,35,r/technology,0,2018-05-16 21:27:22,3,0,4,0
8jxxxn,2018-05-16 19:52:48,35,r/technology,0,2018-05-16 21:15:30,2,3,267,0
8jxxxn,2018-05-16 19:52:48,35,r/technology,0,2018-05-16 22:20:02,3,3,136,0
8jxxxn,2018-05-16 19:52:48,35,r/technology,0,2018-05-16 22:51:00,4,1,33,0
8jxxxn,2018-05-16 19:52:48,35,r/technology,0,2018-05-16 22:59:56,5,6,124,0
8jxxxn,2018-05-16 19:52:48,35,r/technology,0,2018-05-16 23:32:02,6,1,18,0
8jxxxn,2018-05-16 19:52:48,35,r/technology,0,2018-05-17 00:08:14,7,0,12,0
8jxxxn,2018-05-16 19:52:48,35,r/technology,0,2018-05-16 23:04:34,6,2,63,0
8jxxxn,2018-05-16 19:52:48,35,r/technology,0,2018-05-17 01:48:35,7,0,3,0
8jxxxn,2018-05-16 19:52:48,35,r/technology,0,2018-05-16 23:10:47,6,0,5,0
8jxxxn,2018-05-16 19:52:48,35,r/technology,0,2018-05-17 00:17:23,6,2,4,0
8jxxxn,2018-05-16 19:52:48,35,r/technology,0,2018-05-17 00:26:41,7,1,3,0
8jxxxn,2018-05-16 19:52:48,35,r/technology,0,2018-05-17 01:10:26,8,0,3,0
8jxxxn,2018-05-16 19:52:48,35,r/technology,0,2018-05-17 00:13:40,6,0,3,0
8jxxxn,2018-05-16 19:52:48,35,r/technology,0,2018-05-16 23:19:28,4,1,6,0
8jxxxn,2018-05-16 19:52:48,35,r/technology,0,2018-05-16 21:36:11,3,2,9,0
8jxxxn,2018-05-16 19:52:48,35,r/technology,0,2018-05-16 22:23:15,4,1,12,0
8jxxxn,2018-05-16 19:52:48,35,r/technology,0,2018-05-16 22:57:23,5,1,8,0
8jxxxn,2018-05-16 19:52:48,35,r/technology,0,2018-05-17 00:39:02,6,0,3,0
8jxxxn,2018-05-16 19:52:48,35,r/technology,0,2018-05-16 21:16:40,2,0,73,0
8jxxxn,2018-05-16 19:52:48,35,r/technology,0,2018-05-16 20:57:14,2,4,653,0
8jxxxn,2018-05-16 19:52:48,35,r/technology,0,2018-05-16 21:18:37,3,1,439,0
8jxxxn,2018-05-16 19:52:48,35,r/technology,0,2018-05-16 21:06:47,3,3,52,0
8jxxxn,2018-05-16 19:52:48,35,r/technology,0,2018-05-16 21:12:12,4,1,56,0
8jxxxn,2018-05-16 19:52:48,35,r/technology,0,2018-05-16 22:58:26,5,1,3,0
8jxxxn,2018-05-16 19:52:48,35,r/technology,0,2018-05-16 21:10:23,4,2,69,0
8jxxxn,2018-05-16 19:52:48,35,r/technology,0,2018-05-16 22:18:08,5,0,16,0
8jxxxn,2018-05-16 19:52:48,35,r/technology,0,2018-05-16 21:28:29,3,1,12,0
8jxxxn,2018-05-16 19:52:48,35,r/technology,0,2018-05-16 22:11:44,4,1,10,0
8jxxxn,2018-05-16 19:52:48,35,r/technology,0,2018-05-16 22:45:11,5,0,5,0
8jxxxn,2018-05-16 19:52:48,35,r/technology,0,2018-05-16 21:27:21,2,3,81,0
8jxxxn,2018-05-16 19:52:48,35,r/technology,0,2018-05-16 21:54:38,3,2,35,0
8jxxxn,2018-05-16 19:52:48,35,r/technology,0,2018-05-16 22:09:08,4,0,6,0
8jxxxn,2018-05-16 19:52:48,35,r/technology,0,2018-05-17 00:37:49,3,0,3,0
8jxxxn,2018-05-16 19:52:48,35,r/technology,0,2018-05-16 20:34:23,2,1,74,0
8jxxxn,2018-05-16 19:52:48,35,r/technology,0,2018-05-16 22:27:35,3,0,3,0
8jxxxn,2018-05-16 19:52:48,35,r/technology,0,2018-05-16 22:15:17,2,2,69,0
8jxxxn,2018-05-16 19:52:48,35,r/technology,0,2018-05-16 22:30:30,3,0,47,0
8jxxxn,2018-05-16 19:52:48,35,r/technology,0,2018-05-16 21:28:13,2,2,68,0
8jxxxn,2018-05-16 19:52:48,35,r/technology,0,2018-05-16 23:48:42,3,1,7,0
8jxxxn,2018-05-16 19:52:48,35,r/technology,0,2018-05-17 01:26:27,4,0,10,0
8jxxxn,2018-05-16 19:52:48,35,r/technology,0,2018-05-16 21:34:28,2,2,48,0
8jxxxn,2018-05-16 19:52:48,35,r/technology,0,2018-05-16 22:42:25,3,1,9,0
8jxxxn,2018-05-16 19:52:48,35,r/technology,0,2018-05-16 22:42:46,4,0,5,0
8jxxxn,2018-05-16 19:52:48,35,r/technology,0,2018-05-16 21:08:08,2,3,167,0
8jxxxn,2018-05-16 19:52:48,35,r/technology,0,2018-05-16 21:16:22,3,2,241,0
8jxxxn,2018-05-16 19:52:48,35,r/technology,0,2018-05-16 21:18:51,4,1,159,0
8jxxxn,2018-05-16 19:52:48,35,r/technology,0,2018-05-16 23:09:28,3,0,3,0
8jxxxn,2018-05-16 19:52:48,35,r/technology,0,2018-05-16 21:32:13,2,0,5,0
8jxxxn,2018-05-16 19:52:48,35,r/technology,0,2018-05-16 22:34:07,2,0,5,0
8jxxxn,2018-05-16 19:52:48,35,r/technology,0,2018-05-16 21:28:50,2,1,11,0
8jxxxn,2018-05-16 19:52:48,35,r/technology,0,2018-05-16 21:44:56,2,0,3,0
8jxxxn,2018-05-16 19:52:48,35,r/technology,0,2018-05-16 21:24:41,2,0,3,0
8jxxxn,2018-05-16 19:52:48,35,r/technology,0,2018-05-16 23:19:38,2,0,3,0
8jxxxn,2018-05-16 19:52:48,35,r/technology,0,2018-05-16 23:33:54,2,0,3,0
8jxxxn,2018-05-16 19:52:48,35,r/technology,0,2018-05-16 20:18:58,1,11,3953,0
8jxxxn,2018-05-16 19:52:48,35,r/technology,0,2018-05-16 20:26:23,2,4,1218,0
8jxxxn,2018-05-16 19:52:48,35,r/technology,0,2018-05-16 21:09:38,3,2,406,0
8jxxxn,2018-05-16 19:52:48,35,r/technology,0,2018-05-16 21:28:39,4,4,149,0
8jxxxn,2018-05-16 19:52:48,35,r/technology,0,2018-05-16 21:41:08,5,1,366,0
8jxxxn,2018-05-16 19:52:48,35,r/technology,0,2018-05-16 21:50:06,6,3,25,0
8jxxxn,2018-05-16 19:52:48,35,r/technology,0,2018-05-16 22:04:46,7,1,96,0
8jxxxn,2018-05-16 19:52:48,35,r/technology,0,2018-05-16 23:14:02,8,2,14,0
8jxxxn,2018-05-16 19:52:48,35,r/technology,0,2018-05-16 23:23:37,9,1,9,0
8jxxxn,2018-05-16 19:52:48,35,r/technology,0,2018-05-16 21:56:24,7,1,36,0
8jxxxn,2018-05-16 19:52:48,35,r/technology,0,2018-05-16 21:48:17,5,3,245,0
8jxxxn,2018-05-16 19:52:48,35,r/technology,0,2018-05-16 22:14:10,6,0,102,0
8jxxxn,2018-05-16 19:52:48,35,r/technology,0,2018-05-16 22:37:10,6,3,135,0
8jxxxn,2018-05-16 19:52:48,35,r/technology,0,2018-05-16 23:42:23,7,1,89,0
8jxxxn,2018-05-16 19:52:48,35,r/technology,0,2018-05-17 00:08:51,8,0,6,0
8jxxxn,2018-05-16 19:52:48,35,r/technology,0,2018-05-17 00:43:40,7,0,3,0
8jxxxn,2018-05-16 19:52:48,35,r/technology,0,2018-05-16 21:42:37,5,3,72,0
8jxxxn,2018-05-16 19:52:48,35,r/technology,0,2018-05-16 21:47:14,6,1,56,0
8jxxxn,2018-05-16 19:52:48,35,r/technology,0,2018-05-16 22:22:43,7,2,36,0
8jxxxn,2018-05-16 19:52:48,35,r/technology,0,2018-05-16 22:49:45,8,2,55,0
8jxxxn,2018-05-16 19:52:48,35,r/technology,0,2018-05-17 00:35:11,9,1,12,0
8jxxxn,2018-05-16 19:52:48,35,r/technology,0,2018-05-16 21:50:19,6,0,11,0
8jxxxn,2018-05-16 19:52:48,35,r/technology,0,2018-05-16 21:47:25,6,2,15,0
8jxxxn,2018-05-16 19:52:48,35,r/technology,0,2018-05-16 22:16:48,7,1,3,0
8jxxxn,2018-05-16 19:52:48,35,r/technology,0,2018-05-16 22:19:22,8,1,10,0
8jxxxn,2018-05-16 19:52:48,35,r/technology,0,2018-05-16 21:51:05,3,1,55,0
8jxxxn,2018-05-16 19:52:48,35,r/technology,0,2018-05-16 21:57:57,3,0,9,0
8jxxxn,2018-05-16 19:52:48,35,r/technology,0,2018-05-16 21:38:48,2,3,132,0
8jxxxn,2018-05-16 19:52:48,35,r/technology,0,2018-05-16 21:44:14,3,1,70,0
8jxxxn,2018-05-16 19:52:48,35,r/technology,0,2018-05-16 22:11:21,4,2,43,0
8jxxxn,2018-05-16 19:52:48,35,r/technology,0,2018-05-17 00:45:36,5,0,3,0
8jxxxn,2018-05-16 19:52:48,35,r/technology,0,2018-05-16 22:19:55,3,0,5,0
8jxxxn,2018-05-16 19:52:48,35,r/technology,0,2018-05-16 21:51:40,2,2,71,0
8jxxxn,2018-05-16 19:52:48,35,r/technology,0,2018-05-16 22:15:06,3,1,50,0
8jxxxn,2018-05-16 19:52:48,35,r/technology,0,2018-05-16 21:45:41,2,0,10,0
8jxxxn,2018-05-16 19:52:48,35,r/technology,0,2018-05-16 22:00:31,2,1,15,0
8jxxxn,2018-05-16 19:52:48,35,r/technology,0,2018-05-16 21:59:14,2,1,3,0
8jxxxn,2018-05-16 19:52:48,35,r/technology,0,2018-05-16 22:23:51,3,1,3,0
8jxxxn,2018-05-16 19:52:48,35,r/technology,0,2018-05-16 21:50:14,2,1,8,0
8jxxxn,2018-05-16 19:52:48,35,r/technology,0,2018-05-16 21:46:02,2,0,3,0
8jxxxn,2018-05-16 19:52:48,35,r/technology,0,2018-05-16 22:28:48,2,0,3,0
8jxxxn,2018-05-16 19:52:48,35,r/technology,0,2018-05-16 21:48:29,2,0,6,0
8jxxxn,2018-05-16 19:52:48,35,r/technology,0,2018-05-16 21:41:52,1,3,79,0
8jxxxn,2018-05-16 19:52:48,35,r/technology,0,2018-05-16 23:17:42,2,1,135,0
8jxxxn,2018-05-16 19:52:48,35,r/technology,0,2018-05-16 23:40:33,2,0,25,0
8jxxxn,2018-05-16 19:52:48,35,r/technology,0,2018-05-16 19:57:45,1,2,104,0
8jxxxn,2018-05-16 19:52:48,35,r/technology,0,2018-05-16 20:32:07,2,8,261,0
8jxxxn,2018-05-16 19:52:48,35,r/technology,0,2018-05-16 20:36:16,3,5,180,0
8jxxxn,2018-05-16 19:52:48,35,r/technology,0,2018-05-16 21:08:29,4,1,126,0
8jxxxn,2018-05-16 19:52:48,35,r/technology,0,2018-05-16 20:52:26,4,2,176,0
8jxxxn,2018-05-16 19:52:48,35,r/technology,0,2018-05-16 22:15:49,5,0,11,0
8jxxxn,2018-05-16 19:52:48,35,r/technology,0,2018-05-16 22:42:25,5,0,7,0
8jxxxn,2018-05-16 19:52:48,35,r/technology,0,2018-05-16 22:18:19,4,1,7,0
8jxxxn,2018-05-16 19:52:48,35,r/technology,0,2018-05-16 22:47:30,5,1,7,0
8jxxxn,2018-05-16 19:52:48,35,r/technology,0,2018-05-16 21:17:23,4,1,5,0
8jxxxn,2018-05-16 19:52:48,35,r/technology,0,2018-05-16 21:36:17,5,1,13,0
8jxxxn,2018-05-16 19:52:48,35,r/technology,0,2018-05-16 22:13:23,6,1,11,0
8jxxxn,2018-05-16 19:52:48,35,r/technology,0,2018-05-16 21:10:52,3,1,8,0
8jxxxn,2018-05-16 19:52:48,35,r/technology,0,2018-05-16 22:45:31,4,0,4,0
8jxxxn,2018-05-16 19:52:48,35,r/technology,0,2018-05-16 22:22:32,3,0,5,0
8jxxxn,2018-05-16 19:52:48,35,r/technology,0,2018-05-16 21:14:01,3,2,13,0
8jxxxn,2018-05-16 19:52:48,35,r/technology,0,2018-05-16 21:39:59,4,1,7,0
8jxxxn,2018-05-16 19:52:48,35,r/technology,0,2018-05-16 21:42:04,5,1,11,0
8jxxxn,2018-05-16 19:52:48,35,r/technology,0,2018-05-16 21:50:10,6,1,9,0
8jxxxn,2018-05-16 19:52:48,35,r/technology,0,2018-05-16 21:54:25,7,1,8,0
8jxxxn,2018-05-16 19:52:48,35,r/technology,0,2018-05-16 22:08:10,3,0,5,0
8jxxxn,2018-05-16 19:52:48,35,r/technology,0,2018-05-16 20:52:31,3,0,7,0
8jxxxn,2018-05-16 19:52:48,35,r/technology,0,2018-05-16 21:08:54,3,2,4,0
8jxxxn,2018-05-16 19:52:48,35,r/technology,0,2018-05-16 21:14:38,4,0,11,0
8jxxxn,2018-05-16 19:52:48,35,r/technology,0,2018-05-16 21:40:41,1,1,3,0
8jxxxn,2018-05-16 19:52:48,35,r/technology,0,2018-05-16 21:44:33,2,1,4,0
8jxxxn,2018-05-16 19:52:48,35,r/technology,1,2018-05-16 20:34:41,0,4,2960,1
8jxxxn,2018-05-16 19:52:48,35,r/technology,1,2018-05-16 23:27:16,1,6,263,0
8jxxxn,2018-05-16 19:52:48,35,r/technology,1,2018-05-16 23:49:07,2,3,278,0
8jxxxn,2018-05-16 19:52:48,35,r/technology,1,2018-05-16 23:52:45,3,0,69,0
8jxxxn,2018-05-16 19:52:48,35,r/technology,1,2018-05-17 00:26:34,3,1,36,0
8jxxxn,2018-05-16 19:52:48,35,r/technology,1,2018-05-17 02:54:16,4,0,3,0
8jxxxn,2018-05-16 19:52:48,35,r/technology,1,2018-05-16 23:50:59,2,1,29,0
8jxxxn,2018-05-16 19:52:48,35,r/technology,1,2018-05-17 00:15:03,2,0,5,0
8jxxxn,2018-05-16 19:52:48,35,r/technology,1,2018-05-17 00:56:03,2,1,6,0
8jxxxn,2018-05-16 19:52:48,35,r/technology,1,2018-05-17 00:06:20,2,0,3,0
8jxxxn,2018-05-16 19:52:48,35,r/technology,1,2018-05-16 23:46:01,1,1,34,0
8jxxxn,2018-05-16 19:52:48,35,r/technology,1,2018-05-17 00:31:08,2,0,7,0
8jxxxn,2018-05-16 19:52:48,35,r/technology,1,2018-05-16 23:03:35,1,2,32,0
8jxxxn,2018-05-16 19:52:48,35,r/technology,1,2018-05-16 23:17:24,2,0,31,0
8jxxxn,2018-05-16 19:52:48,35,r/technology,2,2018-05-16 20:14:37,0,7,6138,0
8jxxxn,2018-05-16 19:52:48,35,r/technology,2,2018-05-16 20:25:11,1,3,1135,0
8jxxxn,2018-05-16 19:52:48,35,r/technology,2,2018-05-16 20:27:21,2,5,1903,0
8jxxxn,2018-05-16 19:52:48,35,r/technology,2,2018-05-16 20:31:19,3,6,809,0
8jxxxn,2018-05-16 19:52:48,35,r/technology,2,2018-05-16 20:47:08,4,3,245,0
8jxxxn,2018-05-16 19:52:48,35,r/technology,2,2018-05-16 21:07:05,5,2,505,0
8jxxxn,2018-05-16 19:52:48,35,r/technology,2,2018-05-16 21:37:01,6,2,223,0
8jxxxn,2018-05-16 19:52:48,35,r/technology,2,2018-05-16 21:58:27,7,9,216,0
8jxxxn,2018-05-16 19:52:48,35,r/technology,2,2018-05-16 22:06:26,8,2,344,0
8jxxxn,2018-05-16 19:52:48,35,r/technology,2,2018-05-16 23:03:14,9,1,87,0
8jxxxn,2018-05-16 19:52:48,35,r/technology,2,2018-05-17 02:14:20,9,0,4,0
8jxxxn,2018-05-16 19:52:48,35,r/technology,2,2018-05-16 22:01:25,8,1,177,0
8jxxxn,2018-05-16 19:52:48,35,r/technology,2,2018-05-16 22:13:38,8,1,42,0
8jxxxn,2018-05-16 19:52:48,35,r/technology,2,2018-05-16 22:08:04,8,1,17,0
8jxxxn,2018-05-16 19:52:48,35,r/technology,2,2018-05-16 22:12:53,9,0,8,0
8jxxxn,2018-05-16 19:52:48,35,r/technology,2,2018-05-16 22:58:49,8,0,14,0
8jxxxn,2018-05-16 19:52:48,35,r/technology,2,2018-05-16 22:10:57,8,1,8,0
8jxxxn,2018-05-16 19:52:48,35,r/technology,2,2018-05-16 22:47:19,8,0,4,0
8jxxxn,2018-05-16 19:52:48,35,r/technology,2,2018-05-16 22:54:25,8,0,4,0
8jxxxn,2018-05-16 19:52:48,35,r/technology,2,2018-05-16 21:21:53,5,2,81,0
8jxxxn,2018-05-16 19:52:48,35,r/technology,2,2018-05-16 21:30:29,6,1,37,0
8jxxxn,2018-05-16 19:52:48,35,r/technology,2,2018-05-16 22:07:52,4,0,7,0
8jxxxn,2018-05-16 19:52:48,35,r/technology,2,2018-05-16 21:32:16,4,1,8,0
8jxxxn,2018-05-16 19:52:48,35,r/technology,2,2018-05-16 22:13:08,5,0,8,0
8jxxxn,2018-05-16 19:52:48,35,r/technology,2,2018-05-16 22:31:44,4,0,3,0
8jxxxn,2018-05-16 19:52:48,35,r/technology,2,2018-05-17 00:49:35,4,0,3,0
8jxxxn,2018-05-16 19:52:48,35,r/technology,2,2018-05-16 21:28:18,3,3,120,0
8jxxxn,2018-05-16 19:52:48,35,r/technology,2,2018-05-16 21:36:56,4,0,30,0
8jxxxn,2018-05-16 19:52:48,35,r/technology,2,2018-05-16 22:03:03,4,1,17,0
8jxxxn,2018-05-16 19:52:48,35,r/technology,2,2018-05-16 23:11:07,5,0,5,0
8jxxxn,2018-05-16 19:52:48,35,r/technology,2,2018-05-16 22:01:41,4,0,8,0
8jxxxn,2018-05-16 19:52:48,35,r/technology,2,2018-05-16 21:40:38,3,0,9,0
8jxxxn,2018-05-16 19:52:48,35,r/technology,2,2018-05-16 21:41:56,3,2,9,0
8jxxxn,2018-05-16 19:52:48,35,r/technology,2,2018-05-16 22:15:51,4,0,8,0
8jxxxn,2018-05-16 19:52:48,35,r/technology,2,2018-05-16 22:35:06,4,1,3,0
8jxxxn,2018-05-16 19:52:48,35,r/technology,2,2018-05-16 21:37:36,2,2,21,0
8jxxxn,2018-05-16 19:52:48,35,r/technology,2,2018-05-16 21:47:26,3,1,16,0
8jxxxn,2018-05-16 19:52:48,35,r/technology,2,2018-05-16 21:15:36,1,3,36,0
8jxxxn,2018-05-16 19:52:48,35,r/technology,2,2018-05-16 22:10:08,2,0,3,0
8jxxxn,2018-05-16 19:52:48,35,r/technology,2,2018-05-16 23:35:29,2,1,3,0
8jxxxn,2018-05-16 19:52:48,35,r/technology,2,2018-05-16 21:29:34,1,0,9,0
8jxxxn,2018-05-16 19:52:48,35,r/technology,2,2018-05-16 22:26:18,1,1,4,0
8jxxxn,2018-05-16 19:52:48,35,r/technology,2,2018-05-16 22:06:04,1,0,3,0
8jxxxn,2018-05-16 19:52:48,35,r/technology,2,2018-05-16 23:59:42,1,0,3,0
8jxxxn,2018-05-16 19:52:48,35,r/technology,3,2018-05-16 20:00:58,0,5,4522,0
8jxxxn,2018-05-16 19:52:48,35,r/technology,3,2018-05-16 20:38:18,1,3,537,0
8jxxxn,2018-05-16 19:52:48,35,r/technology,3,2018-05-16 21:30:51,2,2,216,0
8jxxxn,2018-05-16 19:52:48,35,r/technology,3,2018-05-16 22:08:12,3,2,267,0
8jxxxn,2018-05-16 19:52:48,35,r/technology,3,2018-05-17 02:27:45,4,0,15,0
8jxxxn,2018-05-16 19:52:48,35,r/technology,3,2018-05-16 21:58:02,2,1,59,0
8jxxxn,2018-05-16 19:52:48,35,r/technology,3,2018-05-17 00:21:49,3,0,5,0
8jxxxn,2018-05-16 19:52:48,35,r/technology,3,2018-05-16 20:28:21,1,2,124,0
8jxxxn,2018-05-16 19:52:48,35,r/technology,3,2018-05-16 21:14:54,2,1,86,0
8jxxxn,2018-05-16 19:52:48,35,r/technology,3,2018-05-16 21:50:37,2,0,9,0
8jxxxn,2018-05-16 19:52:48,35,r/technology,3,2018-05-16 20:27:26,1,4,1742,0
8jxxxn,2018-05-16 19:52:48,35,r/technology,3,2018-05-16 20:35:25,2,4,1371,0
8jxxxn,2018-05-16 19:52:48,35,r/technology,3,2018-05-16 21:11:14,3,2,642,0
8jxxxn,2018-05-16 19:52:48,35,r/technology,3,2018-05-16 21:16:51,4,4,118,0
8jxxxn,2018-05-16 19:52:48,35,r/technology,3,2018-05-16 21:39:37,5,4,72,0
8jxxxn,2018-05-16 19:52:48,35,r/technology,3,2018-05-16 21:49:01,6,4,103,0
8jxxxn,2018-05-16 19:52:48,35,r/technology,3,2018-05-16 22:19:39,7,0,27,0
8jxxxn,2018-05-16 19:52:48,35,r/technology,3,2018-05-16 22:13:10,7,0,19,0
8jxxxn,2018-05-16 19:52:48,35,r/technology,3,2018-05-17 00:15:46,7,0,3,0
8jxxxn,2018-05-16 19:52:48,35,r/technology,3,2018-05-16 21:45:09,6,1,10,0
8jxxxn,2018-05-16 19:52:48,35,r/technology,3,2018-05-16 22:43:42,6,1,3,0
8jxxxn,2018-05-16 19:52:48,35,r/technology,3,2018-05-16 21:34:05,5,0,9,0
8jxxxn,2018-05-16 19:52:48,35,r/technology,3,2018-05-16 22:03:49,5,0,3,0
8jxxxn,2018-05-16 19:52:48,35,r/technology,3,2018-05-16 22:17:51,3,1,9,0
8jxxxn,2018-05-16 19:52:48,35,r/technology,3,2018-05-16 22:43:56,3,1,5,0
8jxxxn,2018-05-16 19:52:48,35,r/technology,3,2018-05-16 21:59:42,2,0,11,0
8jxxxn,2018-05-16 19:52:48,35,r/technology,3,2018-05-16 22:20:23,2,0,7,0
8jxxxn,2018-05-16 19:52:48,35,r/technology,3,2018-05-16 20:28:42,1,2,26,0
8jxxxn,2018-05-16 19:52:48,35,r/technology,3,2018-05-16 20:53:28,2,1,89,0
8jxxxn,2018-05-16 19:52:48,35,r/technology,4,2018-05-16 20:16:21,0,4,1552,0
8jxxxn,2018-05-16 19:52:48,35,r/technology,4,2018-05-16 20:27:01,1,3,546,0
8jxxxn,2018-05-16 19:52:48,35,r/technology,4,2018-05-16 20:53:34,2,1,153,0
8jxxxn,2018-05-16 19:52:48,35,r/technology,4,2018-05-16 22:08:28,3,0,87,0
8jxxxn,2018-05-16 19:52:48,35,r/technology,4,2018-05-16 21:41:02,2,2,14,0
8jxxxn,2018-05-16 19:52:48,35,r/technology,4,2018-05-16 22:10:06,3,2,9,0
8jxxxn,2018-05-16 19:52:48,35,r/technology,4,2018-05-16 22:13:43,4,0,11,0
8jxxxn,2018-05-16 19:52:48,35,r/technology,4,2018-05-16 20:59:58,1,4,115,0
8jxxxn,2018-05-16 19:52:48,35,r/technology,4,2018-05-16 21:46:46,2,2,55,0
8jxxxn,2018-05-16 19:52:48,35,r/technology,4,2018-05-16 22:39:04,3,1,6,0
8jxxxn,2018-05-16 19:52:48,35,r/technology,4,2018-05-16 22:26:43,2,1,5,0
8jxxxn,2018-05-16 19:52:48,35,r/technology,4,2018-05-16 21:35:55,2,1,15,0
8jxxxn,2018-05-16 19:52:48,35,r/technology,4,2018-05-16 21:33:41,1,0,2,0
8jxxxn,2018-05-16 19:52:48,35,r/technology,5,2018-05-16 20:27:51,0,4,278,0
8jxxxn,2018-05-16 19:52:48,35,r/technology,5,2018-05-16 21:42:24,1,1,166,0
8jxxxn,2018-05-16 19:52:48,35,r/technology,5,2018-05-16 22:40:23,2,2,64,0
8jxxxn,2018-05-16 19:52:48,35,r/technology,5,2018-05-17 00:05:25,3,1,6,0
8jxxxn,2018-05-16 19:52:48,35,r/technology,5,2018-05-17 00:11:44,4,0,3,0
8jxxxn,2018-05-16 19:52:48,35,r/technology,5,2018-05-16 23:17:22,1,0,5,0
8jxxxn,2018-05-16 19:52:48,35,r/technology,5,2018-05-17 00:55:30,1,0,3,0
8jxxxn,2018-05-16 19:52:48,35,r/technology,6,2018-05-16 20:13:39,0,3,437,0
8jxxxn,2018-05-16 19:52:48,35,r/technology,6,2018-05-16 21:18:45,1,3,47,0
8jxxxn,2018-05-16 19:52:48,35,r/technology,6,2018-05-16 21:30:02,2,0,28,0
8jxxxn,2018-05-16 19:52:48,35,r/technology,6,2018-05-16 21:27:16,2,0,15,0
8jxxxn,2018-05-16 19:52:48,35,r/technology,6,2018-05-16 20:47:50,1,2,86,0
8jxxxn,2018-05-16 19:52:48,35,r/technology,6,2018-05-16 20:58:20,2,2,58,0
8jxxxn,2018-05-16 19:52:48,35,r/technology,6,2018-05-16 21:12:22,3,1,51,0
8jxxxn,2018-05-16 19:52:48,35,r/technology,6,2018-05-16 21:25:33,4,0,6,0
8jxxxn,2018-05-16 19:52:48,35,r/technology,7,2018-05-16 20:18:53,0,4,468,0
8jxxxn,2018-05-16 19:52:48,35,r/technology,7,2018-05-16 21:17:42,1,3,229,0
8jxxxn,2018-05-16 19:52:48,35,r/technology,7,2018-05-16 21:35:16,2,0,109,0
8jxxxn,2018-05-16 19:52:48,35,r/technology,7,2018-05-17 00:35:42,2,0,3,0
8jxxxn,2018-05-16 19:52:48,35,r/technology,7,2018-05-16 21:10:01,1,1,26,0
8jxxxn,2018-05-16 19:52:48,35,r/technology,7,2018-05-16 21:24:49,1,0,5,0
8jxxxn,2018-05-16 19:52:48,35,r/technology,8,2018-05-16 20:48:19,0,3,188,0
8jxxxn,2018-05-16 19:52:48,35,r/technology,8,2018-05-16 21:56:23,1,2,27,0
8jxxxn,2018-05-16 19:52:48,35,r/technology,8,2018-05-16 23:09:05,2,1,14,0
8jxxxn,2018-05-16 19:52:48,35,r/technology,8,2018-05-16 23:11:51,3,1,3,0
8jxxxn,2018-05-16 19:52:48,35,r/technology,8,2018-05-16 23:15:01,4,0,4,0
8jxxxn,2018-05-16 19:52:48,35,r/technology,8,2018-05-16 21:50:23,1,0,4,0
8jxxxn,2018-05-16 19:52:48,35,r/technology,9,2018-05-16 20:48:22,0,3,159,0
8jxxxn,2018-05-16 19:52:48,35,r/technology,9,2018-05-16 21:09:41,1,1,45,0
8jxxxn,2018-05-16 19:52:48,35,r/technology,9,2018-05-16 22:23:27,1,0,10,0
8jxxxn,2018-05-16 19:52:48,35,r/technology,10,2018-05-16 19:56:20,0,10,11932,1
8jxxxn,2018-05-16 19:52:48,35,r/technology,10,2018-05-16 21:16:18,1,4,954,0
8jxxxn,2018-05-16 19:52:48,35,r/technology,10,2018-05-16 21:45:00,2,7,360,0
8jxxxn,2018-05-16 19:52:48,35,r/technology,10,2018-05-16 22:29:43,3,0,60,0
8jxxxn,2018-05-16 19:52:48,35,r/technology,10,2018-05-16 22:36:27,3,4,161,0
8jxxxn,2018-05-16 19:52:48,35,r/technology,10,2018-05-16 23:39:16,4,0,27,0
8jxxxn,2018-05-16 19:52:48,35,r/technology,10,2018-05-17 00:26:18,4,1,10,0
8jxxxn,2018-05-16 19:52:48,35,r/technology,10,2018-05-17 01:11:35,4,0,6,0
8jxxxn,2018-05-16 19:52:48,35,r/technology,10,2018-05-17 00:44:27,3,0,4,0
8jxxxn,2018-05-16 19:52:48,35,r/technology,10,2018-05-17 01:40:48,3,0,4,0
8jxxxn,2018-05-16 19:52:48,35,r/technology,10,2018-05-16 22:16:56,3,2,5,0
8jxxxn,2018-05-16 19:52:48,35,r/technology,10,2018-05-16 22:55:59,4,0,6,0
8jxxxn,2018-05-16 19:52:48,35,r/technology,10,2018-05-16 23:26:56,3,1,3,0
8jxxxn,2018-05-16 19:52:48,35,r/technology,10,2018-05-16 23:43:27,4,0,7,0
8jxxxn,2018-05-16 19:52:48,35,r/technology,10,2018-05-16 21:32:44,2,2,440,0
8jxxxn,2018-05-16 19:52:48,35,r/technology,10,2018-05-16 21:48:07,3,3,273,0
8jxxxn,2018-05-16 19:52:48,35,r/technology,10,2018-05-16 21:56:25,4,3,244,0
8jxxxn,2018-05-16 19:52:48,35,r/technology,10,2018-05-16 22:39:29,5,1,25,0
8jxxxn,2018-05-16 19:52:48,35,r/technology,10,2018-05-16 23:09:41,6,1,14,0
8jxxxn,2018-05-16 19:52:48,35,r/technology,10,2018-05-16 22:47:25,5,0,7,0
8jxxxn,2018-05-16 19:52:48,35,r/technology,10,2018-05-16 22:45:01,4,1,13,0
8jxxxn,2018-05-16 19:52:48,35,r/technology,10,2018-05-16 21:43:24,2,0,3,0
8jxxxn,2018-05-16 19:52:48,35,r/technology,10,2018-05-16 20:14:09,1,2,161,0
8jxxxn,2018-05-16 19:52:48,35,r/technology,10,2018-05-16 20:19:47,2,1,35,0
8jxxxn,2018-05-16 19:52:48,35,r/technology,10,2018-05-16 20:26:15,3,1,98,0
8jxxxn,2018-05-16 19:52:48,35,r/technology,10,2018-05-16 20:09:25,1,16,4684,0
8jxxxn,2018-05-16 19:52:48,35,r/technology,10,2018-05-16 21:30:23,2,2,36,0
8jxxxn,2018-05-16 19:52:48,35,r/technology,10,2018-05-16 23:13:13,3,1,6,0
8jxxxn,2018-05-16 19:52:48,35,r/technology,10,2018-05-16 23:16:44,4,0,3,0
8jxxxn,2018-05-16 19:52:48,35,r/technology,10,2018-05-16 20:22:11,2,3,228,0
8jxxxn,2018-05-16 19:52:48,35,r/technology,10,2018-05-16 20:54:12,3,0,50,0
8jxxxn,2018-05-16 19:52:48,35,r/technology,10,2018-05-16 21:51:03,3,1,6,0
8jxxxn,2018-05-16 19:52:48,35,r/technology,10,2018-05-16 22:36:12,4,1,4,0
8jxxxn,2018-05-16 19:52:48,35,r/technology,10,2018-05-16 20:16:48,2,5,1966,0
8jxxxn,2018-05-16 19:52:48,35,r/technology,10,2018-05-16 20:52:09,3,4,379,0
8jxxxn,2018-05-16 19:52:48,35,r/technology,10,2018-05-16 21:20:28,4,4,136,0
8jxxxn,2018-05-16 19:52:48,35,r/technology,10,2018-05-16 21:53:31,5,1,40,0
8jxxxn,2018-05-16 19:52:48,35,r/technology,10,2018-05-16 23:34:55,6,1,6,0
8jxxxn,2018-05-16 19:52:48,35,r/technology,10,2018-05-17 01:31:05,7,1,3,0
8jxxxn,2018-05-16 19:52:48,35,r/technology,10,2018-05-17 01:36:05,8,1,3,0
8jxxxn,2018-05-16 19:52:48,35,r/technology,10,2018-05-16 21:30:56,5,1,79,0
8jxxxn,2018-05-16 19:52:48,35,r/technology,10,2018-05-16 22:10:33,5,0,3,0
8jxxxn,2018-05-16 19:52:48,35,r/technology,10,2018-05-16 21:06:22,4,3,214,0
8jxxxn,2018-05-16 19:52:48,35,r/technology,10,2018-05-16 21:17:46,5,4,196,0
8jxxxn,2018-05-16 19:52:48,35,r/technology,10,2018-05-16 21:27:54,6,3,64,0
8jxxxn,2018-05-16 19:52:48,35,r/technology,10,2018-05-16 21:40:16,7,1,7,0
8jxxxn,2018-05-16 19:52:48,35,r/technology,10,2018-05-16 21:51:09,8,0,13,0
8jxxxn,2018-05-16 19:52:48,35,r/technology,10,2018-05-16 21:38:52,7,3,24,0
8jxxxn,2018-05-16 19:52:48,35,r/technology,10,2018-05-16 22:09:14,8,2,10,0
8jxxxn,2018-05-16 19:52:48,35,r/technology,10,2018-05-16 22:13:18,9,0,3,0
8jxxxn,2018-05-16 19:52:48,35,r/technology,10,2018-05-16 21:59:22,8,0,3,0
8jxxxn,2018-05-16 19:52:48,35,r/technology,10,2018-05-16 21:37:50,6,1,4,0
8jxxxn,2018-05-16 19:52:48,35,r/technology,10,2018-05-16 21:56:22,7,0,5,0
8jxxxn,2018-05-16 19:52:48,35,r/technology,10,2018-05-17 03:02:07,6,1,3,0
8jxxxn,2018-05-16 19:52:48,35,r/technology,10,2018-05-16 21:25:46,5,1,4,0
8jxxxn,2018-05-16 19:52:48,35,r/technology,10,2018-05-16 21:14:41,4,2,23,0
8jxxxn,2018-05-16 19:52:48,35,r/technology,10,2018-05-16 21:19:42,5,2,46,0
8jxxxn,2018-05-16 19:52:48,35,r/technology,10,2018-05-16 21:26:44,6,2,47,0
8jxxxn,2018-05-16 19:52:48,35,r/technology,10,2018-05-16 22:20:58,7,2,11,0
8jxxxn,2018-05-16 19:52:48,35,r/technology,10,2018-05-16 23:11:18,8,1,6,0
8jxxxn,2018-05-16 19:52:48,35,r/technology,10,2018-05-16 20:39:24,3,5,724,0
8jxxxn,2018-05-16 19:52:48,35,r/technology,10,2018-05-16 20:55:33,4,4,1383,1
8jxxxn,2018-05-16 19:52:48,35,r/technology,10,2018-05-16 21:09:24,5,2,185,0
8jxxxn,2018-05-16 19:52:48,35,r/technology,10,2018-05-16 21:21:38,6,3,331,0
8jxxxn,2018-05-16 19:52:48,35,r/technology,10,2018-05-16 21:35:08,7,1,46,0
8jxxxn,2018-05-16 19:52:48,35,r/technology,10,2018-05-16 21:57:45,8,2,83,0
8jxxxn,2018-05-16 19:52:48,35,r/technology,10,2018-05-16 23:15:57,9,1,4,0
8jxxxn,2018-05-16 19:52:48,35,r/technology,10,2018-05-16 21:30:03,7,4,49,0
8jxxxn,2018-05-16 19:52:48,35,r/technology,10,2018-05-16 22:17:04,8,2,144,0
8jxxxn,2018-05-16 19:52:48,35,r/technology,10,2018-05-16 22:35:32,9,0,7,0
8jxxxn,2018-05-16 19:52:48,35,r/technology,10,2018-05-16 22:28:08,8,0,11,0
8jxxxn,2018-05-16 19:52:48,35,r/technology,10,2018-05-16 23:55:29,8,0,3,0
8jxxxn,2018-05-16 19:52:48,35,r/technology,10,2018-05-16 21:53:28,5,2,13,0
8jxxxn,2018-05-16 19:52:48,35,r/technology,10,2018-05-16 22:33:47,6,1,3,0
8jxxxn,2018-05-16 19:52:48,35,r/technology,10,2018-05-16 21:14:41,5,0,14,0
8jxxxn,2018-05-16 19:52:48,35,r/technology,10,2018-05-16 23:28:42,4,1,4,0
8jxxxn,2018-05-16 19:52:48,35,r/technology,10,2018-05-16 20:46:25,4,3,80,0
8jxxxn,2018-05-16 19:52:48,35,r/technology,10,2018-05-16 21:14:12,5,1,44,0
8jxxxn,2018-05-16 19:52:48,35,r/technology,10,2018-05-16 21:32:47,5,0,3,0
8jxxxn,2018-05-16 19:52:48,35,r/technology,10,2018-05-16 23:13:33,4,1,3,0
8jxxxn,2018-05-16 19:52:48,35,r/technology,10,2018-05-16 23:08:32,3,0,4,0
8jxxxn,2018-05-16 19:52:48,35,r/technology,10,2018-05-16 21:20:45,3,1,32,0
8jxxxn,2018-05-16 19:52:48,35,r/technology,10,2018-05-16 21:28:15,2,1,70,0
8jxxxn,2018-05-16 19:52:48,35,r/technology,10,2018-05-16 20:29:44,2,1,93,0
8jxxxn,2018-05-16 19:52:48,35,r/technology,10,2018-05-16 21:42:35,2,0,3,0
8jxxxn,2018-05-16 19:52:48,35,r/technology,10,2018-05-16 21:46:58,2,0,3,0
8jxxxn,2018-05-16 19:52:48,35,r/technology,10,2018-05-16 21:52:19,2,0,3,0
8jxxxn,2018-05-16 19:52:48,35,r/technology,10,2018-05-16 22:40:12,2,1,3,0
8jxxxn,2018-05-16 19:52:48,35,r/technology,10,2018-05-16 23:10:40,2,0,3,0
8jxxxn,2018-05-16 19:52:48,35,r/technology,10,2018-05-16 23:39:02,2,0,3,0
8jxxxn,2018-05-16 19:52:48,35,r/technology,10,2018-05-16 23:39:08,2,0,3,0
8jxxxn,2018-05-16 19:52:48,35,r/technology,10,2018-05-16 21:04:51,2,3,48,0
8jxxxn,2018-05-16 19:52:48,35,r/technology,10,2018-05-16 21:37:45,3,2,42,0
8jxxxn,2018-05-16 19:52:48,35,r/technology,10,2018-05-16 22:20:24,4,0,10,0
8jxxxn,2018-05-16 19:52:48,35,r/technology,10,2018-05-16 21:14:19,3,2,29,0
8jxxxn,2018-05-16 19:52:48,35,r/technology,10,2018-05-16 21:21:06,4,3,56,0
8jxxxn,2018-05-16 19:52:48,35,r/technology,10,2018-05-16 21:49:28,5,0,5,0
8jxxxn,2018-05-16 19:52:48,35,r/technology,10,2018-05-16 22:03:56,5,0,4,0
8jxxxn,2018-05-16 19:52:48,35,r/technology,10,2018-05-16 23:14:46,5,0,3,0
8jxxxn,2018-05-16 19:52:48,35,r/technology,10,2018-05-16 21:30:48,2,0,5,0
8jxxxn,2018-05-16 19:52:48,35,r/technology,10,2018-05-16 21:11:19,2,2,29,0
8jxxxn,2018-05-16 19:52:48,35,r/technology,10,2018-05-16 21:20:05,3,4,111,1
8jxxxn,2018-05-16 19:52:48,35,r/technology,10,2018-05-16 21:27:25,4,1,33,0
8jxxxn,2018-05-16 19:52:48,35,r/technology,10,2018-05-16 21:30:43,5,2,5,0
8jxxxn,2018-05-16 19:52:48,35,r/technology,10,2018-05-16 22:10:23,6,1,4,0
8jxxxn,2018-05-16 19:52:48,35,r/technology,10,2018-05-16 21:36:57,4,0,3,0
8jxxxn,2018-05-16 19:52:48,35,r/technology,10,2018-05-16 21:54:44,4,0,3,0
8jxxxn,2018-05-16 19:52:48,35,r/technology,10,2018-05-16 20:23:20,1,1,40,0
8jxxxn,2018-05-16 19:52:48,35,r/technology,10,2018-05-16 20:26:03,2,2,118,0
8jxxxn,2018-05-16 19:52:48,35,r/technology,10,2018-05-16 21:01:21,3,4,76,0
8jxxxn,2018-05-16 19:52:48,35,r/technology,10,2018-05-16 21:17:34,4,1,39,0
8jxxxn,2018-05-16 19:52:48,35,r/technology,10,2018-05-16 21:24:46,4,2,27,0
8jxxxn,2018-05-16 19:52:48,35,r/technology,10,2018-05-16 22:55:09,5,1,4,0
8jxxxn,2018-05-16 19:52:48,35,r/technology,10,2018-05-16 21:42:55,4,0,6,0
8jxxxn,2018-05-16 19:52:48,35,r/technology,10,2018-05-16 21:14:56,1,3,82,0
8jxxxn,2018-05-16 19:52:48,35,r/technology,10,2018-05-16 21:31:18,2,0,9,0
8jxxxn,2018-05-16 19:52:48,35,r/technology,10,2018-05-16 22:26:13,2,1,3,0
8jxxxn,2018-05-16 19:52:48,35,r/technology,10,2018-05-16 21:14:51,1,0,8,0
8jxxxn,2018-05-16 19:52:48,35,r/technology,10,2018-05-16 21:41:35,1,0,2,0
8jxxxn,2018-05-16 19:52:48,35,r/technology,10,2018-05-16 21:16:33,1,1,21,0
8jxxxn,2018-05-16 19:52:48,35,r/technology,10,2018-05-16 21:10:45,1,3,60,0
8jxxxn,2018-05-16 19:52:48,35,r/technology,10,2018-05-16 21:27:38,2,3,183,0
8jxxxn,2018-05-16 19:52:48,35,r/technology,10,2018-05-16 21:40:39,3,1,59,0
8jxxxn,2018-05-16 19:52:48,35,r/technology,10,2018-05-16 22:26:42,4,1,17,0
8jxxxn,2018-05-16 19:52:48,35,r/technology,10,2018-05-16 22:31:04,5,1,10,0
8jxxxn,2018-05-16 19:52:48,35,r/technology,10,2018-05-16 21:38:29,3,1,7,0
8jxxxn,2018-05-16 19:52:48,35,r/technology,10,2018-05-16 21:41:17,4,1,7,0
8jxxxn,2018-05-16 19:52:48,35,r/technology,10,2018-05-16 21:28:47,2,0,8,0
8jxxxn,2018-05-16 19:52:48,35,r/technology,11,2018-05-16 20:12:14,0,3,301,0
8jxxxn,2018-05-16 19:52:48,35,r/technology,11,2018-05-16 20:53:20,1,2,82,0
8jxxxn,2018-05-16 19:52:48,35,r/technology,11,2018-05-16 21:40:44,2,0,25,0
8jxxxn,2018-05-16 19:52:48,35,r/technology,11,2018-05-16 21:34:26,1,1,24,0
8jxxxn,2018-05-16 19:52:48,35,r/technology,11,2018-05-16 22:41:44,2,0,3,0
8jxxxn,2018-05-16 19:52:48,35,r/technology,12,2018-05-16 22:35:36,0,2,20,0
8jxxxn,2018-05-16 19:52:48,35,r/technology,12,2018-05-16 22:43:51,1,1,7,0
8jxxxn,2018-05-16 19:52:48,35,r/technology,13,2018-05-16 20:29:57,0,2,112,0
8jxxxn,2018-05-16 19:52:48,35,r/technology,13,2018-05-16 21:50:42,1,0,11,0
8jxxxn,2018-05-16 19:52:48,35,r/technology,14,2018-05-16 22:06:42,0,0,13,0
8jxxxn,2018-05-16 19:52:48,35,r/technology,15,2018-05-16 20:18:31,0,3,23,0
8jxxxn,2018-05-16 19:52:48,35,r/technology,15,2018-05-16 20:30:06,1,2,39,0
8jxxxn,2018-05-16 19:52:48,35,r/technology,15,2018-05-16 20:34:26,2,1,21,0
8jxxxn,2018-05-16 19:52:48,35,r/technology,15,2018-05-16 20:28:44,1,1,13,0
8jxxxn,2018-05-16 19:52:48,35,r/technology,15,2018-05-16 21:10:40,2,0,5,0
8jxxxn,2018-05-16 19:52:48,35,r/technology,16,2018-05-16 21:56:21,0,1,21,0
8jxxxn,2018-05-16 19:52:48,35,r/technology,17,2018-05-16 22:44:55,0,2,22,0
8jxxxn,2018-05-16 19:52:48,35,r/technology,17,2018-05-17 00:26:15,1,0,3,0
8jxxxn,2018-05-16 19:52:48,35,r/technology,18,2018-05-16 23:21:28,0,0,10,0
8jxxxn,2018-05-16 19:52:48,35,r/technology,19,2018-05-16 20:36:48,0,4,51,0
8jxxxn,2018-05-16 19:52:48,35,r/technology,19,2018-05-16 21:47:19,1,0,34,0
8jxxxn,2018-05-16 19:52:48,35,r/technology,19,2018-05-16 22:27:49,1,1,7,0
8jxxxn,2018-05-16 19:52:48,35,r/technology,19,2018-05-16 22:04:52,1,2,6,0
8jxxxn,2018-05-16 19:52:48,35,r/technology,19,2018-05-16 22:19:03,2,0,2,0
8jxxxn,2018-05-16 19:52:48,35,r/technology,20,2018-05-16 20:57:08,0,1,18,0
8jxxxn,2018-05-16 19:52:48,35,r/technology,20,2018-05-16 21:25:25,1,2,29,0
8jxxxn,2018-05-16 19:52:48,35,r/technology,20,2018-05-16 21:46:31,2,0,3,0
8jxxxn,2018-05-16 19:52:48,35,r/technology,21,2018-05-16 22:50:57,0,0,6,0
8jxxxn,2018-05-16 19:52:48,35,r/technology,22,2018-05-16 20:11:13,0,1,24,0
8jxxxn,2018-05-16 19:52:48,35,r/technology,22,2018-05-16 20:52:16,1,2,22,0
8jxxxn,2018-05-16 19:52:48,35,r/technology,22,2018-05-16 22:02:46,2,1,11,0
8jxxxn,2018-05-16 19:52:48,35,r/technology,23,2018-05-16 21:58:27,0,0,8,0
8jxxxn,2018-05-16 19:52:48,35,r/technology,24,2018-05-16 20:15:52,0,1,27,0
8jxxxn,2018-05-16 19:52:48,35,r/technology,25,2018-05-17 00:37:46,0,0,8,0
8jxxxn,2018-05-16 19:52:48,35,r/technology,26,2018-05-16 21:07:32,0,1,10,0
8jxxxn,2018-05-16 19:52:48,35,r/technology,26,2018-05-16 21:09:45,1,1,61,0
8jxxxn,2018-05-16 19:52:48,35,r/technology,26,2018-05-16 21:12:35,2,1,24,0
8jxxxn,2018-05-16 19:52:48,35,r/technology,27,2018-05-16 20:11:10,0,2,49,0
8jxxxn,2018-05-16 19:52:48,35,r/technology,27,2018-05-16 20:47:49,1,1,18,0
8jxxxn,2018-05-16 19:52:48,35,r/technology,28,2018-05-16 20:52:47,0,1,16,0
8jxxxn,2018-05-16 19:52:48,35,r/technology,29,2018-05-16 22:00:20,0,0,4,0
8jxxxn,2018-05-16 19:52:48,35,r/technology,30,2018-05-16 22:11:34,0,0,3,0
8jxxxn,2018-05-16 19:52:48,35,r/technology,31,2018-05-16 22:27:15,0,0,3,0
8jxxxn,2018-05-16 19:52:48,35,r/technology,32,2018-05-16 22:31:00,0,0,4,0
8jxxxn,2018-05-16 19:52:48,35,r/technology,33,2018-05-16 22:46:03,0,0,4,0
8jxxxn,2018-05-16 19:52:48,35,r/technology,34,2018-05-16 23:08:18,0,1,4,0
8jxxxn,2018-05-16 19:52:48,35,r/technology,35,2018-05-17 00:34:56,0,2,5,0
8jxxxn,2018-05-16 19:52:48,35,r/technology,35,2018-05-17 01:04:00,1,0,5,0
8jxxxn,2018-05-16 19:52:48,35,r/technology,36,2018-05-17 00:51:13,0,0,4,0
8jxxxn,2018-05-16 19:52:48,35,r/technology,37,2018-05-16 21:51:02,0,2,24,0
8jxxxn,2018-05-16 19:52:48,35,r/technology,37,2018-05-16 21:53:53,1,1,6,0
8jxxxn,2018-05-16 19:52:48,35,r/technology,37,2018-05-16 23:22:30,2,0,8,0
8jxxxn,2018-05-16 19:52:48,35,r/technology,38,2018-05-16 20:55:54,0,3,7,0
8jxxxn,2018-05-16 19:52:48,35,r/technology,38,2018-05-16 21:36:53,1,1,13,0
8jxxxn,2018-05-16 19:52:48,35,r/technology,38,2018-05-16 22:01:06,1,0,10,0
8jxxxn,2018-05-16 19:52:48,35,r/technology,39,2018-05-16 21:12:39,0,0,7,0
8jxxxn,2018-05-16 19:52:48,35,r/technology,40,2018-05-16 21:48:08,0,0,3,0
8jxxxn,2018-05-16 19:52:48,35,r/technology,41,2018-05-16 21:56:28,0,1,3,0
8jxxxn,2018-05-16 19:52:48,35,r/technology,42,2018-05-16 22:00:22,0,0,3,0
8jxxxn,2018-05-16 19:52:48,35,r/technology,43,2018-05-16 22:06:47,0,0,3,0
8jxxxn,2018-05-16 19:52:48,35,r/technology,44,2018-05-16 22:33:00,0,0,3,0
8jxxxn,2018-05-16 19:52:48,35,r/technology,45,2018-05-16 22:40:02,0,0,3,0
8jxxxn,2018-05-16 19:52:48,35,r/technology,46,2018-05-16 22:50:44,0,0,3,0
8jxxxn,2018-05-16 19:52:48,35,r/technology,47,2018-05-16 23:34:04,0,1,3,0
8jxxxn,2018-05-16 19:52:48,35,r/technology,48,2018-05-16 23:44:00,0,0,3,0
8jxxxn,2018-05-16 19:52:48,35,r/technology,49,2018-05-17 00:02:18,0,0,3,0
8jxxxn,2018-05-16 19:52:48,35,r/technology,50,2018-05-17 00:24:51,0,0,3,0
8jxxxn,2018-05-16 19:52:48,35,r/technology,51,2018-05-17 00:26:49,0,0,3,0
8jxxxn,2018-05-16 19:52:48,35,r/technology,52,2018-05-17 00:29:30,0,1,3,0
8jxxxn,2018-05-16 19:52:48,35,r/technology,53,2018-05-17 01:14:05,0,0,3,0
8jxxxn,2018-05-16 19:52:48,35,r/technology,54,2018-05-16 21:34:26,0,1,7,0
8jxxxn,2018-05-16 19:52:48,35,r/technology,54,2018-05-16 22:48:59,1,1,4,0
8jxxxn,2018-05-16 19:52:48,35,r/technology,55,2018-05-16 22:46:07,0,1,6,0
8jxxxn,2018-05-16 19:52:48,35,r/technology,56,2018-05-17 01:00:19,0,1,5,0
8jxxxn,2018-05-16 19:52:48,35,r/technology,57,2018-05-16 22:53:26,0,0,8,0
8jxxxn,2018-05-16 19:52:48,35,r/technology,58,2018-05-16 23:46:20,0,1,7,0
8jxxxn,2018-05-16 19:52:48,35,r/technology,59,2018-05-16 21:24:31,0,1,10,0
8jz34o,2018-05-16 22:23:45,36,r/ChildrenFallingOver,0,2018-05-17 00:32:35,0,5,311,0
8jz34o,2018-05-16 22:23:45,36,r/ChildrenFallingOver,0,2018-05-17 01:23:58,1,2,94,0
8jz34o,2018-05-16 22:23:45,36,r/ChildrenFallingOver,0,2018-05-17 04:44:00,2,1,6,0
8jz34o,2018-05-16 22:23:45,36,r/ChildrenFallingOver,0,2018-05-17 05:16:11,3,0,1,0
8jz34o,2018-05-16 22:23:45,36,r/ChildrenFallingOver,0,2018-05-17 04:58:09,2,0,2,0
8jz34o,2018-05-16 22:23:45,36,r/ChildrenFallingOver,0,2018-05-17 00:45:08,1,0,8,0
8jz34o,2018-05-16 22:23:45,36,r/ChildrenFallingOver,0,2018-05-17 02:18:01,1,0,3,0
8jz34o,2018-05-16 22:23:45,36,r/ChildrenFallingOver,0,2018-05-17 02:31:54,1,1,2,0
8jz34o,2018-05-16 22:23:45,36,r/ChildrenFallingOver,0,2018-05-17 03:45:12,2,0,0,0
8jz34o,2018-05-16 22:23:45,36,r/ChildrenFallingOver,0,2018-05-17 04:04:50,1,0,0,0
8jz34o,2018-05-16 22:23:45,36,r/ChildrenFallingOver,1,2018-05-17 00:51:32,0,5,144,0
8jz34o,2018-05-16 22:23:45,36,r/ChildrenFallingOver,1,2018-05-17 02:08:16,1,1,22,0
8jz34o,2018-05-16 22:23:45,36,r/ChildrenFallingOver,1,2018-05-17 05:00:42,2,0,4,0
8jz34o,2018-05-16 22:23:45,36,r/ChildrenFallingOver,1,2018-05-17 01:04:52,1,1,38,0
8jz34o,2018-05-16 22:23:45,36,r/ChildrenFallingOver,1,2018-05-17 02:00:53,2,1,13,0
8jz34o,2018-05-16 22:23:45,36,r/ChildrenFallingOver,1,2018-05-17 02:04:37,3,0,9,0
8jz34o,2018-05-16 22:23:45,36,r/ChildrenFallingOver,1,2018-05-17 01:55:39,1,0,18,0
8jz34o,2018-05-16 22:23:45,36,r/ChildrenFallingOver,1,2018-05-17 04:09:07,1,0,4,0
8jz34o,2018-05-16 22:23:45,36,r/ChildrenFallingOver,1,2018-05-17 04:57:21,1,0,2,0
8jz34o,2018-05-16 22:23:45,36,r/ChildrenFallingOver,2,2018-05-16 23:53:38,0,4,274,0
8jz34o,2018-05-16 22:23:45,36,r/ChildrenFallingOver,2,2018-05-17 01:38:04,1,1,52,0
8jz34o,2018-05-16 22:23:45,36,r/ChildrenFallingOver,2,2018-05-17 02:41:48,2,1,-20,0
8jz34o,2018-05-16 22:23:45,36,r/ChildrenFallingOver,2,2018-05-17 02:47:01,3,2,7,0
8jz34o,2018-05-16 22:23:45,36,r/ChildrenFallingOver,2,2018-05-17 03:46:00,4,0,2,0
8jz34o,2018-05-16 22:23:45,36,r/ChildrenFallingOver,2,2018-05-17 03:15:31,4,0,0,0
8jz34o,2018-05-16 22:23:45,36,r/ChildrenFallingOver,2,2018-05-17 02:25:12,1,2,6,0
8jz34o,2018-05-16 22:23:45,36,r/ChildrenFallingOver,2,2018-05-17 02:53:16,2,0,3,0
8jz34o,2018-05-16 22:23:45,36,r/ChildrenFallingOver,2,2018-05-17 04:20:48,2,0,1,0
8jz34o,2018-05-16 22:23:45,36,r/ChildrenFallingOver,2,2018-05-17 03:35:17,1,0,4,0
8jz34o,2018-05-16 22:23:45,36,r/ChildrenFallingOver,2,2018-05-17 03:02:09,1,0,3,0
8jz34o,2018-05-16 22:23:45,36,r/ChildrenFallingOver,3,2018-05-16 23:55:50,0,1,59,0
8jz34o,2018-05-16 22:23:45,36,r/ChildrenFallingOver,3,2018-05-17 01:43:11,1,0,9,0
8jz34o,2018-05-16 22:23:45,36,r/ChildrenFallingOver,4,2018-05-17 00:03:22,0,0,35,0
8jz34o,2018-05-16 22:23:45,36,r/ChildrenFallingOver,5,2018-05-17 01:22:25,0,2,14,0
8jz34o,2018-05-16 22:23:45,36,r/ChildrenFallingOver,5,2018-05-17 01:45:14,1,0,6,0
8jz34o,2018-05-16 22:23:45,36,r/ChildrenFallingOver,5,2018-05-17 03:33:39,1,0,1,0
8jz34o,2018-05-16 22:23:45,36,r/ChildrenFallingOver,6,2018-05-16 23:28:29,0,0,14,0
8jz34o,2018-05-16 22:23:45,36,r/ChildrenFallingOver,7,2018-05-17 00:43:24,0,1,28,0
8jz34o,2018-05-16 22:23:45,36,r/ChildrenFallingOver,7,2018-05-17 01:17:29,1,0,13,0
8jz34o,2018-05-16 22:23:45,36,r/ChildrenFallingOver,8,2018-05-17 02:59:08,0,0,10,0
8jz34o,2018-05-16 22:23:45,36,r/ChildrenFallingOver,9,2018-05-16 23:05:33,0,1,6,0
8jz34o,2018-05-16 22:23:45,36,r/ChildrenFallingOver,9,2018-05-16 23:19:03,1,1,18,0
8jz34o,2018-05-16 22:23:45,36,r/ChildrenFallingOver,9,2018-05-17 01:21:58,2,1,10,0
8jz34o,2018-05-16 22:23:45,36,r/ChildrenFallingOver,9,2018-05-17 04:59:59,3,0,1,0
8jz34o,2018-05-16 22:23:45,36,r/ChildrenFallingOver,10,2018-05-17 01:30:42,0,1,11,0
8jz34o,2018-05-16 22:23:45,36,r/ChildrenFallingOver,10,2018-05-17 03:32:51,1,0,5,0
8jz34o,2018-05-16 22:23:45,36,r/ChildrenFallingOver,11,2018-05-17 03:59:35,0,1,4,0
8jz34o,2018-05-16 22:23:45,36,r/ChildrenFallingOver,11,2018-05-17 04:29:39,1,0,3,0
8jz34o,2018-05-16 22:23:45,36,r/ChildrenFallingOver,12,2018-05-17 01:22:11,0,0,3,0
8jz34o,2018-05-16 22:23:45,36,r/ChildrenFallingOver,13,2018-05-17 02:46:48,0,0,3,0
8jz34o,2018-05-16 22:23:45,36,r/ChildrenFallingOver,14,2018-05-17 02:55:29,0,1,3,0
8jz34o,2018-05-16 22:23:45,36,r/ChildrenFallingOver,14,2018-05-17 03:06:00,1,0,1,0
8jz34o,2018-05-16 22:23:45,36,r/ChildrenFallingOver,15,2018-05-16 22:59:23,0,2,19,0
8jz34o,2018-05-16 22:23:45,36,r/ChildrenFallingOver,15,2018-05-17 00:45:15,1,1,15,0
8jz34o,2018-05-16 22:23:45,36,r/ChildrenFallingOver,15,2018-05-17 01:42:20,2,0,4,0
8jz34o,2018-05-16 22:23:45,36,r/ChildrenFallingOver,15,2018-05-17 04:57:04,1,0,1,0
8jz34o,2018-05-16 22:23:45,36,r/ChildrenFallingOver,16,2018-05-17 02:01:01,0,0,2,0
8jz34o,2018-05-16 22:23:45,36,r/ChildrenFallingOver,17,2018-05-17 02:29:54,0,0,2,0
8jz34o,2018-05-16 22:23:45,36,r/ChildrenFallingOver,18,2018-05-17 02:35:58,0,0,2,0
8jz34o,2018-05-16 22:23:45,36,r/ChildrenFallingOver,19,2018-05-17 03:14:01,0,0,2,0
8jz34o,2018-05-16 22:23:45,36,r/ChildrenFallingOver,20,2018-05-17 03:17:03,0,0,2,0
8jz34o,2018-05-16 22:23:45,36,r/ChildrenFallingOver,21,2018-05-17 03:39:22,0,0,2,0
8jz34o,2018-05-16 22:23:45,36,r/ChildrenFallingOver,22,2018-05-17 03:59:33,0,0,2,0
8jz34o,2018-05-16 22:23:45,36,r/ChildrenFallingOver,23,2018-05-17 00:40:27,0,1,3,0
8jz34o,2018-05-16 22:23:45,36,r/ChildrenFallingOver,23,2018-05-17 05:00:51,1,0,1,0
8jz34o,2018-05-16 22:23:45,36,r/ChildrenFallingOver,24,2018-05-17 00:58:47,0,0,1,0
8jz34o,2018-05-16 22:23:45,36,r/ChildrenFallingOver,25,2018-05-17 01:27:55,0,0,1,0
8jz34o,2018-05-16 22:23:45,36,r/ChildrenFallingOver,26,2018-05-17 01:31:08,0,0,1,0
8jz34o,2018-05-16 22:23:45,36,r/ChildrenFallingOver,27,2018-05-17 01:35:19,0,0,1,0
8jz34o,2018-05-16 22:23:45,36,r/ChildrenFallingOver,28,2018-05-17 02:09:10,0,0,1,0
8jz34o,2018-05-16 22:23:45,36,r/ChildrenFallingOver,29,2018-05-17 02:43:36,0,0,1,0
8jz34o,2018-05-16 22:23:45,36,r/ChildrenFallingOver,30,2018-05-17 02:53:21,0,0,1,0
8jz34o,2018-05-16 22:23:45,36,r/ChildrenFallingOver,31,2018-05-17 02:59:35,0,0,1,0
8jz34o,2018-05-16 22:23:45,36,r/ChildrenFallingOver,32,2018-05-17 03:06:00,0,0,1,0
8jz34o,2018-05-16 22:23:45,36,r/ChildrenFallingOver,33,2018-05-17 03:06:42,0,0,1,0
8jz34o,2018-05-16 22:23:45,36,r/ChildrenFallingOver,34,2018-05-17 03:08:47,0,0,1,0
8jz34o,2018-05-16 22:23:45,36,r/ChildrenFallingOver,35,2018-05-17 03:37:38,0,0,1,0
8jz34o,2018-05-16 22:23:45,36,r/ChildrenFallingOver,36,2018-05-17 03:37:54,0,0,1,0
8jz34o,2018-05-16 22:23:45,36,r/ChildrenFallingOver,37,2018-05-17 03:39:58,0,0,1,0
8jz34o,2018-05-16 22:23:45,36,r/ChildrenFallingOver,38,2018-05-17 03:41:21,0,0,1,0
8jz34o,2018-05-16 22:23:45,36,r/ChildrenFallingOver,39,2018-05-17 03:44:47,0,0,1,0
8jz34o,2018-05-16 22:23:45,36,r/ChildrenFallingOver,40,2018-05-17 03:44:47,0,0,1,0
8jz34o,2018-05-16 22:23:45,36,r/ChildrenFallingOver,41,2018-05-17 03:47:31,0,0,1,0
8jz34o,2018-05-16 22:23:45,36,r/ChildrenFallingOver,42,2018-05-17 03:53:53,0,0,1,0
8jz34o,2018-05-16 22:23:45,36,r/ChildrenFallingOver,43,2018-05-17 03:59:36,0,0,1,0
8jz34o,2018-05-16 22:23:45,36,r/ChildrenFallingOver,44,2018-05-17 04:07:06,0,1,1,0
8jz34o,2018-05-16 22:23:45,36,r/ChildrenFallingOver,44,2018-05-17 04:50:54,1,0,1,0
8jz34o,2018-05-16 22:23:45,36,r/ChildrenFallingOver,45,2018-05-17 04:12:00,0,0,2,0
8jz34o,2018-05-16 22:23:45,36,r/ChildrenFallingOver,46,2018-05-17 04:12:16,0,0,1,0
8jz34o,2018-05-16 22:23:45,36,r/ChildrenFallingOver,47,2018-05-17 04:14:19,0,0,1,0
8jz34o,2018-05-16 22:23:45,36,r/ChildrenFallingOver,48,2018-05-17 04:16:02,0,0,1,0
8jz34o,2018-05-16 22:23:45,36,r/ChildrenFallingOver,49,2018-05-17 04:24:30,0,0,1,0
8jz34o,2018-05-16 22:23:45,36,r/ChildrenFallingOver,50,2018-05-17 04:24:58,0,0,1,0
8jz34o,2018-05-16 22:23:45,36,r/ChildrenFallingOver,51,2018-05-17 04:25:45,0,0,1,0
8jz34o,2018-05-16 22:23:45,36,r/ChildrenFallingOver,52,2018-05-17 04:32:45,0,0,1,0
8jz34o,2018-05-16 22:23:45,36,r/ChildrenFallingOver,53,2018-05-17 04:32:45,0,0,1,0
8jz34o,2018-05-16 22:23:45,36,r/ChildrenFallingOver,54,2018-05-17 04:40:41,0,0,1,0
8jz34o,2018-05-16 22:23:45,36,r/ChildrenFallingOver,55,2018-05-17 04:43:54,0,0,1,0
8jz34o,2018-05-16 22:23:45,36,r/ChildrenFallingOver,56,2018-05-17 05:01:02,0,0,1,0
8jz34o,2018-05-16 22:23:45,36,r/ChildrenFallingOver,57,2018-05-17 05:02:50,0,0,1,0
8jz34o,2018-05-16 22:23:45,36,r/ChildrenFallingOver,58,2018-05-17 05:11:16,0,0,1,0
8jz34o,2018-05-16 22:23:45,36,r/ChildrenFallingOver,59,2018-05-17 05:12:04,0,0,1,0
8jz34o,2018-05-16 22:23:45,36,r/ChildrenFallingOver,60,2018-05-17 05:18:46,0,0,1,0
8jz34o,2018-05-16 22:23:45,36,r/ChildrenFallingOver,61,2018-05-17 00:40:46,0,0,1,0
8jz34o,2018-05-16 22:23:45,36,r/ChildrenFallingOver,62,2018-05-17 00:02:19,0,0,1,0
8jz34o,2018-05-16 22:23:45,36,r/ChildrenFallingOver,63,2018-05-17 02:12:31,0,0,-2,0
8jz34o,2018-05-16 22:23:45,36,r/ChildrenFallingOver,64,2018-05-17 00:51:04,0,1,-10,0
8jz34o,2018-05-16 22:23:45,36,r/ChildrenFallingOver,64,2018-05-17 03:00:10,1,0,0,0
8jy7nf,2018-05-16 20:26:35,37,r/gifs,0,2018-05-16 21:00:25,0,10,5518,0
8jy7nf,2018-05-16 20:26:35,37,r/gifs,0,2018-05-16 21:16:40,1,6,1343,0
8jy7nf,2018-05-16 20:26:35,37,r/gifs,0,2018-05-16 22:53:44,2,7,393,0
8jy7nf,2018-05-16 20:26:35,37,r/gifs,0,2018-05-16 23:00:02,3,2,310,0
8jy7nf,2018-05-16 20:26:35,37,r/gifs,0,2018-05-17 04:43:02,4,0,1,0
8jy7nf,2018-05-16 20:26:35,37,r/gifs,0,2018-05-16 23:32:49,3,3,83,0
8jy7nf,2018-05-16 20:26:35,37,r/gifs,0,2018-05-17 00:53:16,4,1,30,0
8jy7nf,2018-05-16 20:26:35,37,r/gifs,0,2018-05-17 05:00:12,5,0,1,0
8jy7nf,2018-05-16 20:26:35,37,r/gifs,0,2018-05-17 00:56:46,4,1,13,0
8jy7nf,2018-05-16 20:26:35,37,r/gifs,0,2018-05-17 02:01:20,5,1,20,0
8jy7nf,2018-05-16 20:26:35,37,r/gifs,0,2018-05-17 04:40:50,6,0,1,0
8jy7nf,2018-05-16 20:26:35,37,r/gifs,0,2018-05-17 04:23:42,4,0,1,0
8jy7nf,2018-05-16 20:26:35,37,r/gifs,0,2018-05-17 00:47:54,3,0,3,0
8jy7nf,2018-05-16 20:26:35,37,r/gifs,0,2018-05-17 00:17:34,3,1,5,0
8jy7nf,2018-05-16 20:26:35,37,r/gifs,0,2018-05-17 00:33:34,4,0,1,0
8jy7nf,2018-05-16 20:26:35,37,r/gifs,0,2018-05-17 00:04:20,3,0,6,0
8jy7nf,2018-05-16 20:26:35,37,r/gifs,0,2018-05-17 02:02:14,3,0,1,0
8jy7nf,2018-05-16 20:26:35,37,r/gifs,0,2018-05-16 23:05:26,2,0,24,0
8jy7nf,2018-05-16 20:26:35,37,r/gifs,0,2018-05-16 23:17:08,2,1,8,0
8jy7nf,2018-05-16 20:26:35,37,r/gifs,0,2018-05-16 23:40:52,3,0,7,0
8jy7nf,2018-05-16 20:26:35,37,r/gifs,0,2018-05-16 23:48:18,2,1,1,0
8jy7nf,2018-05-16 20:26:35,37,r/gifs,0,2018-05-17 01:44:08,3,0,1,0
8jy7nf,2018-05-16 20:26:35,37,r/gifs,0,2018-05-17 02:04:30,2,0,1,0
8jy7nf,2018-05-16 20:26:35,37,r/gifs,0,2018-05-16 23:05:08,1,2,78,0
8jy7nf,2018-05-16 20:26:35,37,r/gifs,0,2018-05-16 23:15:14,2,2,32,0
8jy7nf,2018-05-16 20:26:35,37,r/gifs,0,2018-05-17 00:00:05,3,1,15,0
8jy7nf,2018-05-16 20:26:35,37,r/gifs,0,2018-05-17 00:10:00,4,2,28,0
8jy7nf,2018-05-16 20:26:35,37,r/gifs,0,2018-05-17 02:18:29,5,0,7,0
8jy7nf,2018-05-16 20:26:35,37,r/gifs,0,2018-05-17 04:55:53,5,1,1,0
8jy7nf,2018-05-16 20:26:35,37,r/gifs,0,2018-05-16 23:20:08,3,1,2,0
8jy7nf,2018-05-16 20:26:35,37,r/gifs,0,2018-05-16 23:41:14,4,1,6,0
8jy7nf,2018-05-16 20:26:35,37,r/gifs,0,2018-05-17 00:34:42,5,0,1,0
8jy7nf,2018-05-16 20:26:35,37,r/gifs,0,2018-05-16 23:27:55,2,0,2,0
8jy7nf,2018-05-16 20:26:35,37,r/gifs,0,2018-05-17 01:03:13,1,0,2,0
8jy7nf,2018-05-16 20:26:35,37,r/gifs,0,2018-05-17 00:37:05,1,0,1,0
8jy7nf,2018-05-16 20:26:35,37,r/gifs,0,2018-05-17 01:45:59,1,0,1,0
8jy7nf,2018-05-16 20:26:35,37,r/gifs,0,2018-05-17 01:57:57,1,0,1,0
8jy7nf,2018-05-16 20:26:35,37,r/gifs,0,2018-05-17 02:05:47,1,0,1,0
8jy7nf,2018-05-16 20:26:35,37,r/gifs,0,2018-05-17 02:24:09,1,0,1,0
8jy7nf,2018-05-16 20:26:35,37,r/gifs,0,2018-05-17 03:32:39,1,0,1,0
8jy7nf,2018-05-16 20:26:35,37,r/gifs,0,2018-05-17 04:39:02,1,0,1,0
8jy7nf,2018-05-16 20:26:35,37,r/gifs,1,2018-05-16 22:01:41,0,9,4294,0
8jy7nf,2018-05-16 20:26:35,37,r/gifs,1,2018-05-16 22:44:20,1,2,741,0
8jy7nf,2018-05-16 20:26:35,37,r/gifs,1,2018-05-17 00:24:18,2,0,30,0
8jy7nf,2018-05-16 20:26:35,37,r/gifs,1,2018-05-16 23:48:07,2,3,47,0
8jy7nf,2018-05-16 20:26:35,37,r/gifs,1,2018-05-17 00:34:23,3,2,67,0
8jy7nf,2018-05-16 20:26:35,37,r/gifs,1,2018-05-17 00:41:29,4,1,42,0
8jy7nf,2018-05-16 20:26:35,37,r/gifs,1,2018-05-17 02:24:01,5,2,8,0
8jy7nf,2018-05-16 20:26:35,37,r/gifs,1,2018-05-17 02:24:07,6,1,4,0
8jy7nf,2018-05-16 20:26:35,37,r/gifs,1,2018-05-17 04:06:58,6,0,1,0
8jy7nf,2018-05-16 20:26:35,37,r/gifs,1,2018-05-17 00:42:32,4,0,8,0
8jy7nf,2018-05-16 20:26:35,37,r/gifs,1,2018-05-17 00:46:39,3,2,6,0
8jy7nf,2018-05-16 20:26:35,37,r/gifs,1,2018-05-17 00:55:42,4,0,9,0
8jy7nf,2018-05-16 20:26:35,37,r/gifs,1,2018-05-17 02:17:53,4,0,3,0
8jy7nf,2018-05-16 20:26:35,37,r/gifs,1,2018-05-16 23:12:00,1,2,204,0
8jy7nf,2018-05-16 20:26:35,37,r/gifs,1,2018-05-17 01:25:44,2,0,15,0
8jy7nf,2018-05-16 20:26:35,37,r/gifs,1,2018-05-16 23:20:55,2,0,49,0
8jy7nf,2018-05-16 20:26:35,37,r/gifs,1,2018-05-17 00:16:03,1,1,39,0
8jy7nf,2018-05-16 20:26:35,37,r/gifs,1,2018-05-17 02:56:50,2,0,6,0
8jy7nf,2018-05-16 20:26:35,37,r/gifs,1,2018-05-16 23:08:24,1,2,57,0
8jy7nf,2018-05-16 20:26:35,37,r/gifs,1,2018-05-16 23:24:56,2,1,13,0
8jy7nf,2018-05-16 20:26:35,37,r/gifs,1,2018-05-16 23:36:38,3,0,7,0
8jy7nf,2018-05-16 20:26:35,37,r/gifs,1,2018-05-17 02:09:41,2,0,1,0
8jy7nf,2018-05-16 20:26:35,37,r/gifs,1,2018-05-17 01:23:42,1,0,5,0
8jy7nf,2018-05-16 20:26:35,37,r/gifs,1,2018-05-17 03:05:59,1,0,3,0
8jy7nf,2018-05-16 20:26:35,37,r/gifs,1,2018-05-17 03:26:04,1,0,2,0
8jy7nf,2018-05-16 20:26:35,37,r/gifs,1,2018-05-16 23:26:52,1,0,2,0
8jy7nf,2018-05-16 20:26:35,37,r/gifs,2,2018-05-16 21:10:52,0,11,3265,0
8jy7nf,2018-05-16 20:26:35,37,r/gifs,2,2018-05-16 22:16:53,1,3,41,0
8jy7nf,2018-05-16 20:26:35,37,r/gifs,2,2018-05-17 00:00:48,2,0,14,0
8jy7nf,2018-05-16 20:26:35,37,r/gifs,2,2018-05-16 23:30:50,2,0,5,0
8jy7nf,2018-05-16 20:26:35,37,r/gifs,2,2018-05-17 01:08:07,2,0,3,0
8jy7nf,2018-05-16 20:26:35,37,r/gifs,2,2018-05-16 21:16:31,1,27,598,0
8jy7nf,2018-05-16 20:26:35,37,r/gifs,2,2018-05-16 21:23:19,2,5,417,0
8jy7nf,2018-05-16 20:26:35,37,r/gifs,2,2018-05-16 22:19:24,3,5,269,0
8jy7nf,2018-05-16 20:26:35,37,r/gifs,2,2018-05-16 22:44:54,4,4,98,0
8jy7nf,2018-05-16 20:26:35,37,r/gifs,2,2018-05-16 22:59:24,5,1,40,0
8jy7nf,2018-05-16 20:26:35,37,r/gifs,2,2018-05-16 23:07:54,6,1,56,0
8jy7nf,2018-05-16 20:26:35,37,r/gifs,2,2018-05-17 00:26:09,5,0,2,0
8jy7nf,2018-05-16 20:26:35,37,r/gifs,2,2018-05-17 02:22:17,5,0,1,0
8jy7nf,2018-05-16 20:26:35,37,r/gifs,2,2018-05-17 02:36:42,5,0,1,0
8jy7nf,2018-05-16 20:26:35,37,r/gifs,2,2018-05-16 22:48:57,4,1,12,0
8jy7nf,2018-05-16 20:26:35,37,r/gifs,2,2018-05-16 22:58:28,5,1,11,0
8jy7nf,2018-05-16 20:26:35,37,r/gifs,2,2018-05-16 23:11:17,6,1,13,0
8jy7nf,2018-05-16 20:26:35,37,r/gifs,2,2018-05-16 23:24:48,7,1,9,0
8jy7nf,2018-05-16 20:26:35,37,r/gifs,2,2018-05-16 23:54:12,8,1,6,0
8jy7nf,2018-05-16 20:26:35,37,r/gifs,2,2018-05-17 00:03:13,9,0,4,0
8jy7nf,2018-05-16 20:26:35,37,r/gifs,2,2018-05-16 22:58:36,4,1,6,0
8jy7nf,2018-05-16 20:26:35,37,r/gifs,2,2018-05-16 23:48:32,5,0,1,0
8jy7nf,2018-05-16 20:26:35,37,r/gifs,2,2018-05-17 00:36:49,4,0,1,0
8jy7nf,2018-05-16 20:26:35,37,r/gifs,2,2018-05-16 22:02:46,3,1,8,0
8jy7nf,2018-05-16 20:26:35,37,r/gifs,2,2018-05-16 22:19:04,4,0,11,0
8jy7nf,2018-05-16 20:26:35,37,r/gifs,2,2018-05-16 22:55:35,3,0,1,0
8jy7nf,2018-05-16 20:26:35,37,r/gifs,2,2018-05-17 00:14:21,3,0,1,0
8jy7nf,2018-05-16 20:26:35,37,r/gifs,2,2018-05-17 00:55:42,3,0,1,0
8jy7nf,2018-05-16 20:26:35,37,r/gifs,2,2018-05-16 22:39:09,2,4,146,0
8jy7nf,2018-05-16 20:26:35,37,r/gifs,2,2018-05-16 23:43:59,3,0,20,0
8jy7nf,2018-05-16 20:26:35,37,r/gifs,2,2018-05-17 00:28:47,3,1,13,0
8jy7nf,2018-05-16 20:26:35,37,r/gifs,2,2018-05-17 00:34:24,4,2,19,0
8jy7nf,2018-05-16 20:26:35,37,r/gifs,2,2018-05-17 00:54:52,5,1,7,0
8jy7nf,2018-05-16 20:26:35,37,r/gifs,2,2018-05-17 02:02:36,6,0,1,0
8jy7nf,2018-05-16 20:26:35,37,r/gifs,2,2018-05-17 00:55:48,5,0,2,0
8jy7nf,2018-05-16 20:26:35,37,r/gifs,2,2018-05-16 23:50:26,3,0,1,0
8jy7nf,2018-05-16 20:26:35,37,r/gifs,2,2018-05-17 00:37:39,3,0,1,0
8jy7nf,2018-05-16 20:26:35,37,r/gifs,2,2018-05-16 21:21:14,2,1,66,0
8jy7nf,2018-05-16 20:26:35,37,r/gifs,2,2018-05-16 21:20:44,2,2,22,0
8jy7nf,2018-05-16 20:26:35,37,r/gifs,2,2018-05-16 22:25:46,3,1,7,0
8jy7nf,2018-05-16 20:26:35,37,r/gifs,2,2018-05-16 22:58:01,4,1,3,0
8jy7nf,2018-05-16 20:26:35,37,r/gifs,2,2018-05-17 02:59:02,5,0,1,0
8jy7nf,2018-05-16 20:26:35,37,r/gifs,2,2018-05-16 23:40:18,3,0,1,0
8jy7nf,2018-05-16 20:26:35,37,r/gifs,2,2018-05-16 22:39:38,2,2,20,0
8jy7nf,2018-05-16 20:26:35,37,r/gifs,2,2018-05-16 22:54:37,3,2,17,0
8jy7nf,2018-05-16 20:26:35,37,r/gifs,2,2018-05-16 23:11:55,4,1,2,0
8jy7nf,2018-05-16 20:26:35,37,r/gifs,2,2018-05-16 23:36:14,5,0,1,0
8jy7nf,2018-05-16 20:26:35,37,r/gifs,2,2018-05-16 23:57:36,4,0,2,0
8jy7nf,2018-05-16 20:26:35,37,r/gifs,2,2018-05-17 02:22:34,3,0,1,0
8jy7nf,2018-05-16 20:26:35,37,r/gifs,2,2018-05-16 21:38:39,2,0,5,0
8jy7nf,2018-05-16 20:26:35,37,r/gifs,2,2018-05-16 21:30:20,2,1,4,0
8jy7nf,2018-05-16 20:26:35,37,r/gifs,2,2018-05-16 22:41:16,3,1,7,0
8jy7nf,2018-05-16 20:26:35,37,r/gifs,2,2018-05-16 22:52:53,4,0,4,0
8jy7nf,2018-05-16 20:26:35,37,r/gifs,2,2018-05-16 22:40:48,2,2,5,0
8jy7nf,2018-05-16 20:26:35,37,r/gifs,2,2018-05-16 23:28:19,3,1,1,0
8jy7nf,2018-05-16 20:26:35,37,r/gifs,2,2018-05-17 00:26:26,4,0,2,0
8jy7nf,2018-05-16 20:26:35,37,r/gifs,2,2018-05-16 22:27:25,2,0,3,0
8jy7nf,2018-05-16 20:26:35,37,r/gifs,2,2018-05-16 23:19:19,2,0,3,0
8jy7nf,2018-05-16 20:26:35,37,r/gifs,2,2018-05-16 22:51:38,2,0,2,0
8jy7nf,2018-05-16 20:26:35,37,r/gifs,2,2018-05-16 22:55:17,2,0,2,0
8jy7nf,2018-05-16 20:26:35,37,r/gifs,2,2018-05-16 22:57:36,2,0,2,0
8jy7nf,2018-05-16 20:26:35,37,r/gifs,2,2018-05-16 23:09:17,2,0,2,0
8jy7nf,2018-05-16 20:26:35,37,r/gifs,2,2018-05-16 22:51:22,2,2,0,0
8jy7nf,2018-05-16 20:26:35,37,r/gifs,2,2018-05-16 23:01:39,3,0,4,0
8jy7nf,2018-05-16 20:26:35,37,r/gifs,2,2018-05-17 02:11:52,3,0,1,0
8jy7nf,2018-05-16 20:26:35,37,r/gifs,2,2018-05-16 22:51:51,2,0,1,0
8jy7nf,2018-05-16 20:26:35,37,r/gifs,2,2018-05-16 23:19:51,2,0,1,0
8jy7nf,2018-05-16 20:26:35,37,r/gifs,2,2018-05-16 23:21:00,2,0,1,0
8jy7nf,2018-05-16 20:26:35,37,r/gifs,2,2018-05-16 23:37:50,2,0,1,0
8jy7nf,2018-05-16 20:26:35,37,r/gifs,2,2018-05-16 23:39:17,2,0,1,0
8jy7nf,2018-05-16 20:26:35,37,r/gifs,2,2018-05-16 23:44:08,2,0,1,0
8jy7nf,2018-05-16 20:26:35,37,r/gifs,2,2018-05-17 00:07:16,2,0,1,0
8jy7nf,2018-05-16 20:26:35,37,r/gifs,2,2018-05-17 00:16:07,2,0,1,0
8jy7nf,2018-05-16 20:26:35,37,r/gifs,2,2018-05-17 00:22:19,2,0,1,0
8jy7nf,2018-05-16 20:26:35,37,r/gifs,2,2018-05-17 00:29:47,2,0,1,0
8jy7nf,2018-05-16 20:26:35,37,r/gifs,2,2018-05-17 01:48:40,2,0,1,0
8jy7nf,2018-05-16 20:26:35,37,r/gifs,2,2018-05-16 22:38:20,1,1,9,0
8jy7nf,2018-05-16 20:26:35,37,r/gifs,2,2018-05-16 22:40:15,2,0,2,0
8jy7nf,2018-05-16 20:26:35,37,r/gifs,2,2018-05-16 23:01:08,1,2,6,0
8jy7nf,2018-05-16 20:26:35,37,r/gifs,2,2018-05-17 00:37:50,2,0,1,0
8jy7nf,2018-05-16 20:26:35,37,r/gifs,2,2018-05-17 03:45:32,2,0,1,0
8jy7nf,2018-05-16 20:26:35,37,r/gifs,2,2018-05-16 22:52:46,1,1,5,0
8jy7nf,2018-05-16 20:26:35,37,r/gifs,2,2018-05-17 00:01:31,2,0,2,0
8jy7nf,2018-05-16 20:26:35,37,r/gifs,2,2018-05-16 21:20:44,1,0,1,0
8jy7nf,2018-05-16 20:26:35,37,r/gifs,2,2018-05-16 23:05:29,1,0,1,0
8jy7nf,2018-05-16 20:26:35,37,r/gifs,2,2018-05-17 00:03:20,1,0,1,0
8jy7nf,2018-05-16 20:26:35,37,r/gifs,2,2018-05-17 00:35:24,1,0,1,0
8jy7nf,2018-05-16 20:26:35,37,r/gifs,2,2018-05-17 03:19:36,1,0,1,0
8jy7nf,2018-05-16 20:26:35,37,r/gifs,3,2018-05-16 22:27:35,0,2,351,0
8jy7nf,2018-05-16 20:26:35,37,r/gifs,3,2018-05-16 23:27:44,1,0,28,0
8jy7nf,2018-05-16 20:26:35,37,r/gifs,4,2018-05-16 21:05:40,0,13,994,0
8jy7nf,2018-05-16 20:26:35,37,r/gifs,4,2018-05-16 22:46:46,1,3,280,0
8jy7nf,2018-05-16 20:26:35,37,r/gifs,4,2018-05-16 23:11:36,2,1,371,0
8jy7nf,2018-05-16 20:26:35,37,r/gifs,4,2018-05-16 23:59:22,3,1,50,0
8jy7nf,2018-05-16 20:26:35,37,r/gifs,4,2018-05-17 01:02:47,4,0,18,0
8jy7nf,2018-05-16 20:26:35,37,r/gifs,4,2018-05-16 23:15:23,2,0,41,0
8jy7nf,2018-05-16 20:26:35,37,r/gifs,4,2018-05-16 21:59:21,1,0,250,0
8jy7nf,2018-05-16 20:26:35,37,r/gifs,4,2018-05-16 22:57:22,1,0,87,0
8jy7nf,2018-05-16 20:26:35,37,r/gifs,4,2018-05-17 00:10:22,1,0,22,0
8jy7nf,2018-05-16 20:26:35,37,r/gifs,4,2018-05-16 23:18:55,1,1,40,0
8jy7nf,2018-05-16 20:26:35,37,r/gifs,4,2018-05-17 01:06:45,2,2,42,0
8jy7nf,2018-05-16 20:26:35,37,r/gifs,4,2018-05-17 02:03:05,3,0,5,0
8jy7nf,2018-05-16 20:26:35,37,r/gifs,4,2018-05-17 04:43:06,3,0,1,0
8jy7nf,2018-05-16 20:26:35,37,r/gifs,4,2018-05-16 22:53:29,1,0,11,0
8jy7nf,2018-05-16 20:26:35,37,r/gifs,4,2018-05-17 00:40:07,1,0,6,0
8jy7nf,2018-05-16 20:26:35,37,r/gifs,4,2018-05-17 00:07:33,1,1,5,0
8jy7nf,2018-05-16 20:26:35,37,r/gifs,4,2018-05-17 01:51:49,2,0,4,0
8jy7nf,2018-05-16 20:26:35,37,r/gifs,4,2018-05-16 22:47:04,1,1,9,0
8jy7nf,2018-05-16 20:26:35,37,r/gifs,4,2018-05-16 22:54:58,2,0,9,0
8jy7nf,2018-05-16 20:26:35,37,r/gifs,4,2018-05-16 23:53:04,1,1,1,0
8jy7nf,2018-05-16 20:26:35,37,r/gifs,4,2018-05-16 23:54:32,2,1,2,0
8jy7nf,2018-05-16 20:26:35,37,r/gifs,4,2018-05-17 00:08:51,3,1,4,0
8jy7nf,2018-05-16 20:26:35,37,r/gifs,4,2018-05-17 00:53:20,4,1,2,0
8jy7nf,2018-05-16 20:26:35,37,r/gifs,4,2018-05-17 00:56:16,5,0,4,0
8jy7nf,2018-05-16 20:26:35,37,r/gifs,4,2018-05-17 01:09:39,1,0,1,0
8jy7nf,2018-05-16 20:26:35,37,r/gifs,4,2018-05-17 01:43:31,1,1,1,0
8jy7nf,2018-05-16 20:26:35,37,r/gifs,4,2018-05-17 01:43:40,2,0,1,0
8jy7nf,2018-05-16 20:26:35,37,r/gifs,4,2018-05-17 02:31:21,1,0,1,0
8jy7nf,2018-05-16 20:26:35,37,r/gifs,5,2018-05-16 22:43:01,0,3,146,0
8jy7nf,2018-05-16 20:26:35,37,r/gifs,5,2018-05-16 22:58:59,1,2,55,0
8jy7nf,2018-05-16 20:26:35,37,r/gifs,5,2018-05-16 23:05:30,2,1,54,0
8jy7nf,2018-05-16 20:26:35,37,r/gifs,5,2018-05-17 01:42:27,3,0,28,0
8jy7nf,2018-05-16 20:26:35,37,r/gifs,5,2018-05-17 02:08:11,2,0,3,0
8jy7nf,2018-05-16 20:26:35,37,r/gifs,5,2018-05-17 03:05:13,1,0,4,0
8jy7nf,2018-05-16 20:26:35,37,r/gifs,5,2018-05-17 03:49:21,1,0,1,0
8jy7nf,2018-05-16 20:26:35,37,r/gifs,6,2018-05-16 21:30:59,0,2,320,0
8jy7nf,2018-05-16 20:26:35,37,r/gifs,6,2018-05-16 23:04:07,1,1,41,0
8jy7nf,2018-05-16 20:26:35,37,r/gifs,6,2018-05-17 04:57:48,2,0,1,0
8jy7nf,2018-05-16 20:26:35,37,r/gifs,6,2018-05-16 22:54:20,1,1,65,0
8jy7nf,2018-05-16 20:26:35,37,r/gifs,6,2018-05-17 00:02:46,2,0,16,0
8jy7nf,2018-05-16 20:26:35,37,r/gifs,7,2018-05-16 21:51:42,0,2,244,0
8jy7nf,2018-05-16 20:26:35,37,r/gifs,7,2018-05-16 22:53:45,1,2,102,0
8jy7nf,2018-05-16 20:26:35,37,r/gifs,7,2018-05-16 22:56:15,2,1,64,0
8jy7nf,2018-05-16 20:26:35,37,r/gifs,7,2018-05-16 23:33:13,3,1,30,0
8jy7nf,2018-05-16 20:26:35,37,r/gifs,7,2018-05-17 02:34:22,4,0,3,0
8jy7nf,2018-05-16 20:26:35,37,r/gifs,7,2018-05-17 00:15:23,2,0,1,0
8jy7nf,2018-05-16 20:26:35,37,r/gifs,7,2018-05-16 22:55:16,1,0,4,0
8jy7nf,2018-05-16 20:26:35,37,r/gifs,8,2018-05-16 21:04:29,0,5,131,0
8jy7nf,2018-05-16 20:26:35,37,r/gifs,8,2018-05-16 22:42:47,1,1,57,0
8jy7nf,2018-05-16 20:26:35,37,r/gifs,8,2018-05-16 23:01:03,2,0,41,0
8jy7nf,2018-05-16 20:26:35,37,r/gifs,8,2018-05-16 23:29:12,1,0,22,0
8jy7nf,2018-05-16 20:26:35,37,r/gifs,8,2018-05-17 00:26:53,1,1,13,0
8jy7nf,2018-05-16 20:26:35,37,r/gifs,8,2018-05-17 00:53:08,2,0,8,0
8jy7nf,2018-05-16 20:26:35,37,r/gifs,8,2018-05-16 22:03:10,1,0,10,0
8jy7nf,2018-05-16 20:26:35,37,r/gifs,8,2018-05-17 03:22:36,1,0,2,0
8jy7nf,2018-05-16 20:26:35,37,r/gifs,9,2018-05-16 22:27:40,0,10,49,0
8jy7nf,2018-05-16 20:26:35,37,r/gifs,9,2018-05-16 22:55:28,1,1,46,0
8jy7nf,2018-05-16 20:26:35,37,r/gifs,9,2018-05-17 00:31:05,2,0,9,0
8jy7nf,2018-05-16 20:26:35,37,r/gifs,9,2018-05-16 23:34:20,1,2,15,0
8jy7nf,2018-05-16 20:26:35,37,r/gifs,9,2018-05-17 00:17:32,2,0,5,0
8jy7nf,2018-05-16 20:26:35,37,r/gifs,9,2018-05-16 22:42:36,1,1,79,0
8jy7nf,2018-05-16 20:26:35,37,r/gifs,9,2018-05-16 23:01:36,2,0,30,0
8jy7nf,2018-05-16 20:26:35,37,r/gifs,9,2018-05-16 22:50:46,1,0,12,0
8jy7nf,2018-05-16 20:26:35,37,r/gifs,9,2018-05-16 23:26:41,1,0,2,0
8jy7nf,2018-05-16 20:26:35,37,r/gifs,9,2018-05-16 23:22:37,1,1,1,0
8jy7nf,2018-05-16 20:26:35,37,r/gifs,9,2018-05-17 00:16:51,2,0,2,0
8jy7nf,2018-05-16 20:26:35,37,r/gifs,9,2018-05-17 00:41:13,1,0,1,0
8jy7nf,2018-05-16 20:26:35,37,r/gifs,9,2018-05-17 01:00:02,1,0,1,0
8jy7nf,2018-05-16 20:26:35,37,r/gifs,9,2018-05-17 01:01:36,1,0,1,0
8jy7nf,2018-05-16 20:26:35,37,r/gifs,10,2018-05-16 22:20:28,0,1,23,0
8jy7nf,2018-05-16 20:26:35,37,r/gifs,10,2018-05-16 23:26:38,1,0,1,0
8jy7nf,2018-05-16 20:26:35,37,r/gifs,11,2018-05-16 23:00:37,0,1,14,0
8jy7nf,2018-05-16 20:26:35,37,r/gifs,11,2018-05-17 02:13:50,1,1,4,0
8jy7nf,2018-05-16 20:26:35,37,r/gifs,11,2018-05-17 04:26:57,2,0,1,0
8jy7nf,2018-05-16 20:26:35,37,r/gifs,12,2018-05-16 20:41:38,0,3,62,0
8jy7nf,2018-05-16 20:26:35,37,r/gifs,12,2018-05-16 20:53:57,1,1,29,0
8jy7nf,2018-05-16 20:26:35,37,r/gifs,12,2018-05-16 22:53:58,2,0,3,0
8jy7nf,2018-05-16 20:26:35,37,r/gifs,12,2018-05-16 23:24:41,1,0,1,0
8jy7nf,2018-05-16 20:26:35,37,r/gifs,13,2018-05-16 21:13:21,0,0,29,0
8jy7nf,2018-05-16 20:26:35,37,r/gifs,14,2018-05-16 21:03:43,0,0,8,0
8jy7nf,2018-05-16 20:26:35,37,r/gifs,15,2018-05-16 22:32:05,0,0,6,0
8jy7nf,2018-05-16 20:26:35,37,r/gifs,16,2018-05-16 22:43:44,0,2,8,0
8jy7nf,2018-05-16 20:26:35,37,r/gifs,16,2018-05-17 00:20:03,1,1,4,0
8jy7nf,2018-05-16 20:26:35,37,r/gifs,16,2018-05-17 00:41:40,2,0,1,0
8jy7nf,2018-05-16 20:26:35,37,r/gifs,16,2018-05-17 01:02:15,1,0,1,0
8jy7nf,2018-05-16 20:26:35,37,r/gifs,17,2018-05-16 22:22:36,0,0,12,0
8jy7nf,2018-05-16 20:26:35,37,r/gifs,18,2018-05-16 22:37:56,0,0,5,0
8jy7nf,2018-05-16 20:26:35,37,r/gifs,19,2018-05-16 21:41:18,0,1,27,0
8jy7nf,2018-05-16 20:26:35,37,r/gifs,19,2018-05-17 03:18:35,1,0,1,0
8jy7nf,2018-05-16 20:26:35,37,r/gifs,20,2018-05-16 22:04:10,0,0,10,0
8jy7nf,2018-05-16 20:26:35,37,r/gifs,21,2018-05-16 22:47:13,0,0,3,0
8jy7nf,2018-05-16 20:26:35,37,r/gifs,22,2018-05-16 22:53:00,0,0,3,0
8jy7nf,2018-05-16 20:26:35,37,r/gifs,23,2018-05-16 22:55:28,0,0,4,0
8jy7nf,2018-05-16 20:26:35,37,r/gifs,24,2018-05-16 20:47:56,0,0,11,0
8jy7nf,2018-05-16 20:26:35,37,r/gifs,25,2018-05-16 20:44:04,0,0,7,0
8jy7nf,2018-05-16 20:26:35,37,r/gifs,26,2018-05-16 20:49:49,0,0,15,0
8jy7nf,2018-05-16 20:26:35,37,r/gifs,27,2018-05-16 21:28:32,0,0,3,0
8jy7nf,2018-05-16 20:26:35,37,r/gifs,28,2018-05-16 21:45:18,0,0,3,0
8jy7nf,2018-05-16 20:26:35,37,r/gifs,29,2018-05-16 22:18:51,0,1,3,0
8jy7nf,2018-05-16 20:26:35,37,r/gifs,29,2018-05-17 03:43:17,1,0,1,0
8jy7nf,2018-05-16 20:26:35,37,r/gifs,30,2018-05-16 22:57:56,0,0,3,0
8jy7nf,2018-05-16 20:26:35,37,r/gifs,31,2018-05-16 23:04:04,0,0,3,0
8jy7nf,2018-05-16 20:26:35,37,r/gifs,32,2018-05-16 23:30:40,0,0,3,0
8jy7nf,2018-05-16 20:26:35,37,r/gifs,33,2018-05-16 21:58:10,0,0,4,0
8jy7nf,2018-05-16 20:26:35,37,r/gifs,34,2018-05-16 21:48:10,0,0,2,0
8jy7nf,2018-05-16 20:26:35,37,r/gifs,35,2018-05-16 21:55:29,0,0,2,0
8jy7nf,2018-05-16 20:26:35,37,r/gifs,36,2018-05-16 22:30:21,0,0,2,0
8jy7nf,2018-05-16 20:26:35,37,r/gifs,37,2018-05-16 22:58:11,0,0,2,0
8jy7nf,2018-05-16 20:26:35,37,r/gifs,38,2018-05-16 22:58:18,0,0,2,0
8jy7nf,2018-05-16 20:26:35,37,r/gifs,39,2018-05-16 22:58:33,0,0,2,0
8jy7nf,2018-05-16 20:26:35,37,r/gifs,40,2018-05-16 23:02:16,0,0,2,0
8jy7nf,2018-05-16 20:26:35,37,r/gifs,41,2018-05-16 23:03:54,0,0,2,0
8jy7nf,2018-05-16 20:26:35,37,r/gifs,42,2018-05-16 23:04:03,0,0,2,0
8jy7nf,2018-05-16 20:26:35,37,r/gifs,43,2018-05-16 23:05:47,0,0,2,0
8jy7nf,2018-05-16 20:26:35,37,r/gifs,44,2018-05-16 23:13:20,0,0,2,0
8jy7nf,2018-05-16 20:26:35,37,r/gifs,45,2018-05-16 23:19:20,0,0,2,0
8jy7nf,2018-05-16 20:26:35,37,r/gifs,46,2018-05-16 23:19:45,0,0,2,0
8jy7nf,2018-05-16 20:26:35,37,r/gifs,47,2018-05-16 23:23:07,0,1,2,0
8jy7nf,2018-05-16 20:26:35,37,r/gifs,47,2018-05-17 01:15:12,1,0,1,0
8jy7nf,2018-05-16 20:26:35,37,r/gifs,48,2018-05-16 23:24:53,0,0,2,0
8jy7nf,2018-05-16 20:26:35,37,r/gifs,49,2018-05-16 23:29:40,0,0,2,0
8jy7nf,2018-05-16 20:26:35,37,r/gifs,50,2018-05-16 23:30:31,0,0,2,0
8jy7nf,2018-05-16 20:26:35,37,r/gifs,51,2018-05-17 01:52:18,0,0,2,0
8jy7nf,2018-05-16 20:26:35,37,r/gifs,52,2018-05-17 02:17:41,0,0,2,0
8jy7nf,2018-05-16 20:26:35,37,r/gifs,53,2018-05-17 04:17:13,0,0,1,0
8jy7nf,2018-05-16 20:26:35,37,r/gifs,54,2018-05-16 21:06:07,0,0,5,0
8jy7nf,2018-05-16 20:26:35,37,r/gifs,55,2018-05-17 00:10:58,0,0,3,0
8jy7nf,2018-05-16 20:26:35,37,r/gifs,56,2018-05-17 01:41:59,0,0,2,0
8jy7nf,2018-05-16 20:26:35,37,r/gifs,57,2018-05-16 22:12:25,0,0,3,0
8jy7nf,2018-05-16 20:26:35,37,r/gifs,58,2018-05-16 22:39:36,0,0,2,0
8jy7nf,2018-05-16 20:26:35,37,r/gifs,59,2018-05-16 22:56:44,0,1,2,0
8jy7nf,2018-05-16 20:26:35,37,r/gifs,60,2018-05-16 22:57:14,0,0,2,0
8jy7nf,2018-05-16 20:26:35,37,r/gifs,61,2018-05-16 23:05:35,0,0,2,0
8jy7nf,2018-05-16 20:26:35,37,r/gifs,62,2018-05-16 23:10:53,0,0,2,0
8jy7nf,2018-05-16 20:26:35,37,r/gifs,63,2018-05-17 00:25:16,0,0,2,0
8jy7nf,2018-05-16 20:26:35,37,r/gifs,64,2018-05-17 00:36:05,0,0,2,0
8jy7nf,2018-05-16 20:26:35,37,r/gifs,65,2018-05-16 21:59:57,0,0,2,0
8jy7nf,2018-05-16 20:26:35,37,r/gifs,66,2018-05-16 21:24:33,0,0,1,0
8jy7nf,2018-05-16 20:26:35,37,r/gifs,67,2018-05-16 22:21:02,0,0,2,0
8jy7nf,2018-05-16 20:26:35,37,r/gifs,68,2018-05-16 22:53:13,0,0,1,0
8jy7nf,2018-05-16 20:26:35,37,r/gifs,69,2018-05-16 22:55:32,0,0,1,0
8jy7nf,2018-05-16 20:26:35,37,r/gifs,70,2018-05-16 23:12:08,0,0,1,0
8jy7nf,2018-05-16 20:26:35,37,r/gifs,71,2018-05-16 23:18:48,0,0,1,0
8jy7nf,2018-05-16 20:26:35,37,r/gifs,72,2018-05-16 23:21:31,0,0,1,0
8jy7nf,2018-05-16 20:26:35,37,r/gifs,73,2018-05-16 23:21:53,0,0,1,0
8jy7nf,2018-05-16 20:26:35,37,r/gifs,74,2018-05-16 23:24:14,0,0,1,0
8jy7nf,2018-05-16 20:26:35,37,r/gifs,75,2018-05-16 23:27:58,0,0,1,0
8jy7nf,2018-05-16 20:26:35,37,r/gifs,76,2018-05-16 23:28:32,0,0,1,0
8jy7nf,2018-05-16 20:26:35,37,r/gifs,77,2018-05-16 23:28:33,0,0,1,0
8jy7nf,2018-05-16 20:26:35,37,r/gifs,78,2018-05-16 23:28:59,0,0,1,0
8jy7nf,2018-05-16 20:26:35,37,r/gifs,79,2018-05-16 23:30:03,0,0,1,0
8jy7nf,2018-05-16 20:26:35,37,r/gifs,80,2018-05-16 23:32:09,0,0,1,0
8jy7nf,2018-05-16 20:26:35,37,r/gifs,81,2018-05-16 23:33:59,0,0,1,0
8jy7nf,2018-05-16 20:26:35,37,r/gifs,82,2018-05-16 23:35:11,0,0,1,0
8jy7nf,2018-05-16 20:26:35,37,r/gifs,83,2018-05-16 23:35:23,0,1,1,0
8jy7nf,2018-05-16 20:26:35,37,r/gifs,83,2018-05-17 00:42:57,1,0,1,0
8jy7nf,2018-05-16 20:26:35,37,r/gifs,84,2018-05-16 23:37:28,0,0,1,0
8jy7nf,2018-05-16 20:26:35,37,r/gifs,85,2018-05-16 23:37:37,0,0,1,0
8jy7nf,2018-05-16 20:26:35,37,r/gifs,86,2018-05-16 23:37:40,0,0,1,0
8jy7nf,2018-05-16 20:26:35,37,r/gifs,87,2018-05-16 23:38:11,0,0,1,0
8jy7nf,2018-05-16 20:26:35,37,r/gifs,88,2018-05-16 23:39:10,0,0,1,0
8jy7nf,2018-05-16 20:26:35,37,r/gifs,89,2018-05-16 23:41:16,0,0,1,0
8jy7nf,2018-05-16 20:26:35,37,r/gifs,90,2018-05-16 23:43:56,0,0,1,0
8jy7nf,2018-05-16 20:26:35,37,r/gifs,91,2018-05-16 23:44:13,0,0,1,0
8jy7nf,2018-05-16 20:26:35,37,r/gifs,92,2018-05-16 23:46:50,0,0,1,0
8jy7nf,2018-05-16 20:26:35,37,r/gifs,93,2018-05-16 23:50:05,0,0,1,0
8jy7nf,2018-05-16 20:26:35,37,r/gifs,94,2018-05-16 23:51:03,0,0,1,0
8jy7nf,2018-05-16 20:26:35,37,r/gifs,95,2018-05-16 23:51:31,0,0,1,0
8jy7nf,2018-05-16 20:26:35,37,r/gifs,96,2018-05-16 23:52:13,0,0,1,0
8jy7nf,2018-05-16 20:26:35,37,r/gifs,97,2018-05-16 23:54:03,0,0,1,0
8jy7nf,2018-05-16 20:26:35,37,r/gifs,98,2018-05-16 23:57:13,0,0,1,0
8jy7nf,2018-05-16 20:26:35,37,r/gifs,99,2018-05-16 23:59:23,0,0,1,0
8jy7nf,2018-05-16 20:26:35,37,r/gifs,100,2018-05-17 00:01:33,0,0,1,0
8jy7nf,2018-05-16 20:26:35,37,r/gifs,101,2018-05-17 00:03:55,0,0,1,0
8jy7nf,2018-05-16 20:26:35,37,r/gifs,102,2018-05-17 00:05:03,0,0,1,0
8jy7nf,2018-05-16 20:26:35,37,r/gifs,103,2018-05-17 00:05:29,0,0,1,0
8jy7nf,2018-05-16 20:26:35,37,r/gifs,104,2018-05-17 00:06:25,0,0,1,0
8jy7nf,2018-05-16 20:26:35,37,r/gifs,105,2018-05-17 00:06:26,0,0,1,0
8jy7nf,2018-05-16 20:26:35,37,r/gifs,106,2018-05-17 00:07:05,0,0,1,0
8jy7nf,2018-05-16 20:26:35,37,r/gifs,107,2018-05-17 00:07:05,0,0,1,0
8jy7nf,2018-05-16 20:26:35,37,r/gifs,108,2018-05-17 00:07:17,0,0,1,0
8jy7nf,2018-05-16 20:26:35,37,r/gifs,109,2018-05-17 00:08:41,0,0,1,0
8jy7nf,2018-05-16 20:26:35,37,r/gifs,110,2018-05-17 00:09:48,0,0,1,0
8jy7nf,2018-05-16 20:26:35,37,r/gifs,111,2018-05-17 00:17:20,0,0,1,0
8jy7nf,2018-05-16 20:26:35,37,r/gifs,112,2018-05-17 00:18:27,0,0,1,0
8jy7nf,2018-05-16 20:26:35,37,r/gifs,113,2018-05-17 00:21:27,0,0,1,0
8jy7nf,2018-05-16 20:26:35,37,r/gifs,114,2018-05-17 00:21:44,0,0,1,0
8jy7nf,2018-05-16 20:26:35,37,r/gifs,115,2018-05-17 00:24:48,0,0,1,0
8jy7nf,2018-05-16 20:26:35,37,r/gifs,116,2018-05-17 00:27:18,0,0,1,0
8jy7nf,2018-05-16 20:26:35,37,r/gifs,117,2018-05-17 00:29:42,0,0,1,0
8jy7nf,2018-05-16 20:26:35,37,r/gifs,118,2018-05-17 00:29:56,0,0,1,0
8jy7nf,2018-05-16 20:26:35,37,r/gifs,119,2018-05-17 00:31:58,0,0,1,0
8jy7nf,2018-05-16 20:26:35,37,r/gifs,120,2018-05-17 00:34:24,0,0,1,0
8jy7nf,2018-05-16 20:26:35,37,r/gifs,121,2018-05-17 00:35:20,0,0,1,0
8jy7nf,2018-05-16 20:26:35,37,r/gifs,122,2018-05-17 00:36:49,0,0,1,0
8jy7nf,2018-05-16 20:26:35,37,r/gifs,123,2018-05-17 00:37:31,0,0,1,0
8jy7nf,2018-05-16 20:26:35,37,r/gifs,124,2018-05-17 00:38:43,0,1,1,0
8jy7nf,2018-05-16 20:26:35,37,r/gifs,124,2018-05-17 00:39:19,1,0,1,0
8jy7nf,2018-05-16 20:26:35,37,r/gifs,125,2018-05-17 00:39:04,0,0,1,0
8jy7nf,2018-05-16 20:26:35,37,r/gifs,126,2018-05-17 00:40:26,0,0,1,0
8jy7nf,2018-05-16 20:26:35,37,r/gifs,127,2018-05-17 00:43:07,0,0,1,0
8jy7nf,2018-05-16 20:26:35,37,r/gifs,128,2018-05-17 00:43:33,0,0,1,0
8jy7nf,2018-05-16 20:26:35,37,r/gifs,129,2018-05-17 00:45:13,0,0,1,0
8jy7nf,2018-05-16 20:26:35,37,r/gifs,130,2018-05-17 00:46:34,0,0,1,0
8jy7nf,2018-05-16 20:26:35,37,r/gifs,131,2018-05-17 00:46:47,0,0,1,0
8jy7nf,2018-05-16 20:26:35,37,r/gifs,132,2018-05-17 00:51:38,0,0,1,0
8jy7nf,2018-05-16 20:26:35,37,r/gifs,133,2018-05-17 00:52:12,0,0,1,0
8jy7nf,2018-05-16 20:26:35,37,r/gifs,134,2018-05-17 00:52:14,0,0,1,0
8jy7nf,2018-05-16 20:26:35,37,r/gifs,135,2018-05-17 00:54:03,0,0,1,0
8jy7nf,2018-05-16 20:26:35,37,r/gifs,136,2018-05-17 00:55:57,0,0,1,0
8jy7nf,2018-05-16 20:26:35,37,r/gifs,137,2018-05-17 00:58:57,0,0,1,0
8jy7nf,2018-05-16 20:26:35,37,r/gifs,138,2018-05-17 01:00:39,0,0,1,0
8jy7nf,2018-05-16 20:26:35,37,r/gifs,139,2018-05-17 01:02:53,0,0,1,0
8jy7nf,2018-05-16 20:26:35,37,r/gifs,140,2018-05-17 01:04:06,0,0,1,0
8jy7nf,2018-05-16 20:26:35,37,r/gifs,141,2018-05-17 01:04:20,0,0,1,0
8jy7nf,2018-05-16 20:26:35,37,r/gifs,142,2018-05-17 01:09:44,0,0,1,0
8jy7nf,2018-05-16 20:26:35,37,r/gifs,143,2018-05-17 01:12:09,0,0,1,0
8jy7nf,2018-05-16 20:26:35,37,r/gifs,144,2018-05-17 01:16:06,0,0,1,0
8jy7nf,2018-05-16 20:26:35,37,r/gifs,145,2018-05-17 01:16:09,0,0,1,0
8jy7nf,2018-05-16 20:26:35,37,r/gifs,146,2018-05-17 01:17:28,0,0,1,0
8jy7nf,2018-05-16 20:26:35,37,r/gifs,147,2018-05-17 01:18:49,0,0,1,0
8jy7nf,2018-05-16 20:26:35,37,r/gifs,148,2018-05-17 01:20:42,0,0,1,0
8jy7nf,2018-05-16 20:26:35,37,r/gifs,149,2018-05-17 01:21:38,0,0,1,0
8jy7nf,2018-05-16 20:26:35,37,r/gifs,150,2018-05-17 01:22:15,0,0,1,0
8jy7nf,2018-05-16 20:26:35,37,r/gifs,151,2018-05-17 01:23:04,0,0,1,0
8jy7nf,2018-05-16 20:26:35,37,r/gifs,152,2018-05-17 01:24:10,0,0,1,0
8jy7nf,2018-05-16 20:26:35,37,r/gifs,153,2018-05-17 01:24:52,0,0,1,0
8jy7nf,2018-05-16 20:26:35,37,r/gifs,154,2018-05-17 01:25:35,0,0,1,0
8jy7nf,2018-05-16 20:26:35,37,r/gifs,155,2018-05-17 01:27:39,0,0,1,0
8jy7nf,2018-05-16 20:26:35,37,r/gifs,156,2018-05-17 01:28:32,0,0,1,0
8jy7nf,2018-05-16 20:26:35,37,r/gifs,157,2018-05-17 01:33:02,0,0,1,0
8jy7nf,2018-05-16 20:26:35,37,r/gifs,158,2018-05-17 01:33:52,0,0,1,0
8jy7nf,2018-05-16 20:26:35,37,r/gifs,159,2018-05-17 01:37:35,0,1,1,0
8jy7nf,2018-05-16 20:26:35,37,r/gifs,159,2018-05-17 01:43:46,1,0,1,0
8jy7nf,2018-05-16 20:26:35,37,r/gifs,160,2018-05-17 01:38:46,0,0,1,0
8jy7nf,2018-05-16 20:26:35,37,r/gifs,161,2018-05-17 01:39:20,0,0,1,0
8jy7nf,2018-05-16 20:26:35,37,r/gifs,162,2018-05-17 01:44:05,0,0,1,0
8jy7nf,2018-05-16 20:26:35,37,r/gifs,163,2018-05-17 01:44:15,0,0,1,0
8jy7nf,2018-05-16 20:26:35,37,r/gifs,164,2018-05-17 01:45:39,0,0,1,0
8jy7nf,2018-05-16 20:26:35,37,r/gifs,165,2018-05-17 01:49:04,0,0,1,0
8jy7nf,2018-05-16 20:26:35,37,r/gifs,166,2018-05-17 01:53:24,0,0,1,0
8jy7nf,2018-05-16 20:26:35,37,r/gifs,167,2018-05-17 01:53:34,0,0,1,0
8jy7nf,2018-05-16 20:26:35,37,r/gifs,168,2018-05-17 01:55:10,0,0,1,0
8jy7nf,2018-05-16 20:26:35,37,r/gifs,169,2018-05-17 01:56:55,0,0,1,0
8jy7nf,2018-05-16 20:26:35,37,r/gifs,170,2018-05-17 01:57:54,0,0,1,0
8jy7nf,2018-05-16 20:26:35,37,r/gifs,171,2018-05-17 02:03:26,0,0,1,0
8jy7nf,2018-05-16 20:26:35,37,r/gifs,172,2018-05-17 02:03:37,0,0,1,0
8jy7nf,2018-05-16 20:26:35,37,r/gifs,173,2018-05-17 02:05:33,0,0,1,0
8jy7nf,2018-05-16 20:26:35,37,r/gifs,174,2018-05-17 02:06:21,0,0,1,0
8jy7nf,2018-05-16 20:26:35,37,r/gifs,175,2018-05-17 02:07:53,0,0,1,0
8jy7nf,2018-05-16 20:26:35,37,r/gifs,176,2018-05-17 02:09:23,0,0,1,0
8jy7nf,2018-05-16 20:26:35,37,r/gifs,177,2018-05-17 02:13:19,0,0,1,0
8jy7nf,2018-05-16 20:26:35,37,r/gifs,178,2018-05-17 02:13:59,0,0,1,0
8jy7nf,2018-05-16 20:26:35,37,r/gifs,179,2018-05-17 02:14:48,0,0,1,0
8jy7nf,2018-05-16 20:26:35,37,r/gifs,180,2018-05-17 02:18:31,0,0,1,0
8jy7nf,2018-05-16 20:26:35,37,r/gifs,181,2018-05-17 02:21:43,0,0,1,0
8jy7nf,2018-05-16 20:26:35,37,r/gifs,182,2018-05-17 02:23:40,0,0,1,0
8jy7nf,2018-05-16 20:26:35,37,r/gifs,183,2018-05-17 02:30:56,0,0,1,0
8jy7nf,2018-05-16 20:26:35,37,r/gifs,184,2018-05-17 02:35:26,0,0,1,0
8jy7nf,2018-05-16 20:26:35,37,r/gifs,185,2018-05-17 02:36:38,0,0,1,0
8jy7nf,2018-05-16 20:26:35,37,r/gifs,186,2018-05-17 02:38:29,0,0,1,0
8jy7nf,2018-05-16 20:26:35,37,r/gifs,187,2018-05-17 02:40:25,0,0,1,0
8jy7nf,2018-05-16 20:26:35,37,r/gifs,188,2018-05-17 02:40:42,0,0,1,0
8jy7nf,2018-05-16 20:26:35,37,r/gifs,189,2018-05-17 02:40:58,0,0,1,0
8jy7nf,2018-05-16 20:26:35,37,r/gifs,190,2018-05-17 02:41:01,0,0,1,0
8jy7nf,2018-05-16 20:26:35,37,r/gifs,191,2018-05-17 02:42:21,0,0,1,0
8jy7nf,2018-05-16 20:26:35,37,r/gifs,192,2018-05-17 02:43:01,0,0,1,0
8jy7nf,2018-05-16 20:26:35,37,r/gifs,193,2018-05-17 02:47:03,0,0,1,0
8jy7nf,2018-05-16 20:26:35,37,r/gifs,194,2018-05-17 02:47:16,0,0,1,0
8jy7nf,2018-05-16 20:26:35,37,r/gifs,195,2018-05-17 02:47:54,0,0,1,0
8jy7nf,2018-05-16 20:26:35,37,r/gifs,196,2018-05-17 02:47:59,0,0,1,0
8jy7nf,2018-05-16 20:26:35,37,r/gifs,197,2018-05-17 02:48:08,0,0,1,0
8jy7nf,2018-05-16 20:26:35,37,r/gifs,198,2018-05-17 02:49:47,0,0,1,0
8jy7nf,2018-05-16 20:26:35,37,r/gifs,199,2018-05-17 02:50:10,0,0,1,0
8jy7nf,2018-05-16 20:26:35,37,r/gifs,200,2018-05-17 02:53:43,0,0,1,0
8jy7nf,2018-05-16 20:26:35,37,r/gifs,201,2018-05-17 02:55:48,0,0,1,0
8jy7nf,2018-05-16 20:26:35,37,r/gifs,202,2018-05-17 02:56:26,0,0,1,0
8jy7nf,2018-05-16 20:26:35,37,r/gifs,203,2018-05-17 03:00:54,0,0,1,0
8jy7nf,2018-05-16 20:26:35,37,r/gifs,204,2018-05-17 03:01:06,0,0,1,0
8jy7nf,2018-05-16 20:26:35,37,r/gifs,205,2018-05-17 03:01:28,0,0,1,0
8jy7nf,2018-05-16 20:26:35,37,r/gifs,206,2018-05-17 03:10:27,0,0,1,0
8jy7nf,2018-05-16 20:26:35,37,r/gifs,207,2018-05-17 03:10:36,0,0,1,0
8jy7nf,2018-05-16 20:26:35,37,r/gifs,208,2018-05-17 03:12:45,0,0,1,0
8jy7nf,2018-05-16 20:26:35,37,r/gifs,209,2018-05-17 03:13:18,0,0,1,0
8jy7nf,2018-05-16 20:26:35,37,r/gifs,210,2018-05-17 03:15:35,0,0,1,0
8jy7nf,2018-05-16 20:26:35,37,r/gifs,211,2018-05-17 03:17:07,0,0,1,0
8jy7nf,2018-05-16 20:26:35,37,r/gifs,212,2018-05-17 03:19:23,0,0,1,0
8jy7nf,2018-05-16 20:26:35,37,r/gifs,213,2018-05-17 03:20:49,0,0,1,0
8jy7nf,2018-05-16 20:26:35,37,r/gifs,214,2018-05-17 03:22:18,0,0,1,0
8jy7nf,2018-05-16 20:26:35,37,r/gifs,215,2018-05-17 03:32:59,0,0,1,0
8jy7nf,2018-05-16 20:26:35,37,r/gifs,216,2018-05-17 03:33:04,0,0,1,0
8jy7nf,2018-05-16 20:26:35,37,r/gifs,217,2018-05-17 03:37:34,0,0,1,0
8jy7nf,2018-05-16 20:26:35,37,r/gifs,218,2018-05-17 03:38:40,0,0,1,0
8jy7nf,2018-05-16 20:26:35,37,r/gifs,219,2018-05-17 03:44:33,0,0,1,0
8jy7nf,2018-05-16 20:26:35,37,r/gifs,220,2018-05-17 03:48:41,0,0,1,0
8jy7nf,2018-05-16 20:26:35,37,r/gifs,221,2018-05-17 03:56:29,0,0,1,0
8jy7nf,2018-05-16 20:26:35,37,r/gifs,222,2018-05-17 03:58:31,0,0,1,0
8jy7nf,2018-05-16 20:26:35,37,r/gifs,223,2018-05-17 04:01:44,0,0,1,0
8jy7nf,2018-05-16 20:26:35,37,r/gifs,224,2018-05-17 04:02:12,0,0,1,0
8jy7nf,2018-05-16 20:26:35,37,r/gifs,225,2018-05-17 04:03:21,0,0,1,0
8jy7nf,2018-05-16 20:26:35,37,r/gifs,226,2018-05-17 04:06:35,0,0,1,0
8jy7nf,2018-05-16 20:26:35,37,r/gifs,227,2018-05-17 04:07:37,0,0,1,0
8jy7nf,2018-05-16 20:26:35,37,r/gifs,228,2018-05-17 04:07:53,0,0,1,0
8jy7nf,2018-05-16 20:26:35,37,r/gifs,229,2018-05-17 04:08:30,0,0,1,0
8jy7nf,2018-05-16 20:26:35,37,r/gifs,230,2018-05-17 04:13:34,0,0,1,0
8jy7nf,2018-05-16 20:26:35,37,r/gifs,231,2018-05-17 04:20:02,0,0,1,0
8jy7nf,2018-05-16 20:26:35,37,r/gifs,232,2018-05-17 04:28:30,0,0,1,0
8jy7nf,2018-05-16 20:26:35,37,r/gifs,233,2018-05-17 04:37:43,0,0,1,0
8jy7nf,2018-05-16 20:26:35,37,r/gifs,234,2018-05-17 04:42:01,0,0,1,0
8jy7nf,2018-05-16 20:26:35,37,r/gifs,235,2018-05-17 04:43:26,0,0,1,0
8jy7nf,2018-05-16 20:26:35,37,r/gifs,236,2018-05-17 04:46:47,0,0,1,0
8jy7nf,2018-05-16 20:26:35,37,r/gifs,237,2018-05-17 04:50:22,0,0,1,0
8jy7nf,2018-05-16 20:26:35,37,r/gifs,238,2018-05-17 04:52:36,0,0,1,0
8jyf4j,2018-05-16 20:53:37,38,r/Showerthoughts,0,2018-05-16 23:19:27,0,8,1749,0
8jyf4j,2018-05-16 20:53:37,38,r/Showerthoughts,0,2018-05-17 02:20:18,1,2,536,0
8jyf4j,2018-05-16 20:53:37,38,r/Showerthoughts,0,2018-05-17 02:54:36,2,2,198,0
8jyf4j,2018-05-16 20:53:37,38,r/Showerthoughts,0,2018-05-17 03:29:08,3,0,25,0
8jyf4j,2018-05-16 20:53:37,38,r/Showerthoughts,0,2018-05-17 03:19:13,3,8,15,0
8jyf4j,2018-05-16 20:53:37,38,r/Showerthoughts,0,2018-05-17 03:25:24,4,3,58,0
8jyf4j,2018-05-16 20:53:37,38,r/Showerthoughts,0,2018-05-17 04:27:11,5,0,1,0
8jyf4j,2018-05-16 20:53:37,38,r/Showerthoughts,0,2018-05-17 04:41:01,5,0,1,0
8jyf4j,2018-05-16 20:53:37,38,r/Showerthoughts,0,2018-05-17 04:35:11,5,0,1,0
8jyf4j,2018-05-16 20:53:37,38,r/Showerthoughts,0,2018-05-17 03:28:02,4,0,13,0
8jyf4j,2018-05-16 20:53:37,38,r/Showerthoughts,0,2018-05-17 03:35:56,4,1,15,0
8jyf4j,2018-05-16 20:53:37,38,r/Showerthoughts,0,2018-05-17 04:00:15,5,3,13,0
8jyf4j,2018-05-16 20:53:37,38,r/Showerthoughts,0,2018-05-17 04:11:47,6,2,8,0
8jyf4j,2018-05-16 20:53:37,38,r/Showerthoughts,0,2018-05-17 04:45:27,7,0,1,0
8jyf4j,2018-05-16 20:53:37,38,r/Showerthoughts,0,2018-05-17 04:17:59,7,1,5,0
8jyf4j,2018-05-16 20:53:37,38,r/Showerthoughts,0,2018-05-17 04:20:28,8,1,5,0
8jyf4j,2018-05-16 20:53:37,38,r/Showerthoughts,0,2018-05-17 04:36:39,9,1,1,0
8jyf4j,2018-05-16 20:53:37,38,r/Showerthoughts,0,2018-05-17 04:47:56,6,0,1,0
8jyf4j,2018-05-16 20:53:37,38,r/Showerthoughts,0,2018-05-17 05:00:16,6,0,1,0
8jyf4j,2018-05-16 20:53:37,38,r/Showerthoughts,0,2018-05-17 04:03:52,4,1,4,0
8jyf4j,2018-05-16 20:53:37,38,r/Showerthoughts,0,2018-05-17 04:21:17,5,0,1,0
8jyf4j,2018-05-16 20:53:37,38,r/Showerthoughts,0,2018-05-17 03:25:52,4,0,2,0
8jyf4j,2018-05-16 20:53:37,38,r/Showerthoughts,0,2018-05-17 03:37:54,4,0,1,0
8jyf4j,2018-05-16 20:53:37,38,r/Showerthoughts,0,2018-05-17 04:50:00,4,0,1,0
8jyf4j,2018-05-16 20:53:37,38,r/Showerthoughts,0,2018-05-17 03:41:53,4,0,-2,0
8jyf4j,2018-05-16 20:53:37,38,r/Showerthoughts,0,2018-05-17 05:10:22,2,0,1,0
8jyf4j,2018-05-16 20:53:37,38,r/Showerthoughts,0,2018-05-17 03:31:43,1,0,45,0
8jyf4j,2018-05-16 20:53:37,38,r/Showerthoughts,0,2018-05-17 04:48:22,1,1,1,0
8jyf4j,2018-05-16 20:53:37,38,r/Showerthoughts,0,2018-05-17 05:16:27,2,0,1,0
8jyf4j,2018-05-16 20:53:37,38,r/Showerthoughts,0,2018-05-17 04:12:19,1,0,7,0
8jyf4j,2018-05-16 20:53:37,38,r/Showerthoughts,0,2018-05-17 04:19:57,1,0,5,0
8jyf4j,2018-05-16 20:53:37,38,r/Showerthoughts,0,2018-05-17 04:57:12,1,0,1,0
8jyf4j,2018-05-16 20:53:37,38,r/Showerthoughts,0,2018-05-17 05:09:28,1,0,1,0
8jyf4j,2018-05-16 20:53:37,38,r/Showerthoughts,0,2018-05-17 04:32:37,1,0,1,0
8jyf4j,2018-05-16 20:53:37,38,r/Showerthoughts,1,2018-05-16 20:55:20,0,7,4090,0
8jyf4j,2018-05-16 20:53:37,38,r/Showerthoughts,1,2018-05-16 23:40:07,1,17,1478,0
8jyf4j,2018-05-16 20:53:37,38,r/Showerthoughts,1,2018-05-16 23:54:32,2,4,492,0
8jyf4j,2018-05-16 20:53:37,38,r/Showerthoughts,1,2018-05-17 01:23:12,3,2,154,0
8jyf4j,2018-05-16 20:53:37,38,r/Showerthoughts,1,2018-05-17 01:59:31,4,1,100,0
8jyf4j,2018-05-16 20:53:37,38,r/Showerthoughts,1,2018-05-17 02:32:43,5,1,40,0
8jyf4j,2018-05-16 20:53:37,38,r/Showerthoughts,1,2018-05-17 02:37:30,6,1,27,0
8jyf4j,2018-05-16 20:53:37,38,r/Showerthoughts,1,2018-05-17 02:58:42,7,3,16,0
8jyf4j,2018-05-16 20:53:37,38,r/Showerthoughts,1,2018-05-17 03:40:22,8,0,2,0
8jyf4j,2018-05-16 20:53:37,38,r/Showerthoughts,1,2018-05-17 04:40:26,8,0,1,0
8jyf4j,2018-05-16 20:53:37,38,r/Showerthoughts,1,2018-05-17 03:38:27,8,1,-1,0
8jyf4j,2018-05-16 20:53:37,38,r/Showerthoughts,1,2018-05-17 04:00:49,9,0,1,0
8jyf4j,2018-05-16 20:53:37,38,r/Showerthoughts,1,2018-05-17 04:55:53,4,0,1,0
8jyf4j,2018-05-16 20:53:37,38,r/Showerthoughts,1,2018-05-17 01:29:22,3,1,12,0
8jyf4j,2018-05-16 20:53:37,38,r/Showerthoughts,1,2018-05-17 04:25:49,4,0,1,0
8jyf4j,2018-05-16 20:53:37,38,r/Showerthoughts,1,2018-05-17 03:30:42,3,0,6,0
8jyf4j,2018-05-16 20:53:37,38,r/Showerthoughts,1,2018-05-17 00:58:06,3,0,6,0
8jyf4j,2018-05-16 20:53:37,38,r/Showerthoughts,1,2018-05-17 00:46:11,2,1,84,0
8jyf4j,2018-05-16 20:53:37,38,r/Showerthoughts,1,2018-05-17 01:22:51,3,1,46,0
8jyf4j,2018-05-16 20:53:37,38,r/Showerthoughts,1,2018-05-17 02:57:57,4,2,16,0
8jyf4j,2018-05-16 20:53:37,38,r/Showerthoughts,1,2018-05-17 03:53:25,5,1,15,0
8jyf4j,2018-05-16 20:53:37,38,r/Showerthoughts,1,2018-05-17 04:26:21,6,1,1,0
8jyf4j,2018-05-16 20:53:37,38,r/Showerthoughts,1,2018-05-17 04:56:56,7,0,1,0
8jyf4j,2018-05-16 20:53:37,38,r/Showerthoughts,1,2018-05-17 03:39:03,5,0,8,0
8jyf4j,2018-05-16 20:53:37,38,r/Showerthoughts,1,2018-05-17 02:43:10,2,1,30,0
8jyf4j,2018-05-16 20:53:37,38,r/Showerthoughts,1,2018-05-17 04:10:41,3,0,7,0
8jyf4j,2018-05-16 20:53:37,38,r/Showerthoughts,1,2018-05-16 23:43:06,2,6,60,0
8jyf4j,2018-05-16 20:53:37,38,r/Showerthoughts,1,2018-05-16 23:47:12,3,2,33,0
8jyf4j,2018-05-16 20:53:37,38,r/Showerthoughts,1,2018-05-17 00:12:34,4,2,27,0
8jyf4j,2018-05-16 20:53:37,38,r/Showerthoughts,1,2018-05-17 00:29:08,5,0,8,0
8jyf4j,2018-05-16 20:53:37,38,r/Showerthoughts,1,2018-05-17 03:25:21,5,0,2,0
8jyf4j,2018-05-16 20:53:37,38,r/Showerthoughts,1,2018-05-17 03:27:03,4,1,1,0
8jyf4j,2018-05-16 20:53:37,38,r/Showerthoughts,1,2018-05-17 03:35:55,5,0,1,0
8jyf4j,2018-05-16 20:53:37,38,r/Showerthoughts,1,2018-05-16 23:59:14,3,1,17,0
8jyf4j,2018-05-16 20:53:37,38,r/Showerthoughts,1,2018-05-17 00:44:43,4,2,37,0
8jyf4j,2018-05-16 20:53:37,38,r/Showerthoughts,1,2018-05-17 01:34:21,5,2,20,0
8jyf4j,2018-05-16 20:53:37,38,r/Showerthoughts,1,2018-05-17 03:07:55,6,0,9,0
8jyf4j,2018-05-16 20:53:37,38,r/Showerthoughts,1,2018-05-17 03:40:26,6,1,4,0
8jyf4j,2018-05-16 20:53:37,38,r/Showerthoughts,1,2018-05-17 05:18:18,7,0,1,0
8jyf4j,2018-05-16 20:53:37,38,r/Showerthoughts,1,2018-05-17 00:57:16,5,2,11,0
8jyf4j,2018-05-16 20:53:37,38,r/Showerthoughts,1,2018-05-17 01:34:51,6,0,16,0
8jyf4j,2018-05-16 20:53:37,38,r/Showerthoughts,1,2018-05-17 01:54:54,6,1,2,0
8jyf4j,2018-05-16 20:53:37,38,r/Showerthoughts,1,2018-05-17 02:04:16,7,1,8,0
8jyf4j,2018-05-16 20:53:37,38,r/Showerthoughts,1,2018-05-17 02:40:27,8,0,5,0
8jyf4j,2018-05-16 20:53:37,38,r/Showerthoughts,1,2018-05-17 00:23:53,3,0,6,0
8jyf4j,2018-05-16 20:53:37,38,r/Showerthoughts,1,2018-05-17 02:10:30,3,0,5,0
8jyf4j,2018-05-16 20:53:37,38,r/Showerthoughts,1,2018-05-17 00:07:00,3,0,9,0
8jyf4j,2018-05-16 20:53:37,38,r/Showerthoughts,1,2018-05-17 04:20:54,3,0,1,0
8jyf4j,2018-05-16 20:53:37,38,r/Showerthoughts,1,2018-05-17 02:38:00,2,1,3,0
8jyf4j,2018-05-16 20:53:37,38,r/Showerthoughts,1,2018-05-17 03:59:58,3,0,2,0
8jyf4j,2018-05-16 20:53:37,38,r/Showerthoughts,1,2018-05-17 01:26:42,2,0,1,0
8jyf4j,2018-05-16 20:53:37,38,r/Showerthoughts,1,2018-05-17 02:24:28,2,0,1,0
8jyf4j,2018-05-16 20:53:37,38,r/Showerthoughts,1,2018-05-17 02:31:55,2,0,1,0
8jyf4j,2018-05-16 20:53:37,38,r/Showerthoughts,1,2018-05-17 02:33:14,2,0,1,0
8jyf4j,2018-05-16 20:53:37,38,r/Showerthoughts,1,2018-05-17 03:23:47,2,0,1,0
8jyf4j,2018-05-16 20:53:37,38,r/Showerthoughts,1,2018-05-17 03:26:50,2,0,1,0
8jyf4j,2018-05-16 20:53:37,38,r/Showerthoughts,1,2018-05-17 03:30:31,2,0,1,0
8jyf4j,2018-05-16 20:53:37,38,r/Showerthoughts,1,2018-05-17 03:43:54,2,0,1,0
8jyf4j,2018-05-16 20:53:37,38,r/Showerthoughts,1,2018-05-17 03:46:13,2,0,1,0
8jyf4j,2018-05-16 20:53:37,38,r/Showerthoughts,1,2018-05-17 04:29:48,2,0,1,0
8jyf4j,2018-05-16 20:53:37,38,r/Showerthoughts,1,2018-05-17 04:37:16,2,0,1,0
8jyf4j,2018-05-16 20:53:37,38,r/Showerthoughts,1,2018-05-17 02:02:28,2,0,0,0
8jyf4j,2018-05-16 20:53:37,38,r/Showerthoughts,1,2018-05-17 00:22:43,1,0,9,0
8jyf4j,2018-05-16 20:53:37,38,r/Showerthoughts,1,2018-05-17 02:39:13,1,1,5,0
8jyf4j,2018-05-16 20:53:37,38,r/Showerthoughts,1,2018-05-17 05:12:48,2,0,1,0
8jyf4j,2018-05-16 20:53:37,38,r/Showerthoughts,1,2018-05-17 03:54:55,1,0,2,0
8jyf4j,2018-05-16 20:53:37,38,r/Showerthoughts,1,2018-05-17 02:35:58,1,0,1,0
8jyf4j,2018-05-16 20:53:37,38,r/Showerthoughts,1,2018-05-17 03:33:41,1,0,1,0
8jyf4j,2018-05-16 20:53:37,38,r/Showerthoughts,1,2018-05-17 03:35:30,1,0,1,0
8jyf4j,2018-05-16 20:53:37,38,r/Showerthoughts,2,2018-05-16 21:00:27,0,7,1487,0
8jyf4j,2018-05-16 20:53:37,38,r/Showerthoughts,2,2018-05-16 21:37:17,1,4,443,0
8jyf4j,2018-05-16 20:53:37,38,r/Showerthoughts,2,2018-05-16 21:48:34,2,3,197,0
8jyf4j,2018-05-16 20:53:37,38,r/Showerthoughts,2,2018-05-17 02:15:01,3,1,87,0
8jyf4j,2018-05-16 20:53:37,38,r/Showerthoughts,2,2018-05-17 02:32:35,4,1,38,0
8jyf4j,2018-05-16 20:53:37,38,r/Showerthoughts,2,2018-05-17 03:47:18,5,0,8,0
8jyf4j,2018-05-16 20:53:37,38,r/Showerthoughts,2,2018-05-17 03:08:46,3,2,9,0
8jyf4j,2018-05-16 20:53:37,38,r/Showerthoughts,2,2018-05-17 03:45:24,4,1,5,0
8jyf4j,2018-05-16 20:53:37,38,r/Showerthoughts,2,2018-05-17 04:15:51,5,0,2,0
8jyf4j,2018-05-16 20:53:37,38,r/Showerthoughts,2,2018-05-17 04:15:28,4,0,1,0
8jyf4j,2018-05-16 20:53:37,38,r/Showerthoughts,2,2018-05-17 04:52:42,3,0,1,0
8jyf4j,2018-05-16 20:53:37,38,r/Showerthoughts,2,2018-05-17 01:11:24,2,0,10,0
8jyf4j,2018-05-16 20:53:37,38,r/Showerthoughts,2,2018-05-17 03:01:50,2,1,4,0
8jyf4j,2018-05-16 20:53:37,38,r/Showerthoughts,2,2018-05-17 03:42:12,3,0,9,0
8jyf4j,2018-05-16 20:53:37,38,r/Showerthoughts,2,2018-05-17 03:50:49,2,0,1,0
8jyf4j,2018-05-16 20:53:37,38,r/Showerthoughts,2,2018-05-16 21:33:22,1,0,24,0
8jyf4j,2018-05-16 20:53:37,38,r/Showerthoughts,2,2018-05-17 03:41:12,1,0,7,0
8jyf4j,2018-05-16 20:53:37,38,r/Showerthoughts,2,2018-05-17 03:49:17,1,0,8,0
8jyf4j,2018-05-16 20:53:37,38,r/Showerthoughts,2,2018-05-17 03:49:56,1,0,2,0
8jyf4j,2018-05-16 20:53:37,38,r/Showerthoughts,2,2018-05-17 04:57:17,1,0,1,0
8jyf4j,2018-05-16 20:53:37,38,r/Showerthoughts,2,2018-05-17 01:08:22,1,0,2,0
8jyf4j,2018-05-16 20:53:37,38,r/Showerthoughts,3,2018-05-16 23:01:16,0,9,992,0
8jyf4j,2018-05-16 20:53:37,38,r/Showerthoughts,3,2018-05-17 00:51:20,1,1,125,0
8jyf4j,2018-05-16 20:53:37,38,r/Showerthoughts,3,2018-05-17 02:00:51,2,3,68,0
8jyf4j,2018-05-16 20:53:37,38,r/Showerthoughts,3,2018-05-17 03:33:25,3,3,35,0
8jyf4j,2018-05-16 20:53:37,38,r/Showerthoughts,3,2018-05-17 03:58:29,4,1,32,0
8jyf4j,2018-05-16 20:53:37,38,r/Showerthoughts,3,2018-05-17 04:28:18,5,0,1,0
8jyf4j,2018-05-16 20:53:37,38,r/Showerthoughts,3,2018-05-17 04:12:24,4,1,8,0
8jyf4j,2018-05-16 20:53:37,38,r/Showerthoughts,3,2018-05-17 05:10:30,5,0,1,0
8jyf4j,2018-05-16 20:53:37,38,r/Showerthoughts,3,2018-05-17 05:13:29,4,0,1,0
8jyf4j,2018-05-16 20:53:37,38,r/Showerthoughts,3,2018-05-17 05:19:17,3,0,1,0
8jyf4j,2018-05-16 20:53:37,38,r/Showerthoughts,3,2018-05-17 03:45:31,3,0,-1,0
8jyf4j,2018-05-16 20:53:37,38,r/Showerthoughts,3,2018-05-17 01:35:47,1,1,28,0
8jyf4j,2018-05-16 20:53:37,38,r/Showerthoughts,3,2018-05-17 01:41:35,2,1,25,0
8jyf4j,2018-05-16 20:53:37,38,r/Showerthoughts,3,2018-05-17 03:21:58,3,0,4,0
8jyf4j,2018-05-16 20:53:37,38,r/Showerthoughts,3,2018-05-16 23:12:47,1,0,67,0
8jyf4j,2018-05-16 20:53:37,38,r/Showerthoughts,3,2018-05-17 03:33:33,1,0,5,0
8jyf4j,2018-05-16 20:53:37,38,r/Showerthoughts,3,2018-05-17 04:17:08,1,0,3,0
8jyf4j,2018-05-16 20:53:37,38,r/Showerthoughts,3,2018-05-17 03:17:05,1,0,1,0
8jyf4j,2018-05-16 20:53:37,38,r/Showerthoughts,3,2018-05-17 04:23:07,1,0,1,0
8jyf4j,2018-05-16 20:53:37,38,r/Showerthoughts,3,2018-05-17 02:53:04,1,1,0,0
8jyf4j,2018-05-16 20:53:37,38,r/Showerthoughts,3,2018-05-17 03:13:09,2,0,10,0
8jyf4j,2018-05-16 20:53:37,38,r/Showerthoughts,3,2018-05-17 04:15:22,1,0,-2,0
8jyf4j,2018-05-16 20:53:37,38,r/Showerthoughts,4,2018-05-16 23:50:33,0,4,322,0
8jyf4j,2018-05-16 20:53:37,38,r/Showerthoughts,4,2018-05-17 01:50:29,1,3,237,0
8jyf4j,2018-05-16 20:53:37,38,r/Showerthoughts,4,2018-05-17 04:31:17,2,0,1,0
8jyf4j,2018-05-16 20:53:37,38,r/Showerthoughts,4,2018-05-17 05:04:56,2,1,1,0
8jyf4j,2018-05-16 20:53:37,38,r/Showerthoughts,4,2018-05-17 05:05:46,3,0,1,0
8jyf4j,2018-05-16 20:53:37,38,r/Showerthoughts,4,2018-05-17 05:12:17,2,0,1,0
8jyf4j,2018-05-16 20:53:37,38,r/Showerthoughts,4,2018-05-17 01:17:20,1,1,88,0
8jyf4j,2018-05-16 20:53:37,38,r/Showerthoughts,4,2018-05-17 02:02:55,2,0,40,0
8jyf4j,2018-05-16 20:53:37,38,r/Showerthoughts,4,2018-05-17 02:04:11,1,0,22,0
8jyf4j,2018-05-16 20:53:37,38,r/Showerthoughts,4,2018-05-17 04:07:25,1,0,4,0
8jyf4j,2018-05-16 20:53:37,38,r/Showerthoughts,5,2018-05-17 00:52:07,0,4,266,0
8jyf4j,2018-05-16 20:53:37,38,r/Showerthoughts,5,2018-05-17 02:05:48,1,1,109,0
8jyf4j,2018-05-16 20:53:37,38,r/Showerthoughts,5,2018-05-17 03:10:32,2,1,73,0
8jyf4j,2018-05-16 20:53:37,38,r/Showerthoughts,5,2018-05-17 03:59:03,3,1,23,0
8jyf4j,2018-05-16 20:53:37,38,r/Showerthoughts,5,2018-05-17 04:17:51,4,1,13,0
8jyf4j,2018-05-16 20:53:37,38,r/Showerthoughts,5,2018-05-17 04:52:21,5,0,1,0
8jyf4j,2018-05-16 20:53:37,38,r/Showerthoughts,5,2018-05-17 03:53:12,1,2,27,0
8jyf4j,2018-05-16 20:53:37,38,r/Showerthoughts,5,2018-05-17 04:13:30,2,0,12,0
8jyf4j,2018-05-16 20:53:37,38,r/Showerthoughts,5,2018-05-17 04:36:52,2,1,1,0
8jyf4j,2018-05-16 20:53:37,38,r/Showerthoughts,5,2018-05-17 05:16:35,3,0,1,0
8jyf4j,2018-05-16 20:53:37,38,r/Showerthoughts,5,2018-05-17 04:39:18,1,0,1,0
8jyf4j,2018-05-16 20:53:37,38,r/Showerthoughts,5,2018-05-17 04:37:05,1,1,1,0
8jyf4j,2018-05-16 20:53:37,38,r/Showerthoughts,5,2018-05-17 04:44:30,2,0,1,0
8jyf4j,2018-05-16 20:53:37,38,r/Showerthoughts,6,2018-05-16 23:33:56,0,4,437,0
8jyf4j,2018-05-16 20:53:37,38,r/Showerthoughts,6,2018-05-16 23:51:39,1,2,50,0
8jyf4j,2018-05-16 20:53:37,38,r/Showerthoughts,6,2018-05-17 01:29:29,2,0,17,0
8jyf4j,2018-05-16 20:53:37,38,r/Showerthoughts,6,2018-05-17 04:02:13,2,0,7,0
8jyf4j,2018-05-16 20:53:37,38,r/Showerthoughts,6,2018-05-17 01:17:20,1,0,22,0
8jyf4j,2018-05-16 20:53:37,38,r/Showerthoughts,6,2018-05-16 23:51:29,1,0,7,0
8jyf4j,2018-05-16 20:53:37,38,r/Showerthoughts,6,2018-05-17 04:21:13,1,0,1,0
8jyf4j,2018-05-16 20:53:37,38,r/Showerthoughts,7,2018-05-17 00:32:57,0,1,80,0
8jyf4j,2018-05-16 20:53:37,38,r/Showerthoughts,7,2018-05-17 02:10:44,1,1,16,0
8jyf4j,2018-05-16 20:53:37,38,r/Showerthoughts,7,2018-05-17 05:17:17,2,0,1,0
8jyf4j,2018-05-16 20:53:37,38,r/Showerthoughts,8,2018-05-16 21:34:37,0,5,80,0
8jyf4j,2018-05-16 20:53:37,38,r/Showerthoughts,8,2018-05-16 23:57:10,1,1,24,0
8jyf4j,2018-05-16 20:53:37,38,r/Showerthoughts,8,2018-05-16 23:59:48,2,0,17,0
8jyf4j,2018-05-16 20:53:37,38,r/Showerthoughts,8,2018-05-17 00:56:03,1,1,23,0
8jyf4j,2018-05-16 20:53:37,38,r/Showerthoughts,8,2018-05-17 05:19:46,2,0,1,0
8jyf4j,2018-05-16 20:53:37,38,r/Showerthoughts,8,2018-05-17 01:09:04,1,0,14,0
8jyf4j,2018-05-16 20:53:37,38,r/Showerthoughts,8,2018-05-16 22:21:52,1,0,9,0
8jyf4j,2018-05-16 20:53:37,38,r/Showerthoughts,8,2018-05-17 03:49:55,1,0,3,0
8jyf4j,2018-05-16 20:53:37,38,r/Showerthoughts,9,2018-05-16 23:36:53,0,2,53,0
8jyf4j,2018-05-16 20:53:37,38,r/Showerthoughts,9,2018-05-17 00:12:00,1,5,36,0
8jyf4j,2018-05-16 20:53:37,38,r/Showerthoughts,9,2018-05-17 00:23:14,2,0,16,0
8jyf4j,2018-05-16 20:53:37,38,r/Showerthoughts,9,2018-05-17 02:16:47,2,0,10,0
8jyf4j,2018-05-16 20:53:37,38,r/Showerthoughts,9,2018-05-17 02:56:18,2,1,6,0
8jyf4j,2018-05-16 20:53:37,38,r/Showerthoughts,9,2018-05-17 04:22:45,3,0,1,0
8jyf4j,2018-05-16 20:53:37,38,r/Showerthoughts,9,2018-05-17 04:04:30,2,0,1,0
8jyf4j,2018-05-16 20:53:37,38,r/Showerthoughts,9,2018-05-17 05:04:56,2,0,1,0
8jyf4j,2018-05-16 20:53:37,38,r/Showerthoughts,9,2018-05-17 03:30:50,1,1,5,0
8jyf4j,2018-05-16 20:53:37,38,r/Showerthoughts,9,2018-05-17 05:03:18,2,0,1,0
8jyf4j,2018-05-16 20:53:37,38,r/Showerthoughts,10,2018-05-16 22:38:49,0,2,346,0
8jyf4j,2018-05-16 20:53:37,38,r/Showerthoughts,10,2018-05-16 23:37:17,1,2,280,0
8jyf4j,2018-05-16 20:53:37,38,r/Showerthoughts,10,2018-05-16 23:39:32,2,3,100,0
8jyf4j,2018-05-16 20:53:37,38,r/Showerthoughts,10,2018-05-17 00:49:54,3,1,57,0
8jyf4j,2018-05-16 20:53:37,38,r/Showerthoughts,10,2018-05-17 01:00:48,4,2,27,0
8jyf4j,2018-05-16 20:53:37,38,r/Showerthoughts,10,2018-05-17 04:33:16,5,1,1,0
8jyf4j,2018-05-16 20:53:37,38,r/Showerthoughts,10,2018-05-17 05:00:13,6,1,1,0
8jyf4j,2018-05-16 20:53:37,38,r/Showerthoughts,10,2018-05-17 05:19:45,7,0,1,0
8jyf4j,2018-05-16 20:53:37,38,r/Showerthoughts,10,2018-05-17 04:21:51,5,0,1,0
8jyf4j,2018-05-16 20:53:37,38,r/Showerthoughts,10,2018-05-17 01:52:18,3,0,5,0
8jyf4j,2018-05-16 20:53:37,38,r/Showerthoughts,10,2018-05-17 01:47:59,3,1,-2,0
8jyf4j,2018-05-16 20:53:37,38,r/Showerthoughts,10,2018-05-17 02:23:53,4,0,2,0
8jyf4j,2018-05-16 20:53:37,38,r/Showerthoughts,10,2018-05-16 23:38:27,2,5,-1,0
8jyf4j,2018-05-16 20:53:37,38,r/Showerthoughts,10,2018-05-16 23:41:21,3,2,45,0
8jyf4j,2018-05-16 20:53:37,38,r/Showerthoughts,10,2018-05-16 23:54:17,4,0,28,0
8jyf4j,2018-05-16 20:53:37,38,r/Showerthoughts,10,2018-05-17 00:47:40,4,1,8,0
8jyf4j,2018-05-16 20:53:37,38,r/Showerthoughts,10,2018-05-17 01:53:47,5,1,3,0
8jyf4j,2018-05-16 20:53:37,38,r/Showerthoughts,10,2018-05-17 03:26:06,6,0,1,0
8jyf4j,2018-05-16 20:53:37,38,r/Showerthoughts,10,2018-05-16 23:41:34,3,0,11,0
8jyf4j,2018-05-16 20:53:37,38,r/Showerthoughts,10,2018-05-16 23:41:24,3,0,3,0
8jyf4j,2018-05-16 20:53:37,38,r/Showerthoughts,10,2018-05-17 00:28:46,3,0,2,0
8jyf4j,2018-05-16 20:53:37,38,r/Showerthoughts,10,2018-05-16 23:59:16,3,2,3,0
8jyf4j,2018-05-16 20:53:37,38,r/Showerthoughts,10,2018-05-17 00:09:52,4,0,12,0
8jyf4j,2018-05-16 20:53:37,38,r/Showerthoughts,10,2018-05-17 00:14:41,4,1,1,0
8jyf4j,2018-05-16 20:53:37,38,r/Showerthoughts,10,2018-05-17 00:14:44,5,0,0,0
8jyf4j,2018-05-16 20:53:37,38,r/Showerthoughts,10,2018-05-17 00:36:12,1,1,7,0
8jyf4j,2018-05-16 20:53:37,38,r/Showerthoughts,10,2018-05-17 03:22:11,2,1,1,0
8jyf4j,2018-05-16 20:53:37,38,r/Showerthoughts,10,2018-05-17 04:04:34,3,1,1,0
8jyf4j,2018-05-16 20:53:37,38,r/Showerthoughts,10,2018-05-17 04:15:25,4,0,2,0
8jyf4j,2018-05-16 20:53:37,38,r/Showerthoughts,11,2018-05-16 23:27:53,0,2,30,0
8jyf4j,2018-05-16 20:53:37,38,r/Showerthoughts,11,2018-05-17 01:53:50,1,0,23,0
8jyf4j,2018-05-16 20:53:37,38,r/Showerthoughts,11,2018-05-17 02:32:23,1,1,19,0
8jyf4j,2018-05-16 20:53:37,38,r/Showerthoughts,11,2018-05-17 04:14:02,2,0,4,0
8jyf4j,2018-05-16 20:53:37,38,r/Showerthoughts,12,2018-05-16 23:03:48,0,1,149,0
8jyf4j,2018-05-16 20:53:37,38,r/Showerthoughts,12,2018-05-17 00:10:52,1,1,40,0
8jyf4j,2018-05-16 20:53:37,38,r/Showerthoughts,12,2018-05-17 00:44:48,2,0,46,0
8jyf4j,2018-05-16 20:53:37,38,r/Showerthoughts,13,2018-05-16 23:08:34,0,4,44,0
8jyf4j,2018-05-16 20:53:37,38,r/Showerthoughts,13,2018-05-16 23:40:11,1,0,53,0
8jyf4j,2018-05-16 20:53:37,38,r/Showerthoughts,13,2018-05-16 23:52:08,1,1,14,0
8jyf4j,2018-05-16 20:53:37,38,r/Showerthoughts,13,2018-05-16 23:55:04,2,0,8,0
8jyf4j,2018-05-16 20:53:37,38,r/Showerthoughts,13,2018-05-17 00:02:21,1,2,21,0
8jyf4j,2018-05-16 20:53:37,38,r/Showerthoughts,13,2018-05-17 03:15:53,2,1,12,0
8jyf4j,2018-05-16 20:53:37,38,r/Showerthoughts,13,2018-05-17 03:28:16,3,1,1,0
8jyf4j,2018-05-16 20:53:37,38,r/Showerthoughts,13,2018-05-17 03:34:33,4,0,2,0
8jyf4j,2018-05-16 20:53:37,38,r/Showerthoughts,13,2018-05-17 04:13:16,2,0,1,0
8jyf4j,2018-05-16 20:53:37,38,r/Showerthoughts,13,2018-05-17 05:12:55,1,0,1,0
8jyf4j,2018-05-16 20:53:37,38,r/Showerthoughts,14,2018-05-16 23:21:32,0,1,18,0
8jyf4j,2018-05-16 20:53:37,38,r/Showerthoughts,14,2018-05-17 03:11:26,1,0,7,0
8jyf4j,2018-05-16 20:53:37,38,r/Showerthoughts,15,2018-05-16 23:51:52,0,0,17,0
8jyf4j,2018-05-16 20:53:37,38,r/Showerthoughts,16,2018-05-17 00:14:58,0,1,16,0
8jyf4j,2018-05-16 20:53:37,38,r/Showerthoughts,16,2018-05-17 03:31:40,1,0,4,0
8jyf4j,2018-05-16 20:53:37,38,r/Showerthoughts,17,2018-05-16 23:29:02,0,0,12,0
8jyf4j,2018-05-16 20:53:37,38,r/Showerthoughts,18,2018-05-17 01:32:14,0,1,11,0
8jyf4j,2018-05-16 20:53:37,38,r/Showerthoughts,18,2018-05-17 03:18:53,1,0,3,0
8jyf4j,2018-05-16 20:53:37,38,r/Showerthoughts,19,2018-05-17 03:08:06,0,1,10,0
8jyf4j,2018-05-16 20:53:37,38,r/Showerthoughts,19,2018-05-17 03:25:02,1,0,8,0
8jyf4j,2018-05-16 20:53:37,38,r/Showerthoughts,20,2018-05-16 23:33:20,0,0,8,0
8jyf4j,2018-05-16 20:53:37,38,r/Showerthoughts,21,2018-05-16 23:09:05,0,0,18,0
8jyf4j,2018-05-16 20:53:37,38,r/Showerthoughts,22,2018-05-16 23:06:24,0,0,7,0
8jyf4j,2018-05-16 20:53:37,38,r/Showerthoughts,23,2018-05-16 23:45:10,0,0,7,0
8jyf4j,2018-05-16 20:53:37,38,r/Showerthoughts,24,2018-05-16 23:45:11,0,0,5,0
8jyf4j,2018-05-16 20:53:37,38,r/Showerthoughts,25,2018-05-16 23:53:51,0,0,6,0
8jyf4j,2018-05-16 20:53:37,38,r/Showerthoughts,26,2018-05-16 23:36:18,0,0,6,0
8jyf4j,2018-05-16 20:53:37,38,r/Showerthoughts,27,2018-05-16 23:47:27,0,0,5,0
8jyf4j,2018-05-16 20:53:37,38,r/Showerthoughts,28,2018-05-17 03:22:30,0,1,6,0
8jyf4j,2018-05-16 20:53:37,38,r/Showerthoughts,28,2018-05-17 03:47:43,1,0,2,0
8jyf4j,2018-05-16 20:53:37,38,r/Showerthoughts,29,2018-05-16 23:34:33,0,1,9,0
8jyf4j,2018-05-16 20:53:37,38,r/Showerthoughts,29,2018-05-16 23:52:25,1,0,11,0
8jyf4j,2018-05-16 20:53:37,38,r/Showerthoughts,30,2018-05-16 23:37:13,0,0,3,0
8jyf4j,2018-05-16 20:53:37,38,r/Showerthoughts,31,2018-05-16 23:50:11,0,0,3,0
8jyf4j,2018-05-16 20:53:37,38,r/Showerthoughts,32,2018-05-16 23:50:26,0,1,3,0
8jyf4j,2018-05-16 20:53:37,38,r/Showerthoughts,32,2018-05-16 23:51:48,1,0,4,0
8jyf4j,2018-05-16 20:53:37,38,r/Showerthoughts,33,2018-05-16 23:53:58,0,0,3,0
8jyf4j,2018-05-16 20:53:37,38,r/Showerthoughts,34,2018-05-17 00:05:06,0,0,4,0
8jyf4j,2018-05-16 20:53:37,38,r/Showerthoughts,35,2018-05-17 00:15:28,0,0,3,0
8jyf4j,2018-05-16 20:53:37,38,r/Showerthoughts,36,2018-05-17 01:46:37,0,0,5,0
8jyf4j,2018-05-16 20:53:37,38,r/Showerthoughts,37,2018-05-17 02:23:00,0,0,4,0
8jyf4j,2018-05-16 20:53:37,38,r/Showerthoughts,38,2018-05-17 02:50:02,0,1,3,0
8jyf4j,2018-05-16 20:53:37,38,r/Showerthoughts,38,2018-05-17 05:15:07,1,0,1,0
8jyf4j,2018-05-16 20:53:37,38,r/Showerthoughts,39,2018-05-17 04:00:25,0,0,4,0
8jyf4j,2018-05-16 20:53:37,38,r/Showerthoughts,40,2018-05-17 00:54:14,0,0,7,0
8jyf4j,2018-05-16 20:53:37,38,r/Showerthoughts,41,2018-05-16 23:39:38,0,1,6,0
8jyf4j,2018-05-16 20:53:37,38,r/Showerthoughts,41,2018-05-16 23:58:32,1,1,9,0
8jyf4j,2018-05-16 20:53:37,38,r/Showerthoughts,41,2018-05-17 00:20:01,2,1,5,0
8jyf4j,2018-05-16 20:53:37,38,r/Showerthoughts,41,2018-05-17 01:03:28,3,0,9,0
8jyf4j,2018-05-16 20:53:37,38,r/Showerthoughts,42,2018-05-16 23:59:38,0,0,3,0
8jyf4j,2018-05-16 20:53:37,38,r/Showerthoughts,43,2018-05-17 00:09:24,0,0,3,0
8jyf4j,2018-05-16 20:53:37,38,r/Showerthoughts,44,2018-05-17 00:13:20,0,0,3,0
8jyf4j,2018-05-16 20:53:37,38,r/Showerthoughts,45,2018-05-17 00:17:19,0,0,3,0
8jyf4j,2018-05-16 20:53:37,38,r/Showerthoughts,46,2018-05-17 00:21:11,0,1,3,0
8jyf4j,2018-05-16 20:53:37,38,r/Showerthoughts,46,2018-05-17 02:00:16,1,0,3,0
8jyf4j,2018-05-16 20:53:37,38,r/Showerthoughts,47,2018-05-17 00:25:26,0,0,3,0
8jyf4j,2018-05-16 20:53:37,38,r/Showerthoughts,48,2018-05-17 00:43:11,0,1,3,0
8jyf4j,2018-05-16 20:53:37,38,r/Showerthoughts,48,2018-05-17 04:08:21,1,0,1,0
8jyf4j,2018-05-16 20:53:37,38,r/Showerthoughts,49,2018-05-17 00:49:01,0,0,3,0
8jyf4j,2018-05-16 20:53:37,38,r/Showerthoughts,50,2018-05-17 01:44:19,0,0,3,0
8jyf4j,2018-05-16 20:53:37,38,r/Showerthoughts,51,2018-05-17 01:45:50,0,0,3,0
8jyf4j,2018-05-16 20:53:37,38,r/Showerthoughts,52,2018-05-17 01:47:25,0,0,3,0
8jyf4j,2018-05-16 20:53:37,38,r/Showerthoughts,53,2018-05-17 01:47:25,0,0,3,0
8jyf4j,2018-05-16 20:53:37,38,r/Showerthoughts,54,2018-05-17 03:21:13,0,1,3,0
8jyf4j,2018-05-16 20:53:37,38,r/Showerthoughts,54,2018-05-17 04:39:59,1,0,1,0
8jyf4j,2018-05-16 20:53:37,38,r/Showerthoughts,55,2018-05-16 22:00:34,0,0,4,0
8jyf4j,2018-05-16 20:53:37,38,r/Showerthoughts,56,2018-05-17 00:12:28,0,0,2,0
8jyf4j,2018-05-16 20:53:37,38,r/Showerthoughts,57,2018-05-17 00:17:49,0,0,2,0
8jyf4j,2018-05-16 20:53:37,38,r/Showerthoughts,58,2018-05-17 00:22:17,0,0,2,0
8jyf4j,2018-05-16 20:53:37,38,r/Showerthoughts,59,2018-05-17 00:35:58,0,0,2,0
8jyf4j,2018-05-16 20:53:37,38,r/Showerthoughts,60,2018-05-17 00:41:42,0,0,2,0
8jyf4j,2018-05-16 20:53:37,38,r/Showerthoughts,61,2018-05-17 01:14:50,0,0,2,0
8jyf4j,2018-05-16 20:53:37,38,r/Showerthoughts,62,2018-05-17 01:42:54,0,0,2,0
8jyf4j,2018-05-16 20:53:37,38,r/Showerthoughts,63,2018-05-17 01:48:43,0,0,2,0
8jyf4j,2018-05-16 20:53:37,38,r/Showerthoughts,64,2018-05-17 01:51:24,0,0,2,0
8jyf4j,2018-05-16 20:53:37,38,r/Showerthoughts,65,2018-05-17 01:51:51,0,0,2,0
8jyf4j,2018-05-16 20:53:37,38,r/Showerthoughts,66,2018-05-17 01:56:08,0,0,2,0
8jyf4j,2018-05-16 20:53:37,38,r/Showerthoughts,67,2018-05-17 02:18:12,0,0,2,0
8jyf4j,2018-05-16 20:53:37,38,r/Showerthoughts,68,2018-05-17 03:14:59,0,1,2,0
8jyf4j,2018-05-16 20:53:37,38,r/Showerthoughts,68,2018-05-17 05:16:03,1,0,1,0
8jyf4j,2018-05-16 20:53:37,38,r/Showerthoughts,69,2018-05-17 03:24:13,0,0,2,0
8jyf4j,2018-05-16 20:53:37,38,r/Showerthoughts,70,2018-05-17 03:25:07,0,0,2,0
8jyf4j,2018-05-16 20:53:37,38,r/Showerthoughts,71,2018-05-17 03:34:37,0,0,2,0
8jyf4j,2018-05-16 20:53:37,38,r/Showerthoughts,72,2018-05-17 03:38:38,0,0,2,0
8jyf4j,2018-05-16 20:53:37,38,r/Showerthoughts,73,2018-05-17 03:47:39,0,0,2,0
8jyf4j,2018-05-16 20:53:37,38,r/Showerthoughts,74,2018-05-17 03:48:27,0,0,2,0
8jyf4j,2018-05-16 20:53:37,38,r/Showerthoughts,75,2018-05-17 03:52:18,0,0,2,0
8jyf4j,2018-05-16 20:53:37,38,r/Showerthoughts,76,2018-05-17 03:53:08,0,0,2,0
8jyf4j,2018-05-16 20:53:37,38,r/Showerthoughts,77,2018-05-17 04:08:06,0,0,2,0
8jyf4j,2018-05-16 20:53:37,38,r/Showerthoughts,78,2018-05-17 04:08:22,0,1,2,0
8jyf4j,2018-05-16 20:53:37,38,r/Showerthoughts,78,2018-05-17 04:09:27,1,0,2,0
8jyf4j,2018-05-16 20:53:37,38,r/Showerthoughts,79,2018-05-17 04:10:10,0,0,2,0
8jyf4j,2018-05-16 20:53:37,38,r/Showerthoughts,80,2018-05-17 04:19:26,0,0,2,0
8jyf4j,2018-05-16 20:53:37,38,r/Showerthoughts,81,2018-05-17 04:40:58,0,0,1,0
8jyf4j,2018-05-16 20:53:37,38,r/Showerthoughts,82,2018-05-17 04:42:21,0,0,1,0
8jyf4j,2018-05-16 20:53:37,38,r/Showerthoughts,83,2018-05-17 04:52:07,0,0,1,0
8jyf4j,2018-05-16 20:53:37,38,r/Showerthoughts,84,2018-05-16 23:45:18,0,0,4,0
8jyf4j,2018-05-16 20:53:37,38,r/Showerthoughts,85,2018-05-16 23:54:04,0,1,5,0
8jyf4j,2018-05-16 20:53:37,38,r/Showerthoughts,85,2018-05-17 03:32:39,1,0,2,0
8jyf4j,2018-05-16 20:53:37,38,r/Showerthoughts,86,2018-05-16 23:39:34,0,0,2,0
8jyf4j,2018-05-16 20:53:37,38,r/Showerthoughts,87,2018-05-17 01:17:38,0,0,2,0
8jyf4j,2018-05-16 20:53:37,38,r/Showerthoughts,88,2018-05-17 02:05:27,0,0,1,0
8jyf4j,2018-05-16 20:53:37,38,r/Showerthoughts,89,2018-05-17 02:05:41,0,1,1,0
8jyf4j,2018-05-16 20:53:37,38,r/Showerthoughts,89,2018-05-17 03:31:47,1,0,1,0
8jyf4j,2018-05-16 20:53:37,38,r/Showerthoughts,90,2018-05-17 02:09:56,0,0,1,0
8jyf4j,2018-05-16 20:53:37,38,r/Showerthoughts,91,2018-05-17 02:18:01,0,0,1,0
8jyf4j,2018-05-16 20:53:37,38,r/Showerthoughts,92,2018-05-17 02:29:49,0,0,1,0
8jyf4j,2018-05-16 20:53:37,38,r/Showerthoughts,93,2018-05-17 02:30:35,0,0,1,0
8jyf4j,2018-05-16 20:53:37,38,r/Showerthoughts,94,2018-05-17 02:34:31,0,0,1,0
8jyf4j,2018-05-16 20:53:37,38,r/Showerthoughts,95,2018-05-17 02:39:51,0,0,1,0
8jyf4j,2018-05-16 20:53:37,38,r/Showerthoughts,96,2018-05-17 02:40:33,0,0,1,0
8jyf4j,2018-05-16 20:53:37,38,r/Showerthoughts,97,2018-05-17 02:58:44,0,0,1,0
8jyf4j,2018-05-16 20:53:37,38,r/Showerthoughts,98,2018-05-17 03:02:07,0,0,1,0
8jyf4j,2018-05-16 20:53:37,38,r/Showerthoughts,99,2018-05-17 03:06:45,0,0,1,0
8jyf4j,2018-05-16 20:53:37,38,r/Showerthoughts,100,2018-05-17 03:08:22,0,0,1,0
8jyf4j,2018-05-16 20:53:37,38,r/Showerthoughts,101,2018-05-17 03:09:56,0,0,1,0
8jyf4j,2018-05-16 20:53:37,38,r/Showerthoughts,102,2018-05-17 03:10:39,0,0,1,0
8jyf4j,2018-05-16 20:53:37,38,r/Showerthoughts,103,2018-05-17 03:13:05,0,0,1,0
8jyf4j,2018-05-16 20:53:37,38,r/Showerthoughts,104,2018-05-17 03:22:40,0,1,1,0
8jyf4j,2018-05-16 20:53:37,38,r/Showerthoughts,104,2018-05-17 04:10:23,1,0,1,0
8jyf4j,2018-05-16 20:53:37,38,r/Showerthoughts,105,2018-05-17 03:22:55,0,0,1,0
8jyf4j,2018-05-16 20:53:37,38,r/Showerthoughts,106,2018-05-17 03:24:05,0,0,1,0
8jyf4j,2018-05-16 20:53:37,38,r/Showerthoughts,107,2018-05-17 03:26:36,0,0,1,0
8jyf4j,2018-05-16 20:53:37,38,r/Showerthoughts,108,2018-05-17 03:29:04,0,0,1,0
8jyf4j,2018-05-16 20:53:37,38,r/Showerthoughts,109,2018-05-17 03:29:07,0,0,1,0
8jyf4j,2018-05-16 20:53:37,38,r/Showerthoughts,110,2018-05-17 03:31:09,0,0,1,0
8jyf4j,2018-05-16 20:53:37,38,r/Showerthoughts,111,2018-05-17 03:31:29,0,0,1,0
8jyf4j,2018-05-16 20:53:37,38,r/Showerthoughts,112,2018-05-17 03:32:47,0,0,1,0
8jyf4j,2018-05-16 20:53:37,38,r/Showerthoughts,113,2018-05-17 03:34:08,0,0,1,0
8jyf4j,2018-05-16 20:53:37,38,r/Showerthoughts,114,2018-05-17 03:34:10,0,0,1,0
8jyf4j,2018-05-16 20:53:37,38,r/Showerthoughts,115,2018-05-17 03:35:38,0,0,1,0
8jyf4j,2018-05-16 20:53:37,38,r/Showerthoughts,116,2018-05-17 03:36:15,0,0,1,0
8jyf4j,2018-05-16 20:53:37,38,r/Showerthoughts,117,2018-05-17 03:40:43,0,0,1,0
8jyf4j,2018-05-16 20:53:37,38,r/Showerthoughts,118,2018-05-17 03:47:12,0,0,1,0
8jyf4j,2018-05-16 20:53:37,38,r/Showerthoughts,119,2018-05-17 03:56:31,0,0,1,0
8jyf4j,2018-05-16 20:53:37,38,r/Showerthoughts,120,2018-05-17 04:01:14,0,0,1,0
8jyf4j,2018-05-16 20:53:37,38,r/Showerthoughts,121,2018-05-17 04:02:19,0,0,1,0
8jyf4j,2018-05-16 20:53:37,38,r/Showerthoughts,122,2018-05-17 04:07:58,0,0,1,0
8jyf4j,2018-05-16 20:53:37,38,r/Showerthoughts,123,2018-05-17 04:09:33,0,0,1,0
8jyf4j,2018-05-16 20:53:37,38,r/Showerthoughts,124,2018-05-17 04:11:51,0,0,1,0
8jyf4j,2018-05-16 20:53:37,38,r/Showerthoughts,125,2018-05-17 04:16:03,0,0,1,0
8jyf4j,2018-05-16 20:53:37,38,r/Showerthoughts,126,2018-05-17 04:16:07,0,0,1,0
8jyf4j,2018-05-16 20:53:37,38,r/Showerthoughts,127,2018-05-17 04:19:13,0,0,1,0
8jyf4j,2018-05-16 20:53:37,38,r/Showerthoughts,128,2018-05-17 04:21:12,0,0,1,0
8jyf4j,2018-05-16 20:53:37,38,r/Showerthoughts,129,2018-05-17 04:23:17,0,0,1,0
8jyf4j,2018-05-16 20:53:37,38,r/Showerthoughts,130,2018-05-17 04:25:46,0,0,1,0
8jyf4j,2018-05-16 20:53:37,38,r/Showerthoughts,131,2018-05-17 04:28:17,0,0,1,0
8jyf4j,2018-05-16 20:53:37,38,r/Showerthoughts,132,2018-05-17 04:30:21,0,0,1,0
8jyf4j,2018-05-16 20:53:37,38,r/Showerthoughts,133,2018-05-17 04:38:30,0,0,1,0
8jyf4j,2018-05-16 20:53:37,38,r/Showerthoughts,134,2018-05-17 04:39:33,0,0,1,0
8jyf4j,2018-05-16 20:53:37,38,r/Showerthoughts,135,2018-05-17 04:39:55,0,0,1,0
8jyf4j,2018-05-16 20:53:37,38,r/Showerthoughts,136,2018-05-17 04:40:02,0,0,1,0
8jyf4j,2018-05-16 20:53:37,38,r/Showerthoughts,137,2018-05-17 04:46:20,0,0,1,0
8jyf4j,2018-05-16 20:53:37,38,r/Showerthoughts,138,2018-05-17 04:50:18,0,0,1,0
8jyf4j,2018-05-16 20:53:37,38,r/Showerthoughts,139,2018-05-17 04:50:44,0,0,1,0
8jyf4j,2018-05-16 20:53:37,38,r/Showerthoughts,140,2018-05-17 04:52:09,0,0,1,0
8jyf4j,2018-05-16 20:53:37,38,r/Showerthoughts,141,2018-05-17 05:00:24,0,0,1,0
8jyf4j,2018-05-16 20:53:37,38,r/Showerthoughts,142,2018-05-17 05:03:56,0,0,1,0
8jyf4j,2018-05-16 20:53:37,38,r/Showerthoughts,143,2018-05-17 05:05:12,0,0,1,0
8jyf4j,2018-05-16 20:53:37,38,r/Showerthoughts,144,2018-05-17 05:08:09,0,0,1,0
8jyf4j,2018-05-16 20:53:37,38,r/Showerthoughts,145,2018-05-17 05:11:47,0,0,1,0
8jyf4j,2018-05-16 20:53:37,38,r/Showerthoughts,146,2018-05-17 05:14:42,0,0,1,0
8jyf4j,2018-05-16 20:53:37,38,r/Showerthoughts,147,2018-05-17 05:18:27,0,0,1,0
8jyf4j,2018-05-16 20:53:37,38,r/Showerthoughts,148,2018-05-17 05:19:38,0,0,1,0
8jyf4j,2018-05-16 20:53:37,38,r/Showerthoughts,149,2018-05-17 05:20:29,0,0,1,0
8jyf4j,2018-05-16 20:53:37,38,r/Showerthoughts,150,2018-05-17 00:20:21,0,1,1,0
8jyf4j,2018-05-16 20:53:37,38,r/Showerthoughts,150,2018-05-17 01:00:56,1,2,-4,0
8jyf4j,2018-05-16 20:53:37,38,r/Showerthoughts,150,2018-05-17 01:01:00,2,2,6,0
8jyf4j,2018-05-16 20:53:37,38,r/Showerthoughts,150,2018-05-17 04:12:05,3,0,1,0
8jyf4j,2018-05-16 20:53:37,38,r/Showerthoughts,150,2018-05-17 01:01:22,3,1,1,0
8jyf4j,2018-05-16 20:53:37,38,r/Showerthoughts,150,2018-05-17 03:33:24,4,0,1,0
8jyf4j,2018-05-16 20:53:37,38,r/Showerthoughts,150,2018-05-17 01:35:20,2,1,3,0
8jyf4j,2018-05-16 20:53:37,38,r/Showerthoughts,150,2018-05-17 01:36:32,3,0,-3,0
8jyf4j,2018-05-16 20:53:37,38,r/Showerthoughts,151,2018-05-17 01:13:50,0,0,0,0
8jycpg,2018-05-16 20:44:39,39,r/gaming,0,2018-05-16 21:39:43,0,18,2119,0
8jycpg,2018-05-16 20:44:39,39,r/gaming,0,2018-05-17 00:02:56,1,4,927,0
8jycpg,2018-05-16 20:44:39,39,r/gaming,0,2018-05-17 01:20:18,2,4,769,0
8jycpg,2018-05-16 20:44:39,39,r/gaming,0,2018-05-17 02:07:43,3,1,190,0
8jycpg,2018-05-16 20:44:39,39,r/gaming,0,2018-05-17 02:31:08,4,2,109,0
8jycpg,2018-05-16 20:44:39,39,r/gaming,0,2018-05-17 02:34:29,5,1,91,0
8jycpg,2018-05-16 20:44:39,39,r/gaming,0,2018-05-17 03:18:47,6,0,4,0
8jycpg,2018-05-16 20:44:39,39,r/gaming,0,2018-05-17 02:38:59,5,0,16,0
8jycpg,2018-05-16 20:44:39,39,r/gaming,0,2018-05-17 02:52:23,3,0,24,0
8jycpg,2018-05-16 20:44:39,39,r/gaming,0,2018-05-17 02:34:07,3,0,18,0
8jycpg,2018-05-16 20:44:39,39,r/gaming,0,2018-05-17 03:03:39,3,1,2,0
8jycpg,2018-05-16 20:44:39,39,r/gaming,0,2018-05-17 03:50:18,4,0,2,0
8jycpg,2018-05-16 20:44:39,39,r/gaming,0,2018-05-17 02:12:18,2,1,22,0
8jycpg,2018-05-16 20:44:39,39,r/gaming,0,2018-05-17 02:20:37,3,0,13,0
8jycpg,2018-05-16 20:44:39,39,r/gaming,0,2018-05-17 03:16:15,2,0,1,0
8jycpg,2018-05-16 20:44:39,39,r/gaming,0,2018-05-17 03:53:22,2,0,1,0
8jycpg,2018-05-16 20:44:39,39,r/gaming,0,2018-05-17 00:31:19,1,3,180,0
8jycpg,2018-05-16 20:44:39,39,r/gaming,0,2018-05-17 00:36:53,2,0,42,0
8jycpg,2018-05-16 20:44:39,39,r/gaming,0,2018-05-17 01:42:40,2,0,31,0
8jycpg,2018-05-16 20:44:39,39,r/gaming,0,2018-05-17 01:15:10,2,0,16,0
8jycpg,2018-05-16 20:44:39,39,r/gaming,0,2018-05-17 00:03:30,1,4,73,0
8jycpg,2018-05-16 20:44:39,39,r/gaming,0,2018-05-17 00:11:55,2,4,33,0
8jycpg,2018-05-16 20:44:39,39,r/gaming,0,2018-05-17 03:18:44,3,0,6,0
8jycpg,2018-05-16 20:44:39,39,r/gaming,0,2018-05-17 03:19:25,3,1,5,0
8jycpg,2018-05-16 20:44:39,39,r/gaming,0,2018-05-17 04:54:52,4,0,2,0
8jycpg,2018-05-16 20:44:39,39,r/gaming,0,2018-05-17 01:21:26,3,1,5,0
8jycpg,2018-05-16 20:44:39,39,r/gaming,0,2018-05-17 04:30:47,4,0,1,0
8jycpg,2018-05-16 20:44:39,39,r/gaming,0,2018-05-17 03:40:41,3,0,1,0
8jycpg,2018-05-16 20:44:39,39,r/gaming,0,2018-05-17 02:37:26,2,0,7,0
8jycpg,2018-05-16 20:44:39,39,r/gaming,0,2018-05-17 02:46:04,2,0,1,0
8jycpg,2018-05-16 20:44:39,39,r/gaming,0,2018-05-17 02:24:28,1,0,8,0
8jycpg,2018-05-16 20:44:39,39,r/gaming,0,2018-05-17 00:55:10,1,4,24,0
8jycpg,2018-05-16 20:44:39,39,r/gaming,0,2018-05-17 01:50:48,2,1,81,0
8jycpg,2018-05-16 20:44:39,39,r/gaming,0,2018-05-17 02:32:33,3,1,35,0
8jycpg,2018-05-16 20:44:39,39,r/gaming,0,2018-05-17 02:42:24,4,1,-3,0
8jycpg,2018-05-16 20:44:39,39,r/gaming,0,2018-05-17 02:50:03,5,1,2,0
8jycpg,2018-05-16 20:44:39,39,r/gaming,0,2018-05-17 02:51:24,6,1,1,0
8jycpg,2018-05-16 20:44:39,39,r/gaming,0,2018-05-17 02:54:19,7,0,3,0
8jycpg,2018-05-16 20:44:39,39,r/gaming,0,2018-05-17 01:04:13,2,0,13,0
8jycpg,2018-05-16 20:44:39,39,r/gaming,0,2018-05-17 02:28:10,2,0,1,0
8jycpg,2018-05-16 20:44:39,39,r/gaming,0,2018-05-17 02:54:12,2,0,1,0
8jycpg,2018-05-16 20:44:39,39,r/gaming,0,2018-05-17 01:27:57,1,0,3,0
8jycpg,2018-05-16 20:44:39,39,r/gaming,0,2018-05-17 00:48:37,1,0,7,0
8jycpg,2018-05-16 20:44:39,39,r/gaming,0,2018-05-17 02:30:15,1,0,1,0
8jycpg,2018-05-16 20:44:39,39,r/gaming,0,2018-05-17 02:42:12,1,0,1,0
8jycpg,2018-05-16 20:44:39,39,r/gaming,0,2018-05-17 02:43:47,1,0,1,0
8jycpg,2018-05-16 20:44:39,39,r/gaming,0,2018-05-17 02:47:32,1,0,1,0
8jycpg,2018-05-16 20:44:39,39,r/gaming,0,2018-05-17 03:08:56,1,0,1,0
8jycpg,2018-05-16 20:44:39,39,r/gaming,0,2018-05-17 03:41:30,1,0,1,0
8jycpg,2018-05-16 20:44:39,39,r/gaming,0,2018-05-17 03:53:39,1,0,1,0
8jycpg,2018-05-16 20:44:39,39,r/gaming,0,2018-05-17 03:56:41,1,0,1,0
8jycpg,2018-05-16 20:44:39,39,r/gaming,0,2018-05-17 04:34:21,1,0,1,0
8jycpg,2018-05-16 20:44:39,39,r/gaming,0,2018-05-17 04:41:03,1,0,1,0
8jycpg,2018-05-16 20:44:39,39,r/gaming,1,2018-05-16 20:58:40,0,7,2045,0
8jycpg,2018-05-16 20:44:39,39,r/gaming,1,2018-05-16 21:30:37,1,3,563,0
8jycpg,2018-05-16 20:44:39,39,r/gaming,1,2018-05-17 00:18:29,2,4,287,0
8jycpg,2018-05-16 20:44:39,39,r/gaming,1,2018-05-17 00:49:21,3,2,129,0
8jycpg,2018-05-16 20:44:39,39,r/gaming,1,2018-05-17 01:19:10,4,4,533,0
8jycpg,2018-05-16 20:44:39,39,r/gaming,1,2018-05-17 01:26:33,5,1,105,0
8jycpg,2018-05-16 20:44:39,39,r/gaming,1,2018-05-17 02:07:52,6,0,38,0
8jycpg,2018-05-16 20:44:39,39,r/gaming,1,2018-05-17 02:20:01,5,0,9,0
8jycpg,2018-05-16 20:44:39,39,r/gaming,1,2018-05-17 03:31:47,5,0,2,0
8jycpg,2018-05-16 20:44:39,39,r/gaming,1,2018-05-17 02:29:55,5,0,2,0
8jycpg,2018-05-16 20:44:39,39,r/gaming,1,2018-05-17 02:34:50,4,1,7,0
8jycpg,2018-05-16 20:44:39,39,r/gaming,1,2018-05-17 02:52:45,5,0,3,0
8jycpg,2018-05-16 20:44:39,39,r/gaming,1,2018-05-17 02:31:24,3,0,1,0
8jycpg,2018-05-16 20:44:39,39,r/gaming,1,2018-05-17 03:00:42,3,0,1,0
8jycpg,2018-05-16 20:44:39,39,r/gaming,1,2018-05-17 01:02:41,2,0,15,0
8jycpg,2018-05-16 20:44:39,39,r/gaming,1,2018-05-17 00:53:26,1,3,55,0
8jycpg,2018-05-16 20:44:39,39,r/gaming,1,2018-05-17 02:33:17,2,1,24,0
8jycpg,2018-05-16 20:44:39,39,r/gaming,1,2018-05-17 02:52:54,3,3,77,0
8jycpg,2018-05-16 20:44:39,39,r/gaming,1,2018-05-17 02:56:57,4,0,11,0
8jycpg,2018-05-16 20:44:39,39,r/gaming,1,2018-05-17 03:19:16,4,0,1,0
8jycpg,2018-05-16 20:44:39,39,r/gaming,1,2018-05-17 04:03:11,4,1,1,0
8jycpg,2018-05-16 20:44:39,39,r/gaming,1,2018-05-17 04:22:21,5,4,1,0
8jycpg,2018-05-16 20:44:39,39,r/gaming,1,2018-05-17 04:23:00,6,1,1,0
8jycpg,2018-05-16 20:44:39,39,r/gaming,1,2018-05-17 04:44:33,7,0,1,0
8jycpg,2018-05-16 20:44:39,39,r/gaming,1,2018-05-17 04:23:08,6,1,1,0
8jycpg,2018-05-16 20:44:39,39,r/gaming,1,2018-05-17 04:44:34,7,0,1,0
8jycpg,2018-05-16 20:44:39,39,r/gaming,1,2018-05-17 04:23:15,6,1,1,0
8jycpg,2018-05-16 20:44:39,39,r/gaming,1,2018-05-17 04:44:35,7,0,1,0
8jycpg,2018-05-16 20:44:39,39,r/gaming,1,2018-05-17 04:23:23,6,1,1,0
8jycpg,2018-05-16 20:44:39,39,r/gaming,1,2018-05-17 04:44:36,7,0,1,0
8jycpg,2018-05-16 20:44:39,39,r/gaming,1,2018-05-17 02:49:13,2,0,6,0
8jycpg,2018-05-16 20:44:39,39,r/gaming,1,2018-05-17 03:41:34,2,1,2,0
8jycpg,2018-05-16 20:44:39,39,r/gaming,1,2018-05-17 04:00:18,3,0,2,0
8jycpg,2018-05-16 20:44:39,39,r/gaming,1,2018-05-16 23:39:51,1,4,50,0
8jycpg,2018-05-16 20:44:39,39,r/gaming,1,2018-05-17 00:09:16,2,0,32,0
8jycpg,2018-05-16 20:44:39,39,r/gaming,1,2018-05-17 00:59:30,2,1,34,0
8jycpg,2018-05-16 20:44:39,39,r/gaming,1,2018-05-17 01:15:19,3,4,14,0
8jycpg,2018-05-16 20:44:39,39,r/gaming,1,2018-05-17 01:47:15,4,1,24,0
8jycpg,2018-05-16 20:44:39,39,r/gaming,1,2018-05-17 03:06:13,5,0,3,0
8jycpg,2018-05-16 20:44:39,39,r/gaming,1,2018-05-17 03:36:18,4,0,6,0
8jycpg,2018-05-16 20:44:39,39,r/gaming,1,2018-05-17 04:27:21,4,0,1,0
8jycpg,2018-05-16 20:44:39,39,r/gaming,1,2018-05-17 01:40:29,2,0,6,0
8jycpg,2018-05-16 20:44:39,39,r/gaming,1,2018-05-17 01:26:52,2,0,2,0
8jycpg,2018-05-16 20:44:39,39,r/gaming,1,2018-05-17 01:24:48,1,1,20,0
8jycpg,2018-05-16 20:44:39,39,r/gaming,1,2018-05-17 00:55:26,1,1,6,0
8jycpg,2018-05-16 20:44:39,39,r/gaming,1,2018-05-17 01:50:55,2,1,6,0
8jycpg,2018-05-16 20:44:39,39,r/gaming,1,2018-05-17 01:56:05,1,0,1,0
8jycpg,2018-05-16 20:44:39,39,r/gaming,2,2018-05-16 20:49:40,0,14,917,0
8jycpg,2018-05-16 20:44:39,39,r/gaming,2,2018-05-16 20:58:06,1,7,549,0
8jycpg,2018-05-16 20:44:39,39,r/gaming,2,2018-05-16 21:03:13,2,3,251,0
8jycpg,2018-05-16 20:44:39,39,r/gaming,2,2018-05-17 01:49:12,3,1,170,0
8jycpg,2018-05-16 20:44:39,39,r/gaming,2,2018-05-17 02:21:34,4,2,29,0
8jycpg,2018-05-16 20:44:39,39,r/gaming,2,2018-05-17 02:51:44,5,1,13,0
8jycpg,2018-05-16 20:44:39,39,r/gaming,2,2018-05-17 03:58:03,6,0,1,0
8jycpg,2018-05-16 20:44:39,39,r/gaming,2,2018-05-17 03:11:54,5,1,2,0
8jycpg,2018-05-16 20:44:39,39,r/gaming,2,2018-05-17 03:40:32,6,0,5,0
8jycpg,2018-05-16 20:44:39,39,r/gaming,2,2018-05-17 02:55:56,3,0,9,0
8jycpg,2018-05-16 20:44:39,39,r/gaming,2,2018-05-17 01:56:00,3,0,1,0
8jycpg,2018-05-16 20:44:39,39,r/gaming,2,2018-05-16 22:03:35,2,4,114,0
8jycpg,2018-05-16 20:44:39,39,r/gaming,2,2018-05-16 23:32:41,3,1,43,0
8jycpg,2018-05-16 20:44:39,39,r/gaming,2,2018-05-16 23:36:58,4,2,24,0
8jycpg,2018-05-16 20:44:39,39,r/gaming,2,2018-05-17 00:23:32,5,2,23,0
8jycpg,2018-05-16 20:44:39,39,r/gaming,2,2018-05-17 00:28:09,6,1,36,0
8jycpg,2018-05-16 20:44:39,39,r/gaming,2,2018-05-17 00:39:06,7,1,17,0
8jycpg,2018-05-16 20:44:39,39,r/gaming,2,2018-05-17 00:47:29,8,1,15,0
8jycpg,2018-05-16 20:44:39,39,r/gaming,2,2018-05-17 01:01:36,9,1,14,0
8jycpg,2018-05-16 20:44:39,39,r/gaming,2,2018-05-17 00:48:40,6,0,3,0
8jycpg,2018-05-16 20:44:39,39,r/gaming,2,2018-05-17 02:36:06,5,1,1,0
8jycpg,2018-05-16 20:44:39,39,r/gaming,2,2018-05-17 03:27:14,6,0,2,0
8jycpg,2018-05-16 20:44:39,39,r/gaming,2,2018-05-17 01:45:45,3,0,11,0
8jycpg,2018-05-16 20:44:39,39,r/gaming,2,2018-05-17 03:33:49,3,0,1,0
8jycpg,2018-05-16 20:44:39,39,r/gaming,2,2018-05-17 02:05:58,2,1,8,0
8jycpg,2018-05-16 20:44:39,39,r/gaming,2,2018-05-17 02:23:04,3,0,3,0
8jycpg,2018-05-16 20:44:39,39,r/gaming,2,2018-05-17 00:28:35,2,0,6,0
8jycpg,2018-05-16 20:44:39,39,r/gaming,2,2018-05-17 00:54:12,2,0,3,0
8jycpg,2018-05-16 20:44:39,39,r/gaming,2,2018-05-17 02:16:32,2,0,2,0
8jycpg,2018-05-16 20:44:39,39,r/gaming,2,2018-05-17 00:48:42,1,1,133,0
8jycpg,2018-05-16 20:44:39,39,r/gaming,2,2018-05-17 00:51:08,2,0,21,0
8jycpg,2018-05-16 20:44:39,39,r/gaming,2,2018-05-16 23:35:55,1,0,13,0
8jycpg,2018-05-16 20:44:39,39,r/gaming,2,2018-05-16 21:31:16,1,0,9,0
8jycpg,2018-05-16 20:44:39,39,r/gaming,2,2018-05-16 23:20:42,1,0,6,0
8jycpg,2018-05-16 20:44:39,39,r/gaming,2,2018-05-17 01:24:05,1,1,4,0
8jycpg,2018-05-16 20:44:39,39,r/gaming,2,2018-05-17 01:29:21,2,0,2,0
8jycpg,2018-05-16 20:44:39,39,r/gaming,2,2018-05-17 01:57:35,1,0,5,0
8jycpg,2018-05-16 20:44:39,39,r/gaming,2,2018-05-17 00:51:14,1,0,3,0
8jycpg,2018-05-16 20:44:39,39,r/gaming,2,2018-05-16 21:12:09,1,1,4,0
8jycpg,2018-05-16 20:44:39,39,r/gaming,2,2018-05-16 21:38:27,2,3,14,0
8jycpg,2018-05-16 20:44:39,39,r/gaming,2,2018-05-16 22:27:46,3,2,25,0
8jycpg,2018-05-16 20:44:39,39,r/gaming,2,2018-05-16 22:40:43,4,0,36,0
8jycpg,2018-05-16 20:44:39,39,r/gaming,2,2018-05-17 03:17:58,4,1,1,0
8jycpg,2018-05-16 20:44:39,39,r/gaming,2,2018-05-17 03:21:01,5,0,3,0
8jycpg,2018-05-16 20:44:39,39,r/gaming,2,2018-05-16 22:57:05,3,1,10,0
8jycpg,2018-05-16 20:44:39,39,r/gaming,2,2018-05-17 02:25:47,4,0,1,0
8jycpg,2018-05-16 20:44:39,39,r/gaming,2,2018-05-16 21:42:28,3,2,4,0
8jycpg,2018-05-16 20:44:39,39,r/gaming,2,2018-05-16 22:11:02,4,0,11,0
8jycpg,2018-05-16 20:44:39,39,r/gaming,2,2018-05-17 02:26:57,4,0,1,0
8jycpg,2018-05-16 20:44:39,39,r/gaming,2,2018-05-17 02:18:34,1,0,1,0
8jycpg,2018-05-16 20:44:39,39,r/gaming,2,2018-05-17 02:38:11,1,0,1,0
8jycpg,2018-05-16 20:44:39,39,r/gaming,2,2018-05-17 02:55:18,1,0,1,0
8jycpg,2018-05-16 20:44:39,39,r/gaming,2,2018-05-17 03:07:28,1,0,1,0
8jycpg,2018-05-16 20:44:39,39,r/gaming,2,2018-05-17 04:13:24,1,0,1,0
8jycpg,2018-05-16 20:44:39,39,r/gaming,3,2018-05-16 22:40:30,0,5,548,0
8jycpg,2018-05-16 20:44:39,39,r/gaming,3,2018-05-16 23:27:13,1,3,174,0
8jycpg,2018-05-16 20:44:39,39,r/gaming,3,2018-05-17 01:36:28,2,1,32,0
8jycpg,2018-05-16 20:44:39,39,r/gaming,3,2018-05-17 02:08:22,3,1,51,0
8jycpg,2018-05-16 20:44:39,39,r/gaming,3,2018-05-17 02:35:21,4,0,14,0
8jycpg,2018-05-16 20:44:39,39,r/gaming,3,2018-05-17 03:00:04,2,0,7,0
8jycpg,2018-05-16 20:44:39,39,r/gaming,3,2018-05-17 03:07:59,2,0,4,0
8jycpg,2018-05-16 20:44:39,39,r/gaming,3,2018-05-17 02:03:21,1,0,21,0
8jycpg,2018-05-16 20:44:39,39,r/gaming,3,2018-05-16 23:55:46,1,1,30,0
8jycpg,2018-05-16 20:44:39,39,r/gaming,3,2018-05-17 02:36:56,2,0,16,0
8jycpg,2018-05-16 20:44:39,39,r/gaming,3,2018-05-17 02:40:55,1,0,5,0
8jycpg,2018-05-16 20:44:39,39,r/gaming,3,2018-05-17 03:38:16,1,0,2,0
8jycpg,2018-05-16 20:44:39,39,r/gaming,4,2018-05-17 01:01:43,0,1,72,0
8jycpg,2018-05-16 20:44:39,39,r/gaming,4,2018-05-17 03:40:12,1,0,11,0
8jycpg,2018-05-16 20:44:39,39,r/gaming,5,2018-05-17 00:20:01,0,3,192,0
8jycpg,2018-05-16 20:44:39,39,r/gaming,5,2018-05-17 01:49:26,1,0,73,0
8jycpg,2018-05-16 20:44:39,39,r/gaming,5,2018-05-17 02:12:15,1,0,33,0
8jycpg,2018-05-16 20:44:39,39,r/gaming,5,2018-05-17 05:19:55,1,0,1,0
8jycpg,2018-05-16 20:44:39,39,r/gaming,6,2018-05-16 22:21:26,0,4,323,0
8jycpg,2018-05-16 20:44:39,39,r/gaming,6,2018-05-16 23:11:48,1,1,70,0
8jycpg,2018-05-16 20:44:39,39,r/gaming,6,2018-05-17 00:46:22,2,0,13,0
8jycpg,2018-05-16 20:44:39,39,r/gaming,6,2018-05-17 03:22:30,1,1,8,0
8jycpg,2018-05-16 20:44:39,39,r/gaming,6,2018-05-17 03:37:41,2,0,5,0
8jycpg,2018-05-16 20:44:39,39,r/gaming,6,2018-05-17 00:42:58,1,1,2,0
8jycpg,2018-05-16 20:44:39,39,r/gaming,6,2018-05-17 02:09:54,2,0,3,0
8jycpg,2018-05-16 20:44:39,39,r/gaming,6,2018-05-17 02:09:04,1,0,1,0
8jycpg,2018-05-16 20:44:39,39,r/gaming,7,2018-05-17 02:02:06,0,4,87,0
8jycpg,2018-05-16 20:44:39,39,r/gaming,7,2018-05-17 02:05:27,1,1,102,0
8jycpg,2018-05-16 20:44:39,39,r/gaming,7,2018-05-17 03:33:01,2,2,34,0
8jycpg,2018-05-16 20:44:39,39,r/gaming,7,2018-05-17 03:48:49,3,0,12,0
8jycpg,2018-05-16 20:44:39,39,r/gaming,7,2018-05-17 04:00:17,3,0,4,0
8jycpg,2018-05-16 20:44:39,39,r/gaming,7,2018-05-17 03:00:54,1,2,29,0
8jycpg,2018-05-16 20:44:39,39,r/gaming,7,2018-05-17 03:39:33,2,0,7,0
8jycpg,2018-05-16 20:44:39,39,r/gaming,7,2018-05-17 03:48:38,2,2,7,0
8jycpg,2018-05-16 20:44:39,39,r/gaming,7,2018-05-17 03:55:05,3,0,4,0
8jycpg,2018-05-16 20:44:39,39,r/gaming,7,2018-05-17 03:57:19,3,0,1,0
8jycpg,2018-05-16 20:44:39,39,r/gaming,7,2018-05-17 05:04:02,1,0,1,0
8jycpg,2018-05-16 20:44:39,39,r/gaming,8,2018-05-16 23:11:30,0,8,211,0
8jycpg,2018-05-16 20:44:39,39,r/gaming,8,2018-05-17 00:11:27,1,0,80,0
8jycpg,2018-05-16 20:44:39,39,r/gaming,8,2018-05-17 00:58:49,1,3,78,0
8jycpg,2018-05-16 20:44:39,39,r/gaming,8,2018-05-17 01:22:59,2,2,102,0
8jycpg,2018-05-16 20:44:39,39,r/gaming,8,2018-05-17 01:55:43,3,0,24,0
8jycpg,2018-05-16 20:44:39,39,r/gaming,8,2018-05-17 03:37:48,3,0,3,0
8jycpg,2018-05-16 20:44:39,39,r/gaming,8,2018-05-17 03:13:42,2,2,5,0
8jycpg,2018-05-16 20:44:39,39,r/gaming,8,2018-05-17 03:39:04,3,2,3,0
8jycpg,2018-05-16 20:44:39,39,r/gaming,8,2018-05-17 03:46:33,4,1,2,0
8jycpg,2018-05-16 20:44:39,39,r/gaming,8,2018-05-17 03:52:00,5,1,2,0
8jycpg,2018-05-16 20:44:39,39,r/gaming,8,2018-05-17 03:57:09,6,1,1,0
8jycpg,2018-05-16 20:44:39,39,r/gaming,8,2018-05-17 04:03:17,7,0,2,0
8jycpg,2018-05-16 20:44:39,39,r/gaming,8,2018-05-17 03:53:10,4,1,2,0
8jycpg,2018-05-16 20:44:39,39,r/gaming,8,2018-05-17 03:54:42,5,0,1,0
8jycpg,2018-05-16 20:44:39,39,r/gaming,8,2018-05-17 04:34:38,3,0,1,0
8jycpg,2018-05-16 20:44:39,39,r/gaming,8,2018-05-17 02:18:32,1,1,19,0
8jycpg,2018-05-16 20:44:39,39,r/gaming,8,2018-05-17 03:17:09,2,2,8,0
8jycpg,2018-05-16 20:44:39,39,r/gaming,8,2018-05-17 03:27:16,3,0,1,0
8jycpg,2018-05-16 20:44:39,39,r/gaming,8,2018-05-17 03:27:54,3,0,1,0
8jycpg,2018-05-16 20:44:39,39,r/gaming,8,2018-05-17 02:18:40,1,3,17,0
8jycpg,2018-05-16 20:44:39,39,r/gaming,8,2018-05-17 02:26:36,2,0,35,0
8jycpg,2018-05-16 20:44:39,39,r/gaming,8,2018-05-17 02:33:27,2,3,9,0
8jycpg,2018-05-16 20:44:39,39,r/gaming,8,2018-05-17 03:16:39,3,1,2,0
8jycpg,2018-05-16 20:44:39,39,r/gaming,8,2018-05-17 03:31:06,4,1,3,0
8jycpg,2018-05-16 20:44:39,39,r/gaming,8,2018-05-17 05:09:00,5,0,1,0
8jycpg,2018-05-16 20:44:39,39,r/gaming,8,2018-05-17 02:40:15,3,1,1,0
8jycpg,2018-05-16 20:44:39,39,r/gaming,8,2018-05-17 03:14:37,4,0,2,0
8jycpg,2018-05-16 20:44:39,39,r/gaming,8,2018-05-17 02:56:51,3,1,1,0
8jycpg,2018-05-16 20:44:39,39,r/gaming,8,2018-05-17 05:02:58,4,0,1,0
8jycpg,2018-05-16 20:44:39,39,r/gaming,8,2018-05-17 02:34:59,2,0,2,0
8jycpg,2018-05-16 20:44:39,39,r/gaming,8,2018-05-17 03:13:03,1,0,2,0
8jycpg,2018-05-16 20:44:39,39,r/gaming,8,2018-05-17 03:46:09,1,0,1,0
8jycpg,2018-05-16 20:44:39,39,r/gaming,8,2018-05-17 02:38:22,1,0,1,0
8jycpg,2018-05-16 20:44:39,39,r/gaming,9,2018-05-17 00:27:00,0,3,87,0
8jycpg,2018-05-16 20:44:39,39,r/gaming,9,2018-05-17 02:11:39,1,1,43,0
8jycpg,2018-05-16 20:44:39,39,r/gaming,9,2018-05-17 02:19:32,2,1,25,0
8jycpg,2018-05-16 20:44:39,39,r/gaming,9,2018-05-17 02:39:48,3,1,11,0
8jycpg,2018-05-16 20:44:39,39,r/gaming,9,2018-05-17 02:42:17,4,0,2,0
8jycpg,2018-05-16 20:44:39,39,r/gaming,9,2018-05-17 02:58:43,1,0,16,0
8jycpg,2018-05-16 20:44:39,39,r/gaming,9,2018-05-17 03:50:44,1,1,3,0
8jycpg,2018-05-16 20:44:39,39,r/gaming,9,2018-05-17 04:53:33,2,0,1,0
8jycpg,2018-05-16 20:44:39,39,r/gaming,10,2018-05-16 23:06:24,0,1,49,0
8jycpg,2018-05-16 20:44:39,39,r/gaming,10,2018-05-17 01:17:14,1,0,11,0
8jycpg,2018-05-16 20:44:39,39,r/gaming,11,2018-05-16 23:17:02,0,1,42,0
8jycpg,2018-05-16 20:44:39,39,r/gaming,11,2018-05-17 01:10:02,1,1,26,0
8jycpg,2018-05-16 20:44:39,39,r/gaming,11,2018-05-17 03:04:48,2,0,4,0
8jycpg,2018-05-16 20:44:39,39,r/gaming,12,2018-05-17 00:40:34,0,2,13,0
8jycpg,2018-05-16 20:44:39,39,r/gaming,12,2018-05-17 02:35:04,1,3,24,0
8jycpg,2018-05-16 20:44:39,39,r/gaming,12,2018-05-17 03:04:58,2,0,8,0
8jycpg,2018-05-16 20:44:39,39,r/gaming,12,2018-05-17 03:23:35,2,0,2,0
8jycpg,2018-05-16 20:44:39,39,r/gaming,12,2018-05-17 02:15:00,1,1,-2,0
8jycpg,2018-05-16 20:44:39,39,r/gaming,12,2018-05-17 02:16:04,2,0,13,0
8jycpg,2018-05-16 20:44:39,39,r/gaming,13,2018-05-16 23:24:47,0,2,51,0
8jycpg,2018-05-16 20:44:39,39,r/gaming,13,2018-05-17 02:24:10,1,0,8,0
8jycpg,2018-05-16 20:44:39,39,r/gaming,13,2018-05-17 02:39:25,1,1,1,0
8jycpg,2018-05-16 20:44:39,39,r/gaming,14,2018-05-17 00:27:23,0,1,11,0
8jycpg,2018-05-16 20:44:39,39,r/gaming,14,2018-05-17 03:35:56,1,0,2,0
8jycpg,2018-05-16 20:44:39,39,r/gaming,15,2018-05-17 02:17:12,0,3,24,0
8jycpg,2018-05-16 20:44:39,39,r/gaming,15,2018-05-17 04:00:51,1,0,3,0
8jycpg,2018-05-16 20:44:39,39,r/gaming,15,2018-05-17 03:37:26,1,0,1,0
8jycpg,2018-05-16 20:44:39,39,r/gaming,15,2018-05-17 05:17:16,1,0,1,0
8jycpg,2018-05-16 20:44:39,39,r/gaming,16,2018-05-17 00:34:03,0,1,10,0
8jycpg,2018-05-16 20:44:39,39,r/gaming,16,2018-05-17 04:32:21,1,0,1,0
8jycpg,2018-05-16 20:44:39,39,r/gaming,17,2018-05-17 00:56:09,0,0,19,0
8jycpg,2018-05-16 20:44:39,39,r/gaming,18,2018-05-16 22:22:48,0,5,95,0
8jycpg,2018-05-16 20:44:39,39,r/gaming,18,2018-05-17 02:17:20,1,4,63,0
8jycpg,2018-05-16 20:44:39,39,r/gaming,18,2018-05-17 02:43:22,2,0,25,0
8jycpg,2018-05-16 20:44:39,39,r/gaming,18,2018-05-17 02:54:20,2,0,7,0
8jycpg,2018-05-16 20:44:39,39,r/gaming,18,2018-05-17 03:00:52,2,1,6,0
8jycpg,2018-05-16 20:44:39,39,r/gaming,18,2018-05-17 04:42:23,3,0,1,0
8jycpg,2018-05-16 20:44:39,39,r/gaming,18,2018-05-17 03:29:16,2,0,2,0
8jycpg,2018-05-16 20:44:39,39,r/gaming,18,2018-05-16 23:05:20,1,1,20,0
8jycpg,2018-05-16 20:44:39,39,r/gaming,18,2018-05-17 02:36:31,2,0,7,0
8jycpg,2018-05-16 20:44:39,39,r/gaming,18,2018-05-17 03:17:55,1,1,3,0
8jycpg,2018-05-16 20:44:39,39,r/gaming,18,2018-05-17 03:31:11,2,0,1,0
8jycpg,2018-05-16 20:44:39,39,r/gaming,18,2018-05-16 23:18:09,1,2,21,0
8jycpg,2018-05-16 20:44:39,39,r/gaming,18,2018-05-16 23:46:20,2,3,55,0
8jycpg,2018-05-16 20:44:39,39,r/gaming,18,2018-05-17 01:24:24,3,0,28,0
8jycpg,2018-05-16 20:44:39,39,r/gaming,18,2018-05-17 02:21:17,3,1,9,0
8jycpg,2018-05-16 20:44:39,39,r/gaming,18,2018-05-17 03:36:47,4,0,1,0
8jycpg,2018-05-16 20:44:39,39,r/gaming,18,2018-05-17 03:28:07,3,1,1,0
8jycpg,2018-05-16 20:44:39,39,r/gaming,18,2018-05-17 03:32:18,4,0,2,0
8jycpg,2018-05-16 20:44:39,39,r/gaming,18,2018-05-16 23:45:59,1,0,1,0
8jycpg,2018-05-16 20:44:39,39,r/gaming,19,2018-05-16 22:52:00,0,0,8,0
8jycpg,2018-05-16 20:44:39,39,r/gaming,20,2018-05-16 23:29:18,0,1,37,0
8jycpg,2018-05-16 20:44:39,39,r/gaming,20,2018-05-17 01:06:41,1,2,21,0
8jycpg,2018-05-16 20:44:39,39,r/gaming,20,2018-05-17 02:01:34,2,3,8,0
8jycpg,2018-05-16 20:44:39,39,r/gaming,20,2018-05-17 02:28:52,3,1,6,0
8jycpg,2018-05-16 20:44:39,39,r/gaming,20,2018-05-17 02:40:26,4,0,9,0
8jycpg,2018-05-16 20:44:39,39,r/gaming,20,2018-05-17 02:05:52,3,0,3,0
8jycpg,2018-05-16 20:44:39,39,r/gaming,20,2018-05-17 02:17:43,3,1,2,0
8jycpg,2018-05-16 20:44:39,39,r/gaming,20,2018-05-17 02:35:25,4,0,5,0
8jycpg,2018-05-16 20:44:39,39,r/gaming,21,2018-05-16 23:57:17,0,2,13,0
8jycpg,2018-05-16 20:44:39,39,r/gaming,21,2018-05-17 01:06:05,1,1,6,0
8jycpg,2018-05-16 20:44:39,39,r/gaming,21,2018-05-17 01:10:17,2,0,9,0
8jycpg,2018-05-16 20:44:39,39,r/gaming,21,2018-05-17 03:49:56,1,1,1,0
8jycpg,2018-05-16 20:44:39,39,r/gaming,21,2018-05-17 04:16:55,2,0,1,0
8jycpg,2018-05-16 20:44:39,39,r/gaming,22,2018-05-17 00:55:44,0,0,4,0
8jycpg,2018-05-16 20:44:39,39,r/gaming,23,2018-05-17 01:19:13,0,0,5,0
8jycpg,2018-05-16 20:44:39,39,r/gaming,24,2018-05-16 21:42:46,0,3,96,0
8jycpg,2018-05-16 20:44:39,39,r/gaming,24,2018-05-16 23:11:01,1,1,141,0
8jycpg,2018-05-16 20:44:39,39,r/gaming,24,2018-05-16 23:15:20,2,1,33,0
8jycpg,2018-05-16 20:44:39,39,r/gaming,24,2018-05-16 23:28:22,3,1,20,0
8jycpg,2018-05-16 20:44:39,39,r/gaming,24,2018-05-16 23:30:05,4,4,16,0
8jycpg,2018-05-16 20:44:39,39,r/gaming,24,2018-05-17 01:33:06,5,4,37,0
8jycpg,2018-05-16 20:44:39,39,r/gaming,24,2018-05-17 02:58:49,6,1,4,0
8jycpg,2018-05-16 20:44:39,39,r/gaming,24,2018-05-17 03:47:35,7,1,6,0
8jycpg,2018-05-16 20:44:39,39,r/gaming,24,2018-05-17 03:54:44,8,0,0,0
8jycpg,2018-05-16 20:44:39,39,r/gaming,24,2018-05-17 04:44:56,6,0,1,0
8jycpg,2018-05-16 20:44:39,39,r/gaming,24,2018-05-17 02:51:46,6,0,0,0
8jycpg,2018-05-16 20:44:39,39,r/gaming,24,2018-05-17 00:16:08,5,6,66,0
8jycpg,2018-05-16 20:44:39,39,r/gaming,24,2018-05-17 01:11:19,6,7,20,0
8jycpg,2018-05-16 20:44:39,39,r/gaming,24,2018-05-17 01:59:45,7,2,27,0
8jycpg,2018-05-16 20:44:39,39,r/gaming,24,2018-05-17 02:22:31,8,2,-6,0
8jycpg,2018-05-16 20:44:39,39,r/gaming,24,2018-05-17 02:46:26,9,1,10,0
8jycpg,2018-05-16 20:44:39,39,r/gaming,24,2018-05-17 02:39:17,9,1,4,0
8jycpg,2018-05-16 20:44:39,39,r/gaming,24,2018-05-17 01:42:59,7,1,40,0
8jycpg,2018-05-16 20:44:39,39,r/gaming,24,2018-05-17 02:16:51,8,1,-3,0
8jycpg,2018-05-16 20:44:39,39,r/gaming,24,2018-05-17 02:30:49,9,1,12,0
8jycpg,2018-05-16 20:44:39,39,r/gaming,24,2018-05-17 01:46:45,7,0,18,0
8jycpg,2018-05-16 20:44:39,39,r/gaming,24,2018-05-17 02:45:26,7,0,3,0
8jycpg,2018-05-16 20:44:39,39,r/gaming,24,2018-05-17 03:51:23,7,0,1,0
8jycpg,2018-05-16 20:44:39,39,r/gaming,24,2018-05-17 04:33:44,7,0,1,0
8jycpg,2018-05-16 20:44:39,39,r/gaming,24,2018-05-17 02:57:24,6,0,1,0
8jycpg,2018-05-16 20:44:39,39,r/gaming,24,2018-05-17 03:15:56,6,0,1,0
8jycpg,2018-05-16 20:44:39,39,r/gaming,24,2018-05-17 00:44:35,6,5,-9,0
8jycpg,2018-05-16 20:44:39,39,r/gaming,24,2018-05-17 00:52:45,7,2,14,0
8jycpg,2018-05-16 20:44:39,39,r/gaming,24,2018-05-17 01:24:21,8,1,-2,0
8jycpg,2018-05-16 20:44:39,39,r/gaming,24,2018-05-17 01:44:14,9,0,4,0
8jycpg,2018-05-16 20:44:39,39,r/gaming,24,2018-05-17 00:58:09,7,1,15,0
8jycpg,2018-05-16 20:44:39,39,r/gaming,24,2018-05-17 02:11:43,8,0,3,0
8jycpg,2018-05-16 20:44:39,39,r/gaming,24,2018-05-17 01:06:37,7,1,8,0
8jycpg,2018-05-16 20:44:39,39,r/gaming,24,2018-05-17 01:32:31,8,1,1,0
8jycpg,2018-05-16 20:44:39,39,r/gaming,24,2018-05-17 01:35:25,9,1,1,0
8jycpg,2018-05-16 20:44:39,39,r/gaming,24,2018-05-17 03:55:29,7,0,1,0
8jycpg,2018-05-16 20:44:39,39,r/gaming,24,2018-05-17 01:29:08,7,1,0,0
8jycpg,2018-05-16 20:44:39,39,r/gaming,24,2018-05-17 01:37:18,8,0,4,0
8jycpg,2018-05-16 20:44:39,39,r/gaming,24,2018-05-17 02:04:50,6,1,-2,0
8jycpg,2018-05-16 20:44:39,39,r/gaming,24,2018-05-17 02:10:17,7,1,3,0
8jycpg,2018-05-16 20:44:39,39,r/gaming,24,2018-05-17 02:34:54,8,1,2,0
8jycpg,2018-05-16 20:44:39,39,r/gaming,24,2018-05-17 02:47:46,9,1,0,0
8jycpg,2018-05-16 20:44:39,39,r/gaming,24,2018-05-17 00:36:12,5,2,12,0
8jycpg,2018-05-16 20:44:39,39,r/gaming,24,2018-05-17 01:37:14,6,4,2,0
8jycpg,2018-05-16 20:44:39,39,r/gaming,24,2018-05-17 01:51:12,7,1,7,0
8jycpg,2018-05-16 20:44:39,39,r/gaming,24,2018-05-17 02:06:48,7,1,3,0
8jycpg,2018-05-16 20:44:39,39,r/gaming,24,2018-05-17 04:49:35,7,0,1,0
8jycpg,2018-05-16 20:44:39,39,r/gaming,24,2018-05-17 01:55:31,7,2,1,0
8jycpg,2018-05-16 20:44:39,39,r/gaming,24,2018-05-17 02:54:05,8,1,2,0
8jycpg,2018-05-16 20:44:39,39,r/gaming,24,2018-05-17 03:34:27,9,1,3,0
8jycpg,2018-05-16 20:44:39,39,r/gaming,24,2018-05-17 02:10:58,8,0,5,0
8jycpg,2018-05-16 20:44:39,39,r/gaming,24,2018-05-16 22:14:27,1,1,5,0
8jycpg,2018-05-16 20:44:39,39,r/gaming,24,2018-05-16 22:55:15,2,2,6,0
8jycpg,2018-05-16 20:44:39,39,r/gaming,24,2018-05-17 00:09:24,3,1,2,0
8jycpg,2018-05-16 20:44:39,39,r/gaming,24,2018-05-17 00:59:55,4,1,1,0
8jycpg,2018-05-16 20:44:39,39,r/gaming,24,2018-05-17 03:04:39,5,0,1,0
8jycpg,2018-05-16 20:44:39,39,r/gaming,24,2018-05-17 00:04:12,3,0,1,0
8jycpg,2018-05-16 20:44:39,39,r/gaming,24,2018-05-17 01:49:41,1,0,1,0
8jycpg,2018-05-16 20:44:39,39,r/gaming,25,2018-05-17 00:35:04,0,0,4,0
8jycpg,2018-05-16 20:44:39,39,r/gaming,26,2018-05-17 01:21:47,0,0,4,0
8jycpg,2018-05-16 20:44:39,39,r/gaming,27,2018-05-17 01:35:04,0,0,5,0
8jycpg,2018-05-16 20:44:39,39,r/gaming,28,2018-05-16 23:14:00,0,0,12,0
8jycpg,2018-05-16 20:44:39,39,r/gaming,29,2018-05-16 23:26:55,0,0,3,0
8jycpg,2018-05-16 20:44:39,39,r/gaming,30,2018-05-16 23:37:02,0,0,3,0
8jycpg,2018-05-16 20:44:39,39,r/gaming,31,2018-05-17 00:28:01,0,0,3,0
8jycpg,2018-05-16 20:44:39,39,r/gaming,32,2018-05-17 00:35:15,0,1,3,0
8jycpg,2018-05-16 20:44:39,39,r/gaming,32,2018-05-17 02:19:25,1,1,6,0
8jycpg,2018-05-16 20:44:39,39,r/gaming,32,2018-05-17 03:43:12,2,0,1,0
8jycpg,2018-05-16 20:44:39,39,r/gaming,33,2018-05-17 00:35:54,0,1,3,0
8jycpg,2018-05-16 20:44:39,39,r/gaming,33,2018-05-17 02:44:23,1,1,3,0
8jycpg,2018-05-16 20:44:39,39,r/gaming,33,2018-05-17 03:49:30,2,0,1,0
8jycpg,2018-05-16 20:44:39,39,r/gaming,34,2018-05-17 00:50:57,0,0,3,0
8jycpg,2018-05-16 20:44:39,39,r/gaming,35,2018-05-17 02:19:59,0,0,3,0
8jycpg,2018-05-16 20:44:39,39,r/gaming,36,2018-05-17 03:17:04,0,1,3,0
8jycpg,2018-05-16 20:44:39,39,r/gaming,36,2018-05-17 03:32:39,1,0,2,0
8jycpg,2018-05-16 20:44:39,39,r/gaming,37,2018-05-17 03:42:25,0,0,3,0
8jycpg,2018-05-16 20:44:39,39,r/gaming,38,2018-05-17 00:23:43,0,1,3,0
8jycpg,2018-05-16 20:44:39,39,r/gaming,38,2018-05-17 03:37:35,1,0,1,0
8jycpg,2018-05-16 20:44:39,39,r/gaming,39,2018-05-17 01:12:23,0,1,4,0
8jycpg,2018-05-16 20:44:39,39,r/gaming,39,2018-05-17 03:58:09,1,1,1,0
8jycpg,2018-05-16 20:44:39,39,r/gaming,39,2018-05-17 04:22:41,2,1,1,0
8jycpg,2018-05-16 20:44:39,39,r/gaming,39,2018-05-17 04:23:31,3,1,1,0
8jycpg,2018-05-16 20:44:39,39,r/gaming,39,2018-05-17 05:00:57,4,0,1,0
8jycpg,2018-05-16 20:44:39,39,r/gaming,40,2018-05-17 00:42:27,0,0,2,0
8jycpg,2018-05-16 20:44:39,39,r/gaming,41,2018-05-17 01:07:19,0,0,2,0
8jycpg,2018-05-16 20:44:39,39,r/gaming,42,2018-05-17 01:31:31,0,0,2,0
8jycpg,2018-05-16 20:44:39,39,r/gaming,43,2018-05-17 02:16:35,0,0,2,0
8jycpg,2018-05-16 20:44:39,39,r/gaming,44,2018-05-17 02:22:04,0,1,2,0
8jycpg,2018-05-16 20:44:39,39,r/gaming,44,2018-05-17 02:37:41,1,1,6,0
8jycpg,2018-05-16 20:44:39,39,r/gaming,44,2018-05-17 02:39:48,2,0,3,0
8jycpg,2018-05-16 20:44:39,39,r/gaming,45,2018-05-17 03:17:55,0,0,2,0
8jycpg,2018-05-16 20:44:39,39,r/gaming,46,2018-05-17 03:18:37,0,0,2,0
8jycpg,2018-05-16 20:44:39,39,r/gaming,47,2018-05-17 03:19:53,0,0,2,0
8jycpg,2018-05-16 20:44:39,39,r/gaming,48,2018-05-17 03:22:13,0,0,2,0
8jycpg,2018-05-16 20:44:39,39,r/gaming,49,2018-05-17 03:29:08,0,0,2,0
8jycpg,2018-05-16 20:44:39,39,r/gaming,50,2018-05-17 03:45:18,0,0,2,0
8jycpg,2018-05-16 20:44:39,39,r/gaming,51,2018-05-17 03:47:45,0,0,2,0
8jycpg,2018-05-16 20:44:39,39,r/gaming,52,2018-05-17 03:57:59,0,1,2,0
8jycpg,2018-05-16 20:44:39,39,r/gaming,52,2018-05-17 04:43:39,1,0,1,0
8jycpg,2018-05-16 20:44:39,39,r/gaming,53,2018-05-16 23:45:13,0,0,8,0
8jycpg,2018-05-16 20:44:39,39,r/gaming,54,2018-05-17 01:49:30,0,1,5,0
8jycpg,2018-05-16 20:44:39,39,r/gaming,54,2018-05-17 04:05:26,1,1,1,0
8jycpg,2018-05-16 20:44:39,39,r/gaming,54,2018-05-17 04:37:15,2,0,1,0
8jycpg,2018-05-16 20:44:39,39,r/gaming,55,2018-05-16 22:34:48,0,0,2,0
8jycpg,2018-05-16 20:44:39,39,r/gaming,56,2018-05-17 01:08:59,0,0,2,0
8jycpg,2018-05-16 20:44:39,39,r/gaming,57,2018-05-17 04:20:26,0,0,2,0
8jycpg,2018-05-16 20:44:39,39,r/gaming,58,2018-05-17 01:33:00,0,0,2,0
8jycpg,2018-05-16 20:44:39,39,r/gaming,59,2018-05-17 03:08:29,0,0,2,0
8jycpg,2018-05-16 20:44:39,39,r/gaming,60,2018-05-17 01:13:09,0,0,1,0
8jycpg,2018-05-16 20:44:39,39,r/gaming,61,2018-05-17 01:23:56,0,0,1,0
8jycpg,2018-05-16 20:44:39,39,r/gaming,62,2018-05-17 01:28:13,0,0,1,0
8jycpg,2018-05-16 20:44:39,39,r/gaming,63,2018-05-17 01:37:20,0,0,1,0
8jycpg,2018-05-16 20:44:39,39,r/gaming,64,2018-05-17 01:40:32,0,0,1,0
8jycpg,2018-05-16 20:44:39,39,r/gaming,65,2018-05-17 01:41:15,0,0,1,0
8jycpg,2018-05-16 20:44:39,39,r/gaming,66,2018-05-17 01:54:33,0,0,1,0
8jycpg,2018-05-16 20:44:39,39,r/gaming,67,2018-05-17 01:54:42,0,0,1,0
8jycpg,2018-05-16 20:44:39,39,r/gaming,68,2018-05-17 01:57:03,0,0,1,0
8jycpg,2018-05-16 20:44:39,39,r/gaming,69,2018-05-17 01:58:36,0,0,1,0
8jycpg,2018-05-16 20:44:39,39,r/gaming,70,2018-05-17 01:59:01,0,0,1,0
8jycpg,2018-05-16 20:44:39,39,r/gaming,71,2018-05-17 01:59:39,0,0,1,0
8jycpg,2018-05-16 20:44:39,39,r/gaming,72,2018-05-17 02:00:39,0,0,1,0
8jycpg,2018-05-16 20:44:39,39,r/gaming,73,2018-05-17 02:04:01,0,0,1,0
8jycpg,2018-05-16 20:44:39,39,r/gaming,74,2018-05-17 02:06:00,0,0,1,0
8jycpg,2018-05-16 20:44:39,39,r/gaming,75,2018-05-17 02:09:18,0,0,1,0
8jycpg,2018-05-16 20:44:39,39,r/gaming,76,2018-05-17 02:10:33,0,0,1,0
8jycpg,2018-05-16 20:44:39,39,r/gaming,77,2018-05-17 02:12:48,0,0,1,0
8jycpg,2018-05-16 20:44:39,39,r/gaming,78,2018-05-17 02:15:55,0,0,1,0
8jycpg,2018-05-16 20:44:39,39,r/gaming,79,2018-05-17 02:16:09,0,1,1,0
8jycpg,2018-05-16 20:44:39,39,r/gaming,79,2018-05-17 02:44:19,1,0,1,0
8jycpg,2018-05-16 20:44:39,39,r/gaming,80,2018-05-17 02:17:45,0,0,1,0
8jycpg,2018-05-16 20:44:39,39,r/gaming,81,2018-05-17 02:21:14,0,0,1,0
8jycpg,2018-05-16 20:44:39,39,r/gaming,82,2018-05-17 02:24:45,0,0,1,0
8jycpg,2018-05-16 20:44:39,39,r/gaming,83,2018-05-17 02:31:10,0,0,1,0
8jycpg,2018-05-16 20:44:39,39,r/gaming,84,2018-05-17 02:40:25,0,0,1,0
8jycpg,2018-05-16 20:44:39,39,r/gaming,85,2018-05-17 02:44:04,0,0,1,0
8jycpg,2018-05-16 20:44:39,39,r/gaming,86,2018-05-17 02:44:59,0,0,1,0
8jycpg,2018-05-16 20:44:39,39,r/gaming,87,2018-05-17 02:45:12,0,0,1,0
8jycpg,2018-05-16 20:44:39,39,r/gaming,88,2018-05-17 02:46:34,0,0,1,0
8jycpg,2018-05-16 20:44:39,39,r/gaming,89,2018-05-17 02:47:40,0,0,1,0
8jycpg,2018-05-16 20:44:39,39,r/gaming,90,2018-05-17 02:48:57,0,0,1,0
8jycpg,2018-05-16 20:44:39,39,r/gaming,91,2018-05-17 02:49:28,0,0,1,0
8jycpg,2018-05-16 20:44:39,39,r/gaming,92,2018-05-17 02:51:36,0,0,1,0
8jycpg,2018-05-16 20:44:39,39,r/gaming,93,2018-05-17 02:55:47,0,0,1,0
8jycpg,2018-05-16 20:44:39,39,r/gaming,94,2018-05-17 02:55:51,0,0,1,0
8jycpg,2018-05-16 20:44:39,39,r/gaming,95,2018-05-17 02:56:47,0,0,1,0
8jycpg,2018-05-16 20:44:39,39,r/gaming,96,2018-05-17 02:59:02,0,0,1,0
8jycpg,2018-05-16 20:44:39,39,r/gaming,97,2018-05-17 03:02:10,0,0,1,0
8jycpg,2018-05-16 20:44:39,39,r/gaming,98,2018-05-17 03:02:30,0,0,1,0
8jycpg,2018-05-16 20:44:39,39,r/gaming,99,2018-05-17 03:04:39,0,0,1,0
8jycpg,2018-05-16 20:44:39,39,r/gaming,100,2018-05-17 03:05:30,0,0,1,0
8jycpg,2018-05-16 20:44:39,39,r/gaming,101,2018-05-17 03:06:37,0,0,1,0
8jycpg,2018-05-16 20:44:39,39,r/gaming,102,2018-05-17 03:08:44,0,0,1,0
8jycpg,2018-05-16 20:44:39,39,r/gaming,103,2018-05-17 03:11:51,0,0,1,0
8jycpg,2018-05-16 20:44:39,39,r/gaming,104,2018-05-17 03:12:51,0,0,1,0
8jycpg,2018-05-16 20:44:39,39,r/gaming,105,2018-05-17 03:13:20,0,0,1,0
8jycpg,2018-05-16 20:44:39,39,r/gaming,106,2018-05-17 03:14:14,0,0,1,0
8jycpg,2018-05-16 20:44:39,39,r/gaming,107,2018-05-17 03:15:02,0,0,1,0
8jycpg,2018-05-16 20:44:39,39,r/gaming,108,2018-05-17 03:16:02,0,0,1,0
8jycpg,2018-05-16 20:44:39,39,r/gaming,109,2018-05-17 03:18:50,0,0,1,0
8jycpg,2018-05-16 20:44:39,39,r/gaming,110,2018-05-17 03:20:37,0,0,1,0
8jycpg,2018-05-16 20:44:39,39,r/gaming,111,2018-05-17 03:24:15,0,0,1,0
8jycpg,2018-05-16 20:44:39,39,r/gaming,112,2018-05-17 03:27:29,0,0,1,0
8jycpg,2018-05-16 20:44:39,39,r/gaming,113,2018-05-17 03:33:27,0,0,1,0
8jycpg,2018-05-16 20:44:39,39,r/gaming,114,2018-05-17 03:38:28,0,0,1,0
8jycpg,2018-05-16 20:44:39,39,r/gaming,115,2018-05-17 03:39:25,0,0,1,0
8jycpg,2018-05-16 20:44:39,39,r/gaming,116,2018-05-17 03:42:44,0,0,1,0
8jycpg,2018-05-16 20:44:39,39,r/gaming,117,2018-05-17 03:47:15,0,0,1,0
8jycpg,2018-05-16 20:44:39,39,r/gaming,118,2018-05-17 03:48:48,0,0,1,0
8jycpg,2018-05-16 20:44:39,39,r/gaming,119,2018-05-17 03:51:31,0,0,1,0
8jycpg,2018-05-16 20:44:39,39,r/gaming,120,2018-05-17 03:52:27,0,0,1,0
8jycpg,2018-05-16 20:44:39,39,r/gaming,121,2018-05-17 03:57:47,0,0,1,0
8jycpg,2018-05-16 20:44:39,39,r/gaming,122,2018-05-17 04:04:59,0,0,1,0
8jycpg,2018-05-16 20:44:39,39,r/gaming,123,2018-05-17 04:13:52,0,0,1,0
8jycpg,2018-05-16 20:44:39,39,r/gaming,124,2018-05-17 04:15:23,0,0,1,0
8jycpg,2018-05-16 20:44:39,39,r/gaming,125,2018-05-17 04:30:49,0,0,1,0
8jycpg,2018-05-16 20:44:39,39,r/gaming,126,2018-05-17 05:05:25,0,0,1,0
8jycpg,2018-05-16 20:44:39,39,r/gaming,127,2018-05-17 05:17:27,0,0,1,0
8jycpg,2018-05-16 20:44:39,39,r/gaming,128,2018-05-17 00:04:19,0,1,1,0
8jycpg,2018-05-16 20:44:39,39,r/gaming,128,2018-05-17 02:43:19,1,0,1,0
8jycpg,2018-05-16 20:44:39,39,r/gaming,129,2018-05-17 00:14:19,0,0,1,0
8jycpg,2018-05-16 20:44:39,39,r/gaming,130,2018-05-17 00:30:33,0,1,1,0
8jycpg,2018-05-16 20:44:39,39,r/gaming,130,2018-05-17 00:43:51,1,0,2,0
8jycpg,2018-05-16 20:44:39,39,r/gaming,131,2018-05-17 00:32:31,0,0,1,0
8jycpg,2018-05-16 20:44:39,39,r/gaming,132,2018-05-17 02:57:24,0,1,1,0
8jycpg,2018-05-16 20:44:39,39,r/gaming,132,2018-05-17 03:01:29,1,1,1,0
8jycpg,2018-05-16 20:44:39,39,r/gaming,132,2018-05-17 03:02:33,2,0,1,0
8jycpg,2018-05-16 20:44:39,39,r/gaming,133,2018-05-17 00:27:17,0,0,0,0
8jycpg,2018-05-16 20:44:39,39,r/gaming,134,2018-05-17 00:45:10,0,2,0,0
8jycpg,2018-05-16 20:44:39,39,r/gaming,134,2018-05-17 01:24:45,1,2,2,0
8jycpg,2018-05-16 20:44:39,39,r/gaming,134,2018-05-17 01:34:59,2,1,2,0
8jycpg,2018-05-16 20:44:39,39,r/gaming,134,2018-05-17 02:01:55,2,1,1,0
8jycpg,2018-05-16 20:44:39,39,r/gaming,134,2018-05-17 01:02:53,1,1,1,0
8jycpg,2018-05-16 20:44:39,39,r/gaming,134,2018-05-17 01:05:13,2,0,1,0
8jyjnj,2018-05-16 21:09:16,40,r/nevertellmetheodds,0,2018-05-17 00:18:39,0,4,248,0
8jyjnj,2018-05-16 21:09:16,40,r/nevertellmetheodds,0,2018-05-17 00:25:03,1,2,88,0
8jyjnj,2018-05-16 21:09:16,40,r/nevertellmetheodds,0,2018-05-17 04:16:40,2,0,1,0
8jyjnj,2018-05-16 21:09:16,40,r/nevertellmetheodds,0,2018-05-17 04:42:48,2,0,1,0
8jyjnj,2018-05-16 21:09:16,40,r/nevertellmetheodds,0,2018-05-17 04:04:04,1,0,1,0
8jyjnj,2018-05-16 21:09:16,40,r/nevertellmetheodds,0,2018-05-17 03:09:59,1,3,18,0
8jyjnj,2018-05-16 21:09:16,40,r/nevertellmetheodds,0,2018-05-17 03:15:24,2,2,9,0
8jyjnj,2018-05-16 21:09:16,40,r/nevertellmetheodds,0,2018-05-17 03:34:46,3,0,1,0
8jyjnj,2018-05-16 21:09:16,40,r/nevertellmetheodds,0,2018-05-17 04:21:47,3,0,1,0
8jyjnj,2018-05-16 21:09:16,40,r/nevertellmetheodds,0,2018-05-17 04:14:28,2,0,1,0
8jyjnj,2018-05-16 21:09:16,40,r/nevertellmetheodds,0,2018-05-17 04:38:07,2,0,1,0
8jyjnj,2018-05-16 21:09:16,40,r/nevertellmetheodds,0,2018-05-17 04:43:53,1,0,1,0
8jyjnj,2018-05-16 21:09:16,40,r/nevertellmetheodds,1,2018-05-16 21:28:01,0,3,440,0
8jyjnj,2018-05-16 21:09:16,40,r/nevertellmetheodds,1,2018-05-16 22:04:31,1,6,535,0
8jyjnj,2018-05-16 21:09:16,40,r/nevertellmetheodds,1,2018-05-16 23:26:33,2,1,246,0
8jyjnj,2018-05-16 21:09:16,40,r/nevertellmetheodds,1,2018-05-16 23:36:02,3,1,133,0
8jyjnj,2018-05-16 21:09:16,40,r/nevertellmetheodds,1,2018-05-17 02:52:43,4,1,23,0
8jyjnj,2018-05-16 21:09:16,40,r/nevertellmetheodds,1,2018-05-17 04:02:10,5,1,1,0
8jyjnj,2018-05-16 21:09:16,40,r/nevertellmetheodds,1,2018-05-17 04:07:26,6,0,1,0
8jyjnj,2018-05-16 21:09:16,40,r/nevertellmetheodds,1,2018-05-17 00:05:10,2,1,59,0
8jyjnj,2018-05-16 21:09:16,40,r/nevertellmetheodds,1,2018-05-17 00:11:31,3,2,33,0
8jyjnj,2018-05-16 21:09:16,40,r/nevertellmetheodds,1,2018-05-17 00:20:26,4,2,29,0
8jyjnj,2018-05-16 21:09:16,40,r/nevertellmetheodds,1,2018-05-17 01:14:08,5,1,18,0
8jyjnj,2018-05-16 21:09:16,40,r/nevertellmetheodds,1,2018-05-17 01:50:09,6,1,7,0
8jyjnj,2018-05-16 21:09:16,40,r/nevertellmetheodds,1,2018-05-17 04:02:43,7,1,1,0
8jyjnj,2018-05-16 21:09:16,40,r/nevertellmetheodds,1,2018-05-17 04:16:57,8,0,1,0
8jyjnj,2018-05-16 21:09:16,40,r/nevertellmetheodds,1,2018-05-17 05:18:04,5,0,1,0
8jyjnj,2018-05-16 21:09:16,40,r/nevertellmetheodds,1,2018-05-17 00:14:46,4,1,2,0
8jyjnj,2018-05-16 21:09:16,40,r/nevertellmetheodds,1,2018-05-17 00:16:25,5,1,1,0
8jyjnj,2018-05-16 21:09:16,40,r/nevertellmetheodds,1,2018-05-17 00:19:51,6,1,4,0
8jyjnj,2018-05-16 21:09:16,40,r/nevertellmetheodds,1,2018-05-17 00:20:24,7,1,5,0
8jyjnj,2018-05-16 21:09:16,40,r/nevertellmetheodds,1,2018-05-17 00:22:09,8,1,7,0
8jyjnj,2018-05-16 21:09:16,40,r/nevertellmetheodds,1,2018-05-17 01:24:39,9,1,6,0
8jyjnj,2018-05-16 21:09:16,40,r/nevertellmetheodds,1,2018-05-17 01:18:19,2,1,9,0
8jyjnj,2018-05-16 21:09:16,40,r/nevertellmetheodds,1,2018-05-17 01:28:48,3,1,12,0
8jyjnj,2018-05-16 21:09:16,40,r/nevertellmetheodds,1,2018-05-17 01:30:42,4,2,8,0
8jyjnj,2018-05-16 21:09:16,40,r/nevertellmetheodds,1,2018-05-17 01:39:50,5,1,13,0
8jyjnj,2018-05-16 21:09:16,40,r/nevertellmetheodds,1,2018-05-17 03:01:09,6,0,1,0
8jyjnj,2018-05-16 21:09:16,40,r/nevertellmetheodds,1,2018-05-17 03:06:19,5,0,1,0
8jyjnj,2018-05-16 21:09:16,40,r/nevertellmetheodds,1,2018-05-17 01:36:33,2,0,7,0
8jyjnj,2018-05-16 21:09:16,40,r/nevertellmetheodds,1,2018-05-17 03:44:45,2,0,1,0
8jyjnj,2018-05-16 21:09:16,40,r/nevertellmetheodds,1,2018-05-17 00:01:41,2,0,2,0
8jyjnj,2018-05-16 21:09:16,40,r/nevertellmetheodds,1,2018-05-17 00:16:33,1,1,31,0
8jyjnj,2018-05-16 21:09:16,40,r/nevertellmetheodds,1,2018-05-17 03:43:07,2,1,1,0
8jyjnj,2018-05-16 21:09:16,40,r/nevertellmetheodds,1,2018-05-17 03:45:59,3,1,1,0
8jyjnj,2018-05-16 21:09:16,40,r/nevertellmetheodds,1,2018-05-17 04:07:34,4,0,1,0
8jyjnj,2018-05-16 21:09:16,40,r/nevertellmetheodds,1,2018-05-16 23:54:31,1,0,11,0
8jyjnj,2018-05-16 21:09:16,40,r/nevertellmetheodds,2,2018-05-16 23:52:42,0,3,72,0
8jyjnj,2018-05-16 21:09:16,40,r/nevertellmetheodds,2,2018-05-17 01:38:19,1,0,18,0
8jyjnj,2018-05-16 21:09:16,40,r/nevertellmetheodds,2,2018-05-17 01:55:43,1,0,6,0
8jyjnj,2018-05-16 21:09:16,40,r/nevertellmetheodds,2,2018-05-17 01:12:45,1,0,8,0
8jyjnj,2018-05-16 21:09:16,40,r/nevertellmetheodds,3,2018-05-16 22:58:51,0,2,59,0
8jyjnj,2018-05-16 21:09:16,40,r/nevertellmetheodds,3,2018-05-16 23:10:28,1,3,134,0
8jyjnj,2018-05-16 21:09:16,40,r/nevertellmetheodds,3,2018-05-16 23:24:23,2,0,18,0
8jyjnj,2018-05-16 21:09:16,40,r/nevertellmetheodds,3,2018-05-17 01:36:14,2,1,13,0
8jyjnj,2018-05-16 21:09:16,40,r/nevertellmetheodds,3,2018-05-17 01:56:19,3,0,2,0
8jyjnj,2018-05-16 21:09:16,40,r/nevertellmetheodds,3,2018-05-17 03:16:38,2,1,2,0
8jyjnj,2018-05-16 21:09:16,40,r/nevertellmetheodds,3,2018-05-17 03:58:06,3,0,1,0
8jyjnj,2018-05-16 21:09:16,40,r/nevertellmetheodds,3,2018-05-16 23:11:15,1,2,31,0
8jyjnj,2018-05-16 21:09:16,40,r/nevertellmetheodds,3,2018-05-17 00:07:52,2,3,10,0
8jyjnj,2018-05-16 21:09:16,40,r/nevertellmetheodds,3,2018-05-17 01:03:27,3,2,17,0
8jyjnj,2018-05-16 21:09:16,40,r/nevertellmetheodds,3,2018-05-17 01:41:58,4,1,7,0
8jyjnj,2018-05-16 21:09:16,40,r/nevertellmetheodds,3,2018-05-17 02:15:53,5,0,5,0
8jyjnj,2018-05-16 21:09:16,40,r/nevertellmetheodds,3,2018-05-17 02:13:34,4,0,4,0
8jyjnj,2018-05-16 21:09:16,40,r/nevertellmetheodds,3,2018-05-17 01:11:29,3,0,4,0
8jyjnj,2018-05-16 21:09:16,40,r/nevertellmetheodds,3,2018-05-17 02:50:41,3,0,1,0
8jyjnj,2018-05-16 21:09:16,40,r/nevertellmetheodds,3,2018-05-16 23:24:52,2,1,2,0
8jyjnj,2018-05-16 21:09:16,40,r/nevertellmetheodds,3,2018-05-16 23:32:35,3,1,5,0
8jyjnj,2018-05-16 21:09:16,40,r/nevertellmetheodds,3,2018-05-16 23:37:41,4,0,3,0
8jyjnj,2018-05-16 21:09:16,40,r/nevertellmetheodds,4,2018-05-16 23:35:57,0,1,29,0
8jyjnj,2018-05-16 21:09:16,40,r/nevertellmetheodds,4,2018-05-16 23:57:31,1,2,13,0
8jyjnj,2018-05-16 21:09:16,40,r/nevertellmetheodds,4,2018-05-17 00:58:45,2,1,8,0
8jyjnj,2018-05-16 21:09:16,40,r/nevertellmetheodds,4,2018-05-17 01:21:50,3,2,4,0
8jyjnj,2018-05-16 21:09:16,40,r/nevertellmetheodds,4,2018-05-17 01:39:58,4,1,3,0
8jyjnj,2018-05-16 21:09:16,40,r/nevertellmetheodds,4,2018-05-17 02:00:37,5,1,3,0
8jyjnj,2018-05-16 21:09:16,40,r/nevertellmetheodds,4,2018-05-17 02:05:38,6,0,3,0
8jyjnj,2018-05-16 21:09:16,40,r/nevertellmetheodds,4,2018-05-17 02:09:56,4,1,3,0
8jyjnj,2018-05-16 21:09:16,40,r/nevertellmetheodds,4,2018-05-17 02:27:16,5,0,1,0
8jyjnj,2018-05-16 21:09:16,40,r/nevertellmetheodds,4,2018-05-17 04:41:35,2,1,1,0
8jyjnj,2018-05-16 21:09:16,40,r/nevertellmetheodds,4,2018-05-17 04:49:34,3,0,1,0
8jyjnj,2018-05-16 21:09:16,40,r/nevertellmetheodds,5,2018-05-17 00:42:45,0,1,5,0
8jyjnj,2018-05-16 21:09:16,40,r/nevertellmetheodds,5,2018-05-17 00:42:54,1,2,0,0
8jyjnj,2018-05-16 21:09:16,40,r/nevertellmetheodds,5,2018-05-17 03:04:13,2,0,1,0
8jyjnj,2018-05-16 21:09:16,40,r/nevertellmetheodds,5,2018-05-17 03:05:35,2,1,1,0
8jyjnj,2018-05-16 21:09:16,40,r/nevertellmetheodds,5,2018-05-17 03:05:51,3,1,1,0
8jyjnj,2018-05-16 21:09:16,40,r/nevertellmetheodds,5,2018-05-17 03:06:52,4,0,1,0
8jyjnj,2018-05-16 21:09:16,40,r/nevertellmetheodds,6,2018-05-17 00:22:27,0,0,2,0
8jyjnj,2018-05-16 21:09:16,40,r/nevertellmetheodds,7,2018-05-17 01:27:38,0,0,2,0
8jyjnj,2018-05-16 21:09:16,40,r/nevertellmetheodds,8,2018-05-17 01:39:20,0,1,2,0
8jyjnj,2018-05-16 21:09:16,40,r/nevertellmetheodds,8,2018-05-17 02:05:18,1,0,0,0
8jyjnj,2018-05-16 21:09:16,40,r/nevertellmetheodds,9,2018-05-17 03:55:07,0,0,1,0
8jyjnj,2018-05-16 21:09:16,40,r/nevertellmetheodds,10,2018-05-17 01:18:21,0,1,2,0
8jyjnj,2018-05-16 21:09:16,40,r/nevertellmetheodds,10,2018-05-17 01:39:04,1,1,3,0
8jyjnj,2018-05-16 21:09:16,40,r/nevertellmetheodds,10,2018-05-17 01:39:26,2,0,2,0
8jyjnj,2018-05-16 21:09:16,40,r/nevertellmetheodds,11,2018-05-17 00:51:45,0,0,1,0
8jyjnj,2018-05-16 21:09:16,40,r/nevertellmetheodds,12,2018-05-17 01:53:00,0,0,1,0
8jyjnj,2018-05-16 21:09:16,40,r/nevertellmetheodds,13,2018-05-17 02:06:50,0,1,1,0
8jyjnj,2018-05-16 21:09:16,40,r/nevertellmetheodds,13,2018-05-17 02:09:12,1,1,2,0
8jyjnj,2018-05-16 21:09:16,40,r/nevertellmetheodds,13,2018-05-17 04:40:14,2,0,1,0
8jyjnj,2018-05-16 21:09:16,40,r/nevertellmetheodds,14,2018-05-17 02:07:00,0,0,1,0
8jyjnj,2018-05-16 21:09:16,40,r/nevertellmetheodds,15,2018-05-17 02:13:04,0,0,1,0
8jyjnj,2018-05-16 21:09:16,40,r/nevertellmetheodds,16,2018-05-17 02:15:00,0,1,1,0
8jyjnj,2018-05-16 21:09:16,40,r/nevertellmetheodds,16,2018-05-17 02:16:01,1,1,2,0
8jyjnj,2018-05-16 21:09:16,40,r/nevertellmetheodds,16,2018-05-17 02:16:31,2,0,2,0
8jyjnj,2018-05-16 21:09:16,40,r/nevertellmetheodds,17,2018-05-17 02:16:07,0,0,1,0
8jyjnj,2018-05-16 21:09:16,40,r/nevertellmetheodds,18,2018-05-17 02:55:56,0,0,1,0
8jyjnj,2018-05-16 21:09:16,40,r/nevertellmetheodds,19,2018-05-17 02:58:56,0,0,1,0
8jyjnj,2018-05-16 21:09:16,40,r/nevertellmetheodds,20,2018-05-17 03:15:30,0,0,1,0
8jyjnj,2018-05-16 21:09:16,40,r/nevertellmetheodds,21,2018-05-17 03:23:17,0,0,1,0
8jyjnj,2018-05-16 21:09:16,40,r/nevertellmetheodds,22,2018-05-17 03:38:50,0,0,1,0
8jyjnj,2018-05-16 21:09:16,40,r/nevertellmetheodds,23,2018-05-17 04:05:05,0,0,1,0
8jyjnj,2018-05-16 21:09:16,40,r/nevertellmetheodds,24,2018-05-17 04:09:59,0,0,1,0
8jyjnj,2018-05-16 21:09:16,40,r/nevertellmetheodds,25,2018-05-17 05:02:40,0,0,1,0
8jyjnj,2018-05-16 21:09:16,40,r/nevertellmetheodds,26,2018-05-17 05:11:42,0,0,1,0
8jyjnj,2018-05-16 21:09:16,40,r/nevertellmetheodds,27,2018-05-17 00:48:12,0,0,1,0
8jyjnj,2018-05-16 21:09:16,40,r/nevertellmetheodds,28,2018-05-17 01:18:13,0,0,0,0
8jyjnj,2018-05-16 21:09:16,40,r/nevertellmetheodds,29,2018-05-17 02:11:10,0,0,0,0
8jyjnj,2018-05-16 21:09:16,40,r/nevertellmetheodds,30,2018-05-17 02:27:32,0,0,0,0
8jyjnj,2018-05-16 21:09:16,40,r/nevertellmetheodds,31,2018-05-17 04:20:41,0,0,1,0
8jyjnj,2018-05-16 21:09:16,40,r/nevertellmetheodds,32,2018-05-17 03:09:36,0,0,-1,0
8jzv80,2018-05-17 00:19:42,41,r/NotMyJob,0,2018-05-17 02:09:26,0,3,320,0
8jzv80,2018-05-17 00:19:42,41,r/NotMyJob,0,2018-05-17 03:10:58,1,1,65,0
8jzv80,2018-05-17 00:19:42,41,r/NotMyJob,0,2018-05-17 03:19:22,2,0,9,0
8jzv80,2018-05-17 00:19:42,41,r/NotMyJob,0,2018-05-17 03:23:42,1,1,9,0
8jzv80,2018-05-17 00:19:42,41,r/NotMyJob,0,2018-05-17 03:25:35,2,0,1,0
8jzv80,2018-05-17 00:19:42,41,r/NotMyJob,0,2018-05-17 04:37:14,1,1,5,0
8jzv80,2018-05-17 00:19:42,41,r/NotMyJob,0,2018-05-17 04:40:34,2,1,3,0
8jzv80,2018-05-17 00:19:42,41,r/NotMyJob,0,2018-05-17 04:49:52,3,1,6,0
8jzv80,2018-05-17 00:19:42,41,r/NotMyJob,0,2018-05-17 05:03:08,4,1,2,0
8jzv80,2018-05-17 00:19:42,41,r/NotMyJob,0,2018-05-17 05:15:48,5,0,1,0
8jzv80,2018-05-17 00:19:42,41,r/NotMyJob,1,2018-05-17 00:22:44,0,1,244,0
8jzv80,2018-05-17 00:19:42,41,r/NotMyJob,1,2018-05-17 01:25:56,1,4,142,0
8jzv80,2018-05-17 00:19:42,41,r/NotMyJob,1,2018-05-17 04:02:23,2,4,64,0
8jzv80,2018-05-17 00:19:42,41,r/NotMyJob,1,2018-05-17 04:07:36,3,3,35,0
8jzv80,2018-05-17 00:19:42,41,r/NotMyJob,1,2018-05-17 04:24:25,4,2,14,0
8jzv80,2018-05-17 00:19:42,41,r/NotMyJob,1,2018-05-17 04:42:53,5,0,6,0
8jzv80,2018-05-17 00:19:42,41,r/NotMyJob,1,2018-05-17 04:47:49,5,0,1,0
8jzv80,2018-05-17 00:19:42,41,r/NotMyJob,1,2018-05-17 04:46:23,4,0,2,0
8jzv80,2018-05-17 00:19:42,41,r/NotMyJob,1,2018-05-17 04:51:10,4,0,1,0
8jzv80,2018-05-17 00:19:42,41,r/NotMyJob,1,2018-05-17 04:32:49,3,0,2,0
8jzv80,2018-05-17 00:19:42,41,r/NotMyJob,1,2018-05-17 04:43:43,3,0,2,0
8jzv80,2018-05-17 00:19:42,41,r/NotMyJob,1,2018-05-17 05:04:06,3,0,2,0
8jzv80,2018-05-17 00:19:42,41,r/NotMyJob,1,2018-05-17 02:05:57,2,0,34,0
8jzv80,2018-05-17 00:19:42,41,r/NotMyJob,1,2018-05-17 04:07:16,2,0,2,0
8jzv80,2018-05-17 00:19:42,41,r/NotMyJob,1,2018-05-17 04:46:05,2,0,1,0
8jzv80,2018-05-17 00:19:42,41,r/NotMyJob,2,2018-05-17 02:34:02,0,3,91,0
8jzv80,2018-05-17 00:19:42,41,r/NotMyJob,2,2018-05-17 02:55:57,1,1,36,0
8jzv80,2018-05-17 00:19:42,41,r/NotMyJob,2,2018-05-17 02:57:06,2,1,19,0
8jzv80,2018-05-17 00:19:42,41,r/NotMyJob,2,2018-05-17 03:03:00,3,2,6,0
8jzv80,2018-05-17 00:19:42,41,r/NotMyJob,2,2018-05-17 03:06:45,4,1,5,0
8jzv80,2018-05-17 00:19:42,41,r/NotMyJob,2,2018-05-17 03:10:02,5,1,4,0
8jzv80,2018-05-17 00:19:42,41,r/NotMyJob,2,2018-05-17 03:13:58,6,0,2,0
8jzv80,2018-05-17 00:19:42,41,r/NotMyJob,2,2018-05-17 03:13:09,4,1,1,0
8jzv80,2018-05-17 00:19:42,41,r/NotMyJob,2,2018-05-17 03:16:17,5,0,1,0
8jzv80,2018-05-17 00:19:42,41,r/NotMyJob,2,2018-05-17 04:17:48,1,0,1,0
8jzv80,2018-05-17 00:19:42,41,r/NotMyJob,2,2018-05-17 03:11:41,1,0,1,0
8jzv80,2018-05-17 00:19:42,41,r/NotMyJob,3,2018-05-17 03:24:48,0,2,20,0
8jzv80,2018-05-17 00:19:42,41,r/NotMyJob,3,2018-05-17 03:25:10,1,4,9,0
8jzv80,2018-05-17 00:19:42,41,r/NotMyJob,3,2018-05-17 03:30:01,2,0,8,0
8jzv80,2018-05-17 00:19:42,41,r/NotMyJob,3,2018-05-17 03:27:23,2,0,4,0
8jzv80,2018-05-17 00:19:42,41,r/NotMyJob,3,2018-05-17 04:29:27,2,0,1,0
8jzv80,2018-05-17 00:19:42,41,r/NotMyJob,3,2018-05-17 04:59:02,2,0,1,0
8jzv80,2018-05-17 00:19:42,41,r/NotMyJob,3,2018-05-17 05:11:34,1,0,1,0
8jzv80,2018-05-17 00:19:42,41,r/NotMyJob,4,2018-05-17 00:24:11,0,0,11,0
8jzv80,2018-05-17 00:19:42,41,r/NotMyJob,5,2018-05-17 02:31:04,0,1,5,0
8jzv80,2018-05-17 00:19:42,41,r/NotMyJob,5,2018-05-17 04:06:24,1,0,1,0
8jzv80,2018-05-17 00:19:42,41,r/NotMyJob,6,2018-05-17 03:41:02,0,0,6,0
8jzv80,2018-05-17 00:19:42,41,r/NotMyJob,7,2018-05-17 03:54:28,0,0,3,0
8jzv80,2018-05-17 00:19:42,41,r/NotMyJob,8,2018-05-17 04:14:00,0,0,3,0
8jzv80,2018-05-17 00:19:42,41,r/NotMyJob,9,2018-05-17 04:33:27,0,1,3,0
8jzv80,2018-05-17 00:19:42,41,r/NotMyJob,9,2018-05-17 04:34:56,1,0,1,0
8jzv80,2018-05-17 00:19:42,41,r/NotMyJob,10,2018-05-17 04:56:51,0,0,3,0
8jzv80,2018-05-17 00:19:42,41,r/NotMyJob,11,2018-05-17 03:31:33,0,0,2,0
8jzv80,2018-05-17 00:19:42,41,r/NotMyJob,12,2018-05-17 03:42:33,0,0,2,0
8jzv80,2018-05-17 00:19:42,41,r/NotMyJob,13,2018-05-17 04:07:45,0,0,2,0
8jzv80,2018-05-17 00:19:42,41,r/NotMyJob,14,2018-05-17 04:15:22,0,0,2,0
8jzv80,2018-05-17 00:19:42,41,r/NotMyJob,15,2018-05-17 04:45:05,0,0,2,0
8jzv80,2018-05-17 00:19:42,41,r/NotMyJob,16,2018-05-17 03:00:16,0,1,4,0
8jzv80,2018-05-17 00:19:42,41,r/NotMyJob,16,2018-05-17 05:01:28,1,0,1,0
8jzv80,2018-05-17 00:19:42,41,r/NotMyJob,17,2018-05-17 02:48:29,0,1,1,0
8jzv80,2018-05-17 00:19:42,41,r/NotMyJob,17,2018-05-17 02:49:10,1,0,2,0
8jzv80,2018-05-17 00:19:42,41,r/NotMyJob,18,2018-05-17 02:52:18,0,2,1,0
8jzv80,2018-05-17 00:19:42,41,r/NotMyJob,18,2018-05-17 03:49:47,1,0,2,0
8jzv80,2018-05-17 00:19:42,41,r/NotMyJob,18,2018-05-17 03:59:36,1,0,1,0
8jzv80,2018-05-17 00:19:42,41,r/NotMyJob,19,2018-05-17 03:05:37,0,0,1,0
8jzv80,2018-05-17 00:19:42,41,r/NotMyJob,20,2018-05-17 03:18:35,0,0,1,0
8jzv80,2018-05-17 00:19:42,41,r/NotMyJob,21,2018-05-17 03:51:03,0,0,1,0
8jzv80,2018-05-17 00:19:42,41,r/NotMyJob,22,2018-05-17 03:55:01,0,0,1,0
8jzv80,2018-05-17 00:19:42,41,r/NotMyJob,23,2018-05-17 04:05:12,0,0,1,0
8jzv80,2018-05-17 00:19:42,41,r/NotMyJob,24,2018-05-17 04:13:57,0,1,1,0
8jzv80,2018-05-17 00:19:42,41,r/NotMyJob,24,2018-05-17 04:33:10,1,0,1,0
8jzv80,2018-05-17 00:19:42,41,r/NotMyJob,25,2018-05-17 04:14:34,0,0,1,0
8jzv80,2018-05-17 00:19:42,41,r/NotMyJob,26,2018-05-17 04:43:21,0,0,1,0
8jzv80,2018-05-17 00:19:42,41,r/NotMyJob,27,2018-05-17 05:00:49,0,0,1,0
8jzv80,2018-05-17 00:19:42,41,r/NotMyJob,28,2018-05-17 05:19:41,0,0,1,0
8jzv80,2018-05-17 00:19:42,41,r/NotMyJob,29,2018-05-17 02:32:31,0,0,1,0
8jzv80,2018-05-17 00:19:42,41,r/NotMyJob,30,2018-05-17 04:51:23,0,1,0,0
8jzv80,2018-05-17 00:19:42,41,r/NotMyJob,30,2018-05-17 05:01:16,1,0,2,0
8jzv80,2018-05-17 00:19:42,41,r/NotMyJob,31,2018-05-17 02:27:40,0,0,-1,0
8jzv80,2018-05-17 00:19:42,41,r/NotMyJob,32,2018-05-17 02:16:13,0,2,-21,0
8jzv80,2018-05-17 00:19:42,41,r/NotMyJob,32,2018-05-17 02:36:08,1,0,2,0
8jzv80,2018-05-17 00:19:42,41,r/NotMyJob,32,2018-05-17 04:00:33,1,0,1,0
8jzqf4,2018-05-17 00:00:09,42,r/oddlysatisfying,0,2018-05-17 00:58:56,0,2,45,0
8jzqf4,2018-05-17 00:00:09,42,r/oddlysatisfying,0,2018-05-17 03:50:51,1,0,19,0
8jzqf4,2018-05-17 00:00:09,42,r/oddlysatisfying,0,2018-05-17 05:01:19,1,1,7,0
8jzqf4,2018-05-17 00:00:09,42,r/oddlysatisfying,0,2018-05-17 05:04:20,2,0,3,0
8jzqf4,2018-05-17 00:00:09,42,r/oddlysatisfying,1,2018-05-17 01:35:12,0,3,21,0
8jzqf4,2018-05-17 00:00:09,42,r/oddlysatisfying,1,2018-05-17 04:52:53,1,0,12,0
8jzqf4,2018-05-17 00:00:09,42,r/oddlysatisfying,1,2018-05-17 04:58:40,1,0,6,0
8jzqf4,2018-05-17 00:00:09,42,r/oddlysatisfying,1,2018-05-17 05:18:44,1,0,1,0
8jzqf4,2018-05-17 00:00:09,42,r/oddlysatisfying,2,2018-05-17 03:41:19,0,1,19,0
8jzqf4,2018-05-17 00:00:09,42,r/oddlysatisfying,2,2018-05-17 05:16:38,1,0,1,0
8jzqf4,2018-05-17 00:00:09,42,r/oddlysatisfying,3,2018-05-17 00:54:15,0,2,61,0
8jzqf4,2018-05-17 00:00:09,42,r/oddlysatisfying,3,2018-05-17 05:02:28,1,1,6,0
8jzqf4,2018-05-17 00:00:09,42,r/oddlysatisfying,3,2018-05-17 05:13:59,2,0,0,0
8jzqf4,2018-05-17 00:00:09,42,r/oddlysatisfying,3,2018-05-17 04:32:03,1,1,5,0
8jzqf4,2018-05-17 00:00:09,42,r/oddlysatisfying,3,2018-05-17 04:49:37,2,1,4,0
8jzqf4,2018-05-17 00:00:09,42,r/oddlysatisfying,3,2018-05-17 04:55:38,3,1,5,0
8jzqf4,2018-05-17 00:00:09,42,r/oddlysatisfying,3,2018-05-17 05:04:10,4,1,2,0
8jzqf4,2018-05-17 00:00:09,42,r/oddlysatisfying,3,2018-05-17 05:12:41,5,0,1,0
8jzqf4,2018-05-17 00:00:09,42,r/oddlysatisfying,4,2018-05-17 00:27:17,0,1,24,0
8jzqf4,2018-05-17 00:00:09,42,r/oddlysatisfying,4,2018-05-17 05:20:03,1,0,1,0
8jzqf4,2018-05-17 00:00:09,42,r/oddlysatisfying,5,2018-05-17 00:23:30,0,1,9,0
8jzqf4,2018-05-17 00:00:09,42,r/oddlysatisfying,5,2018-05-17 03:52:10,1,0,3,0
8jzqf4,2018-05-17 00:00:09,42,r/oddlysatisfying,6,2018-05-17 02:48:48,0,1,9,0
8jzqf4,2018-05-17 00:00:09,42,r/oddlysatisfying,6,2018-05-17 02:48:54,1,1,11,0
8jzqf4,2018-05-17 00:00:09,42,r/oddlysatisfying,6,2018-05-17 05:09:52,2,0,1,0
8jzqf4,2018-05-17 00:00:09,42,r/oddlysatisfying,7,2018-05-17 01:43:35,0,1,5,0
8jzqf4,2018-05-17 00:00:09,42,r/oddlysatisfying,7,2018-05-17 04:23:45,1,0,6,0
8jzqf4,2018-05-17 00:00:09,42,r/oddlysatisfying,8,2018-05-17 02:44:31,0,1,4,0
8jzqf4,2018-05-17 00:00:09,42,r/oddlysatisfying,8,2018-05-17 03:09:54,1,0,6,0
8jzqf4,2018-05-17 00:00:09,42,r/oddlysatisfying,9,2018-05-17 04:42:59,0,0,2,0
8jzqf4,2018-05-17 00:00:09,42,r/oddlysatisfying,10,2018-05-17 04:48:11,0,0,2,0
8jzqf4,2018-05-17 00:00:09,42,r/oddlysatisfying,11,2018-05-17 04:51:09,0,0,2,0
8jzqf4,2018-05-17 00:00:09,42,r/oddlysatisfying,12,2018-05-17 04:56:52,0,0,2,0
8jzqf4,2018-05-17 00:00:09,42,r/oddlysatisfying,13,2018-05-17 05:11:20,0,0,2,0
8jzqf4,2018-05-17 00:00:09,42,r/oddlysatisfying,14,2018-05-17 03:50:57,0,0,1,0
8jzqf4,2018-05-17 00:00:09,42,r/oddlysatisfying,15,2018-05-17 04:39:34,0,0,1,0
8jzqf4,2018-05-17 00:00:09,42,r/oddlysatisfying,16,2018-05-17 04:44:38,0,0,1,0
8jzqf4,2018-05-17 00:00:09,42,r/oddlysatisfying,17,2018-05-17 04:48:13,0,0,1,0
8jzqf4,2018-05-17 00:00:09,42,r/oddlysatisfying,18,2018-05-17 04:57:43,0,0,1,0
8jzqf4,2018-05-17 00:00:09,42,r/oddlysatisfying,19,2018-05-17 05:07:24,0,0,1,0
8jzqf4,2018-05-17 00:00:09,42,r/oddlysatisfying,20,2018-05-17 05:07:36,0,0,1,0
8jzqf4,2018-05-17 00:00:09,42,r/oddlysatisfying,21,2018-05-17 04:43:25,0,1,1,0
8jzqf4,2018-05-17 00:00:09,42,r/oddlysatisfying,21,2018-05-17 04:53:32,1,0,1,0
8jzqf4,2018-05-17 00:00:09,42,r/oddlysatisfying,22,2018-05-17 02:49:28,0,0,-1,0
8jxqoa,2018-05-16 19:27:12,43,r/woahdude,0,2018-05-16 19:54:11,0,24,3322,0
8jxqoa,2018-05-16 19:27:12,43,r/woahdude,0,2018-05-16 20:06:22,1,16,2096,0
8jxqoa,2018-05-16 19:27:12,43,r/woahdude,0,2018-05-16 21:56:35,2,11,455,0
8jxqoa,2018-05-16 19:27:12,43,r/woahdude,0,2018-05-16 22:17:51,3,4,289,0
8jxqoa,2018-05-16 19:27:12,43,r/woahdude,0,2018-05-16 23:04:59,4,7,111,0
8jxqoa,2018-05-16 19:27:12,43,r/woahdude,0,2018-05-16 23:09:42,5,1,71,0
8jxqoa,2018-05-16 19:27:12,43,r/woahdude,0,2018-05-16 23:16:08,6,2,27,0
8jxqoa,2018-05-16 19:27:12,43,r/woahdude,0,2018-05-16 23:49:07,7,2,8,0
8jxqoa,2018-05-16 19:27:12,43,r/woahdude,0,2018-05-17 00:30:32,8,0,2,0
8jxqoa,2018-05-16 19:27:12,43,r/woahdude,0,2018-05-17 00:10:26,8,1,2,0
8jxqoa,2018-05-16 19:27:12,43,r/woahdude,0,2018-05-17 00:40:22,9,1,2,0
8jxqoa,2018-05-16 19:27:12,43,r/woahdude,0,2018-05-16 23:53:40,7,0,2,0
8jxqoa,2018-05-16 19:27:12,43,r/woahdude,0,2018-05-16 23:10:25,5,0,14,0
8jxqoa,2018-05-16 19:27:12,43,r/woahdude,0,2018-05-16 23:10:08,5,0,9,0
8jxqoa,2018-05-16 19:27:12,43,r/woahdude,0,2018-05-16 23:26:18,5,1,5,0
8jxqoa,2018-05-16 19:27:12,43,r/woahdude,0,2018-05-17 01:10:26,6,0,3,0
8jxqoa,2018-05-16 19:27:12,43,r/woahdude,0,2018-05-16 23:13:25,5,0,2,0
8jxqoa,2018-05-16 19:27:12,43,r/woahdude,0,2018-05-17 00:43:57,5,1,1,0
8jxqoa,2018-05-16 19:27:12,43,r/woahdude,0,2018-05-17 01:59:30,6,1,2,0
8jxqoa,2018-05-16 19:27:12,43,r/woahdude,0,2018-05-17 02:48:04,7,1,1,0
8jxqoa,2018-05-16 19:27:12,43,r/woahdude,0,2018-05-17 03:59:20,8,0,1,0
8jxqoa,2018-05-16 19:27:12,43,r/woahdude,0,2018-05-17 01:23:49,5,0,1,0
8jxqoa,2018-05-16 19:27:12,43,r/woahdude,0,2018-05-16 23:14:21,4,1,6,0
8jxqoa,2018-05-16 19:27:12,43,r/woahdude,0,2018-05-16 23:58:55,5,2,6,0
8jxqoa,2018-05-16 19:27:12,43,r/woahdude,0,2018-05-17 01:59:53,6,0,1,0
8jxqoa,2018-05-16 19:27:12,43,r/woahdude,0,2018-05-17 04:38:34,6,0,1,0
8jxqoa,2018-05-16 19:27:12,43,r/woahdude,0,2018-05-16 23:33:23,4,1,4,0
8jxqoa,2018-05-16 19:27:12,43,r/woahdude,0,2018-05-16 23:34:26,5,1,5,0
8jxqoa,2018-05-16 19:27:12,43,r/woahdude,0,2018-05-17 00:53:21,6,1,5,0
8jxqoa,2018-05-16 19:27:12,43,r/woahdude,0,2018-05-17 05:07:49,7,0,1,0
8jxqoa,2018-05-16 19:27:12,43,r/woahdude,0,2018-05-17 00:43:00,4,0,3,0
8jxqoa,2018-05-16 19:27:12,43,r/woahdude,0,2018-05-16 23:19:58,3,1,17,0
8jxqoa,2018-05-16 19:27:12,43,r/woahdude,0,2018-05-16 23:39:01,4,0,7,0
8jxqoa,2018-05-16 19:27:12,43,r/woahdude,0,2018-05-16 23:26:45,3,2,8,0
8jxqoa,2018-05-16 19:27:12,43,r/woahdude,0,2018-05-17 00:11:27,4,1,6,0
8jxqoa,2018-05-16 19:27:12,43,r/woahdude,0,2018-05-17 02:19:07,5,0,3,0
8jxqoa,2018-05-16 19:27:12,43,r/woahdude,0,2018-05-17 02:51:25,4,0,1,0
8jxqoa,2018-05-16 19:27:12,43,r/woahdude,0,2018-05-16 23:41:58,3,1,5,0
8jxqoa,2018-05-16 19:27:12,43,r/woahdude,0,2018-05-17 00:36:11,4,0,2,0
8jxqoa,2018-05-16 19:27:12,43,r/woahdude,0,2018-05-16 23:51:25,3,0,1,0
8jxqoa,2018-05-16 19:27:12,43,r/woahdude,0,2018-05-17 00:24:14,3,0,1,0
8jxqoa,2018-05-16 19:27:12,43,r/woahdude,0,2018-05-17 01:12:00,3,0,1,0
8jxqoa,2018-05-16 19:27:12,43,r/woahdude,0,2018-05-17 01:36:59,3,0,1,0
8jxqoa,2018-05-16 19:27:12,43,r/woahdude,0,2018-05-17 02:35:41,3,0,1,0
8jxqoa,2018-05-16 19:27:12,43,r/woahdude,0,2018-05-17 03:21:43,3,0,1,0
8jxqoa,2018-05-16 19:27:12,43,r/woahdude,0,2018-05-16 23:12:00,3,1,0,0
8jxqoa,2018-05-16 19:27:12,43,r/woahdude,0,2018-05-17 00:19:07,4,0,3,0
8jxqoa,2018-05-16 19:27:12,43,r/woahdude,0,2018-05-16 22:32:09,2,3,35,0
8jxqoa,2018-05-16 19:27:12,43,r/woahdude,0,2018-05-16 23:50:06,3,3,24,0
8jxqoa,2018-05-16 19:27:12,43,r/woahdude,0,2018-05-16 23:57:39,4,4,20,0
8jxqoa,2018-05-16 19:27:12,43,r/woahdude,0,2018-05-17 00:48:38,5,1,3,0
8jxqoa,2018-05-16 19:27:12,43,r/woahdude,0,2018-05-17 04:49:28,6,0,1,0
8jxqoa,2018-05-16 19:27:12,43,r/woahdude,0,2018-05-17 00:04:10,5,0,2,0
8jxqoa,2018-05-16 19:27:12,43,r/woahdude,0,2018-05-17 00:11:30,5,0,2,0
8jxqoa,2018-05-16 19:27:12,43,r/woahdude,0,2018-05-17 00:19:00,5,1,2,0
8jxqoa,2018-05-16 19:27:12,43,r/woahdude,0,2018-05-17 04:11:33,6,1,1,0
8jxqoa,2018-05-16 19:27:12,43,r/woahdude,0,2018-05-17 04:13:28,7,0,1,0
8jxqoa,2018-05-16 19:27:12,43,r/woahdude,0,2018-05-16 23:57:52,4,0,3,0
8jxqoa,2018-05-16 19:27:12,43,r/woahdude,0,2018-05-17 00:26:23,4,1,1,0
8jxqoa,2018-05-16 19:27:12,43,r/woahdude,0,2018-05-17 04:02:22,5,0,1,0
8jxqoa,2018-05-16 19:27:12,43,r/woahdude,0,2018-05-17 00:29:13,3,0,1,0
8jxqoa,2018-05-16 19:27:12,43,r/woahdude,0,2018-05-17 04:02:21,3,0,1,0
8jxqoa,2018-05-16 19:27:12,43,r/woahdude,0,2018-05-16 22:43:02,2,3,26,0
8jxqoa,2018-05-16 19:27:12,43,r/woahdude,0,2018-05-16 23:11:08,3,2,30,0
8jxqoa,2018-05-16 19:27:12,43,r/woahdude,0,2018-05-16 23:13:10,4,1,4,0
8jxqoa,2018-05-16 19:27:12,43,r/woahdude,0,2018-05-17 00:25:14,5,0,3,0
8jxqoa,2018-05-16 19:27:12,43,r/woahdude,0,2018-05-17 01:16:38,4,1,1,0
8jxqoa,2018-05-16 19:27:12,43,r/woahdude,0,2018-05-17 01:44:52,5,0,1,0
8jxqoa,2018-05-16 19:27:12,43,r/woahdude,0,2018-05-17 01:04:10,3,1,1,0
8jxqoa,2018-05-16 19:27:12,43,r/woahdude,0,2018-05-17 02:15:09,4,0,2,0
8jxqoa,2018-05-16 19:27:12,43,r/woahdude,0,2018-05-17 02:31:26,3,0,1,0
8jxqoa,2018-05-16 19:27:12,43,r/woahdude,0,2018-05-16 22:59:43,2,1,11,0
8jxqoa,2018-05-16 19:27:12,43,r/woahdude,0,2018-05-16 23:56:43,3,1,5,0
8jxqoa,2018-05-16 19:27:12,43,r/woahdude,0,2018-05-17 01:11:57,4,0,1,0
8jxqoa,2018-05-16 19:27:12,43,r/woahdude,0,2018-05-16 21:22:47,2,5,86,0
8jxqoa,2018-05-16 19:27:12,43,r/woahdude,0,2018-05-16 22:00:21,3,2,174,0
8jxqoa,2018-05-16 19:27:12,43,r/woahdude,0,2018-05-16 22:06:30,4,1,82,0
8jxqoa,2018-05-16 19:27:12,43,r/woahdude,0,2018-05-16 22:12:02,5,2,49,0
8jxqoa,2018-05-16 19:27:12,43,r/woahdude,0,2018-05-16 22:18:10,6,2,68,0
8jxqoa,2018-05-16 19:27:12,43,r/woahdude,0,2018-05-16 22:23:20,7,1,28,0
8jxqoa,2018-05-16 19:27:12,43,r/woahdude,0,2018-05-16 22:36:29,8,1,16,0
8jxqoa,2018-05-16 19:27:12,43,r/woahdude,0,2018-05-16 22:58:08,9,0,5,0
8jxqoa,2018-05-16 19:27:12,43,r/woahdude,0,2018-05-16 22:38:51,7,0,6,0
8jxqoa,2018-05-16 19:27:12,43,r/woahdude,0,2018-05-16 22:18:47,6,2,1,0
8jxqoa,2018-05-16 19:27:12,43,r/woahdude,0,2018-05-16 22:49:42,7,0,5,0
8jxqoa,2018-05-16 19:27:12,43,r/woahdude,0,2018-05-16 23:20:05,7,0,1,0
8jxqoa,2018-05-16 19:27:12,43,r/woahdude,0,2018-05-16 22:04:33,4,0,5,0
8jxqoa,2018-05-16 19:27:12,43,r/woahdude,0,2018-05-16 22:51:36,3,1,5,0
8jxqoa,2018-05-16 19:27:12,43,r/woahdude,0,2018-05-17 00:44:02,4,0,1,0
8jxqoa,2018-05-16 19:27:12,43,r/woahdude,0,2018-05-16 23:43:42,3,1,3,0
8jxqoa,2018-05-16 19:27:12,43,r/woahdude,0,2018-05-17 02:22:58,4,0,1,0
8jxqoa,2018-05-16 19:27:12,43,r/woahdude,0,2018-05-17 03:22:13,3,0,1,0
8jxqoa,2018-05-16 19:27:12,43,r/woahdude,0,2018-05-16 21:57:05,3,1,3,0
8jxqoa,2018-05-16 19:27:12,43,r/woahdude,0,2018-05-16 22:49:53,4,0,2,0
8jxqoa,2018-05-16 19:27:12,43,r/woahdude,0,2018-05-16 21:32:57,2,0,2,0
8jxqoa,2018-05-16 19:27:12,43,r/woahdude,0,2018-05-16 22:35:28,2,0,2,0
8jxqoa,2018-05-16 19:27:12,43,r/woahdude,0,2018-05-16 22:59:18,2,0,1,0
8jxqoa,2018-05-16 19:27:12,43,r/woahdude,0,2018-05-16 23:01:01,2,0,1,0
8jxqoa,2018-05-16 19:27:12,43,r/woahdude,0,2018-05-16 23:50:59,2,1,1,0
8jxqoa,2018-05-16 19:27:12,43,r/woahdude,0,2018-05-17 01:31:09,3,0,1,0
8jxqoa,2018-05-16 19:27:12,43,r/woahdude,0,2018-05-17 00:34:33,2,0,1,0
8jxqoa,2018-05-16 19:27:12,43,r/woahdude,0,2018-05-17 01:01:52,2,0,1,0
8jxqoa,2018-05-16 19:27:12,43,r/woahdude,0,2018-05-17 01:06:11,2,0,1,0
8jxqoa,2018-05-16 19:27:12,43,r/woahdude,0,2018-05-17 01:20:55,2,0,1,0
8jxqoa,2018-05-16 19:27:12,43,r/woahdude,0,2018-05-17 02:01:24,2,0,1,0
8jxqoa,2018-05-16 19:27:12,43,r/woahdude,0,2018-05-17 02:28:20,2,0,1,0
8jxqoa,2018-05-16 19:27:12,43,r/woahdude,0,2018-05-16 21:36:14,1,5,79,0
8jxqoa,2018-05-16 19:27:12,43,r/woahdude,0,2018-05-16 22:27:03,2,4,33,0
8jxqoa,2018-05-16 19:27:12,43,r/woahdude,0,2018-05-16 22:35:51,3,1,12,0
8jxqoa,2018-05-16 19:27:12,43,r/woahdude,0,2018-05-16 23:15:52,4,1,11,0
8jxqoa,2018-05-16 19:27:12,43,r/woahdude,0,2018-05-16 23:20:04,5,0,5,0
8jxqoa,2018-05-16 19:27:12,43,r/woahdude,0,2018-05-17 01:35:15,3,0,3,0
8jxqoa,2018-05-16 19:27:12,43,r/woahdude,0,2018-05-16 23:28:49,3,0,1,0
8jxqoa,2018-05-16 19:27:12,43,r/woahdude,0,2018-05-17 01:35:28,3,0,1,0
8jxqoa,2018-05-16 19:27:12,43,r/woahdude,0,2018-05-17 00:48:30,2,0,2,0
8jxqoa,2018-05-16 19:27:12,43,r/woahdude,0,2018-05-17 01:07:37,2,1,2,0
8jxqoa,2018-05-16 19:27:12,43,r/woahdude,0,2018-05-17 03:52:34,3,0,1,0
8jxqoa,2018-05-16 19:27:12,43,r/woahdude,0,2018-05-17 01:25:07,2,0,1,0
8jxqoa,2018-05-16 19:27:12,43,r/woahdude,0,2018-05-17 03:33:49,2,0,1,0
8jxqoa,2018-05-16 19:27:12,43,r/woahdude,0,2018-05-16 21:27:24,1,1,36,0
8jxqoa,2018-05-16 19:27:12,43,r/woahdude,0,2018-05-17 01:16:22,2,3,5,0
8jxqoa,2018-05-16 19:27:12,43,r/woahdude,0,2018-05-17 02:49:34,3,1,1,0
8jxqoa,2018-05-16 19:27:12,43,r/woahdude,0,2018-05-17 04:14:15,4,0,1,0
8jxqoa,2018-05-16 19:27:12,43,r/woahdude,0,2018-05-17 01:20:45,3,0,2,0
8jxqoa,2018-05-16 19:27:12,43,r/woahdude,0,2018-05-17 05:19:11,3,0,1,0
8jxqoa,2018-05-16 19:27:12,43,r/woahdude,0,2018-05-16 22:38:45,1,1,12,0
8jxqoa,2018-05-16 19:27:12,43,r/woahdude,0,2018-05-17 01:08:33,2,2,3,0
8jxqoa,2018-05-16 19:27:12,43,r/woahdude,0,2018-05-17 01:43:43,3,2,8,0
8jxqoa,2018-05-16 19:27:12,43,r/woahdude,0,2018-05-17 01:52:58,4,0,1,0
8jxqoa,2018-05-16 19:27:12,43,r/woahdude,0,2018-05-17 02:34:44,4,1,1,0
8jxqoa,2018-05-16 19:27:12,43,r/woahdude,0,2018-05-17 03:38:33,5,1,1,0
8jxqoa,2018-05-16 19:27:12,43,r/woahdude,0,2018-05-17 03:38:38,6,1,1,0
8jxqoa,2018-05-16 19:27:12,43,r/woahdude,0,2018-05-17 03:42:29,7,1,1,0
8jxqoa,2018-05-16 19:27:12,43,r/woahdude,0,2018-05-17 03:42:36,8,0,1,0
8jxqoa,2018-05-16 19:27:12,43,r/woahdude,0,2018-05-17 01:41:32,3,1,1,0
8jxqoa,2018-05-16 19:27:12,43,r/woahdude,0,2018-05-17 03:38:50,4,0,1,0
8jxqoa,2018-05-16 19:27:12,43,r/woahdude,0,2018-05-16 22:30:02,1,0,6,0
8jxqoa,2018-05-16 19:27:12,43,r/woahdude,0,2018-05-16 22:17:24,1,2,4,0
8jxqoa,2018-05-16 19:27:12,43,r/woahdude,0,2018-05-16 23:47:02,2,0,2,0
8jxqoa,2018-05-16 19:27:12,43,r/woahdude,0,2018-05-17 01:03:20,2,0,1,0
8jxqoa,2018-05-16 19:27:12,43,r/woahdude,0,2018-05-16 21:55:30,1,1,9,0
8jxqoa,2018-05-16 19:27:12,43,r/woahdude,0,2018-05-16 22:28:17,2,2,13,0
8jxqoa,2018-05-16 19:27:12,43,r/woahdude,0,2018-05-16 22:32:08,3,2,16,0
8jxqoa,2018-05-16 19:27:12,43,r/woahdude,0,2018-05-16 23:38:44,4,2,6,0
8jxqoa,2018-05-16 19:27:12,43,r/woahdude,0,2018-05-17 01:00:15,5,0,1,0
8jxqoa,2018-05-16 19:27:12,43,r/woahdude,0,2018-05-17 03:33:25,5,0,1,0
8jxqoa,2018-05-16 19:27:12,43,r/woahdude,0,2018-05-16 23:16:54,4,0,1,0
8jxqoa,2018-05-16 19:27:12,43,r/woahdude,0,2018-05-16 23:27:44,3,0,5,0
8jxqoa,2018-05-16 19:27:12,43,r/woahdude,0,2018-05-16 22:36:13,1,1,3,0
8jxqoa,2018-05-16 19:27:12,43,r/woahdude,0,2018-05-17 02:53:20,2,0,1,0
8jxqoa,2018-05-16 19:27:12,43,r/woahdude,0,2018-05-16 22:23:52,1,1,5,0
8jxqoa,2018-05-16 19:27:12,43,r/woahdude,0,2018-05-17 04:30:25,2,0,1,0
8jxqoa,2018-05-16 19:27:12,43,r/woahdude,0,2018-05-16 22:42:49,1,0,2,0
8jxqoa,2018-05-16 19:27:12,43,r/woahdude,0,2018-05-16 22:49:26,1,0,2,0
8jxqoa,2018-05-16 19:27:12,43,r/woahdude,0,2018-05-16 23:23:59,1,0,2,0
8jxqoa,2018-05-16 19:27:12,43,r/woahdude,0,2018-05-17 00:19:29,1,0,2,0
8jxqoa,2018-05-16 19:27:12,43,r/woahdude,0,2018-05-16 22:02:00,1,0,2,0
8jxqoa,2018-05-16 19:27:12,43,r/woahdude,0,2018-05-16 22:54:44,1,0,1,0
8jxqoa,2018-05-16 19:27:12,43,r/woahdude,0,2018-05-16 23:08:06,1,0,1,0
8jxqoa,2018-05-16 19:27:12,43,r/woahdude,0,2018-05-16 23:27:45,1,0,1,0
8jxqoa,2018-05-16 19:27:12,43,r/woahdude,0,2018-05-17 00:25:13,1,0,1,0
8jxqoa,2018-05-16 19:27:12,43,r/woahdude,0,2018-05-17 00:58:01,1,0,1,0
8jxqoa,2018-05-16 19:27:12,43,r/woahdude,0,2018-05-17 00:59:33,1,0,1,0
8jxqoa,2018-05-16 19:27:12,43,r/woahdude,0,2018-05-17 02:59:25,1,0,1,0
8jxqoa,2018-05-16 19:27:12,43,r/woahdude,0,2018-05-17 03:13:58,1,0,1,0
8jxqoa,2018-05-16 19:27:12,43,r/woahdude,0,2018-05-17 03:34:15,1,0,1,0
8jxqoa,2018-05-16 19:27:12,43,r/woahdude,0,2018-05-17 04:43:07,1,0,1,0
8jxqoa,2018-05-16 19:27:12,43,r/woahdude,1,2018-05-16 21:39:33,0,1,1036,0
8jxqoa,2018-05-16 19:27:12,43,r/woahdude,1,2018-05-16 21:46:34,1,11,751,0
8jxqoa,2018-05-16 19:27:12,43,r/woahdude,1,2018-05-16 22:18:39,2,3,369,0
8jxqoa,2018-05-16 19:27:12,43,r/woahdude,1,2018-05-16 22:30:29,3,2,105,0
8jxqoa,2018-05-16 19:27:12,43,r/woahdude,1,2018-05-17 03:31:05,4,0,1,0
8jxqoa,2018-05-16 19:27:12,43,r/woahdude,1,2018-05-17 04:34:14,4,0,1,0
8jxqoa,2018-05-16 19:27:12,43,r/woahdude,1,2018-05-16 23:40:47,3,1,7,0
8jxqoa,2018-05-16 19:27:12,43,r/woahdude,1,2018-05-17 01:41:57,4,1,2,0
8jxqoa,2018-05-16 19:27:12,43,r/woahdude,1,2018-05-17 04:59:06,5,0,1,0
8jxqoa,2018-05-16 19:27:12,43,r/woahdude,1,2018-05-17 03:30:16,3,0,1,0
8jxqoa,2018-05-16 19:27:12,43,r/woahdude,1,2018-05-16 23:01:51,2,1,30,0
8jxqoa,2018-05-16 19:27:12,43,r/woahdude,1,2018-05-16 23:02:33,3,2,38,0
8jxqoa,2018-05-16 19:27:12,43,r/woahdude,1,2018-05-17 00:00:32,4,1,3,0
8jxqoa,2018-05-16 19:27:12,43,r/woahdude,1,2018-05-17 00:13:24,5,0,4,0
8jxqoa,2018-05-16 19:27:12,43,r/woahdude,1,2018-05-17 02:11:40,4,0,1,0
8jxqoa,2018-05-16 19:27:12,43,r/woahdude,1,2018-05-16 21:46:59,2,0,7,0
8jxqoa,2018-05-16 19:27:12,43,r/woahdude,1,2018-05-17 00:26:42,2,1,4,0
8jxqoa,2018-05-16 19:27:12,43,r/woahdude,1,2018-05-17 03:57:01,3,0,1,0
8jxqoa,2018-05-16 19:27:12,43,r/woahdude,1,2018-05-17 01:24:37,2,1,3,0
8jxqoa,2018-05-16 19:27:12,43,r/woahdude,1,2018-05-17 01:35:59,3,1,1,0
8jxqoa,2018-05-16 19:27:12,43,r/woahdude,1,2018-05-17 01:37:58,4,0,1,0
8jxqoa,2018-05-16 19:27:12,43,r/woahdude,1,2018-05-16 22:08:01,2,0,2,0
8jxqoa,2018-05-16 19:27:12,43,r/woahdude,1,2018-05-16 23:14:38,2,0,2,0
8jxqoa,2018-05-16 19:27:12,43,r/woahdude,1,2018-05-17 04:10:16,2,0,1,0
8jxqoa,2018-05-16 19:27:12,43,r/woahdude,1,2018-05-17 04:21:04,2,0,1,0
8jxqoa,2018-05-16 19:27:12,43,r/woahdude,1,2018-05-17 05:03:50,2,1,1,0
8jxqoa,2018-05-16 19:27:12,43,r/woahdude,1,2018-05-17 05:09:52,3,0,1,0
8jxqoa,2018-05-16 19:27:12,43,r/woahdude,1,2018-05-16 23:31:59,2,0,0,0
8jxqoa,2018-05-16 19:27:12,43,r/woahdude,2,2018-05-16 22:32:49,0,5,150,0
8jxqoa,2018-05-16 19:27:12,43,r/woahdude,2,2018-05-16 23:24:29,1,0,20,0
8jxqoa,2018-05-16 19:27:12,43,r/woahdude,2,2018-05-17 01:07:04,1,0,4,0
8jxqoa,2018-05-16 19:27:12,43,r/woahdude,2,2018-05-17 00:22:03,1,1,8,0
8jxqoa,2018-05-16 19:27:12,43,r/woahdude,2,2018-05-17 00:52:41,2,1,23,0
8jxqoa,2018-05-16 19:27:12,43,r/woahdude,2,2018-05-17 01:56:42,3,0,6,0
8jxqoa,2018-05-16 19:27:12,43,r/woahdude,2,2018-05-17 01:22:18,1,1,2,0
8jxqoa,2018-05-16 19:27:12,43,r/woahdude,2,2018-05-17 02:14:11,2,0,4,0
8jxqoa,2018-05-16 19:27:12,43,r/woahdude,2,2018-05-17 03:47:48,1,0,1,0
8jxqoa,2018-05-16 19:27:12,43,r/woahdude,3,2018-05-16 21:48:29,0,3,53,0
8jxqoa,2018-05-16 19:27:12,43,r/woahdude,3,2018-05-17 01:07:40,1,2,13,0
8jxqoa,2018-05-16 19:27:12,43,r/woahdude,3,2018-05-17 01:08:49,2,0,5,0
8jxqoa,2018-05-16 19:27:12,43,r/woahdude,3,2018-05-17 04:26:03,2,0,1,0
8jxqoa,2018-05-16 19:27:12,43,r/woahdude,3,2018-05-17 02:51:44,1,1,1,0
8jxqoa,2018-05-16 19:27:12,43,r/woahdude,3,2018-05-17 02:52:22,2,0,1,0
8jxqoa,2018-05-16 19:27:12,43,r/woahdude,3,2018-05-17 03:49:24,1,0,1,0
8jxqoa,2018-05-16 19:27:12,43,r/woahdude,4,2018-05-16 21:39:01,0,2,114,0
8jxqoa,2018-05-16 19:27:12,43,r/woahdude,4,2018-05-17 00:57:12,1,3,99,0
8jxqoa,2018-05-16 19:27:12,43,r/woahdude,4,2018-05-17 01:37:30,2,0,13,0
8jxqoa,2018-05-16 19:27:12,43,r/woahdude,4,2018-05-17 01:36:46,2,1,14,0
8jxqoa,2018-05-16 19:27:12,43,r/woahdude,4,2018-05-17 02:18:55,3,0,3,0
8jxqoa,2018-05-16 19:27:12,43,r/woahdude,4,2018-05-17 01:38:56,2,0,3,0
8jxqoa,2018-05-16 19:27:12,43,r/woahdude,4,2018-05-17 03:28:01,1,0,1,0
8jxqoa,2018-05-16 19:27:12,43,r/woahdude,5,2018-05-16 22:28:00,0,1,36,0
8jxqoa,2018-05-16 19:27:12,43,r/woahdude,5,2018-05-16 23:51:22,1,2,4,0
8jxqoa,2018-05-16 19:27:12,43,r/woahdude,5,2018-05-17 00:17:39,2,1,4,0
8jxqoa,2018-05-16 19:27:12,43,r/woahdude,5,2018-05-17 00:59:11,3,2,3,0
8jxqoa,2018-05-16 19:27:12,43,r/woahdude,5,2018-05-17 01:06:18,4,0,-1,0
8jxqoa,2018-05-16 19:27:12,43,r/woahdude,5,2018-05-17 01:03:45,4,1,-4,0
8jxqoa,2018-05-16 19:27:12,43,r/woahdude,5,2018-05-17 01:35:56,5,2,4,0
8jxqoa,2018-05-16 19:27:12,43,r/woahdude,5,2018-05-17 03:31:12,6,0,1,0
8jxqoa,2018-05-16 19:27:12,43,r/woahdude,5,2018-05-17 01:54:19,6,1,-4,0
8jxqoa,2018-05-16 19:27:12,43,r/woahdude,5,2018-05-17 03:08:37,7,0,1,0
8jxqoa,2018-05-16 19:27:12,43,r/woahdude,5,2018-05-17 03:29:52,2,0,1,0
8jxqoa,2018-05-16 19:27:12,43,r/woahdude,6,2018-05-16 19:54:38,0,9,437,0
8jxqoa,2018-05-16 19:27:12,43,r/woahdude,6,2018-05-16 19:59:20,1,3,149,0
8jxqoa,2018-05-16 19:27:12,43,r/woahdude,6,2018-05-17 00:31:25,2,3,25,0
8jxqoa,2018-05-16 19:27:12,43,r/woahdude,6,2018-05-17 00:35:28,3,1,7,0
8jxqoa,2018-05-16 19:27:12,43,r/woahdude,6,2018-05-17 00:37:52,4,1,1,0
8jxqoa,2018-05-16 19:27:12,43,r/woahdude,6,2018-05-17 01:03:11,5,0,6,0
8jxqoa,2018-05-16 19:27:12,43,r/woahdude,6,2018-05-17 00:51:19,3,0,1,0
8jxqoa,2018-05-16 19:27:12,43,r/woahdude,6,2018-05-17 01:19:20,3,0,1,0
8jxqoa,2018-05-16 19:27:12,43,r/woahdude,6,2018-05-16 23:25:46,2,1,-3,0
8jxqoa,2018-05-16 19:27:12,43,r/woahdude,6,2018-05-16 23:43:31,3,0,5,0
8jxqoa,2018-05-16 19:27:12,43,r/woahdude,6,2018-05-16 22:37:44,2,4,-60,0
8jxqoa,2018-05-16 19:27:12,43,r/woahdude,6,2018-05-16 22:57:50,3,1,13,0
8jxqoa,2018-05-16 19:27:12,43,r/woahdude,6,2018-05-16 23:43:33,4,0,2,0
8jxqoa,2018-05-16 19:27:12,43,r/woahdude,6,2018-05-16 22:54:01,3,1,12,0
8jxqoa,2018-05-16 19:27:12,43,r/woahdude,6,2018-05-16 23:14:02,4,1,3,0
8jxqoa,2018-05-16 19:27:12,43,r/woahdude,6,2018-05-17 00:12:02,5,0,0,0
8jxqoa,2018-05-16 19:27:12,43,r/woahdude,6,2018-05-16 22:43:08,3,0,11,0
8jxqoa,2018-05-16 19:27:12,43,r/woahdude,6,2018-05-16 22:45:44,3,1,0,0
8jxqoa,2018-05-16 19:27:12,43,r/woahdude,6,2018-05-16 23:19:03,4,0,1,0
8jxqoa,2018-05-16 19:27:12,43,r/woahdude,6,2018-05-16 20:17:45,1,0,94,0
8jxqoa,2018-05-16 19:27:12,43,r/woahdude,6,2018-05-16 21:56:07,1,1,41,0
8jxqoa,2018-05-16 19:27:12,43,r/woahdude,6,2018-05-16 22:21:53,2,2,9,0
8jxqoa,2018-05-16 19:27:12,43,r/woahdude,6,2018-05-16 22:43:45,3,1,22,0
8jxqoa,2018-05-16 19:27:12,43,r/woahdude,6,2018-05-16 23:47:45,4,0,12,0
8jxqoa,2018-05-16 19:27:12,43,r/woahdude,6,2018-05-16 22:25:32,3,0,2,0
8jxqoa,2018-05-16 19:27:12,43,r/woahdude,6,2018-05-16 20:24:21,1,0,23,0
8jxqoa,2018-05-16 19:27:12,43,r/woahdude,6,2018-05-16 21:30:46,1,0,9,0
8jxqoa,2018-05-16 19:27:12,43,r/woahdude,6,2018-05-16 20:55:45,1,1,5,0
8jxqoa,2018-05-16 19:27:12,43,r/woahdude,6,2018-05-16 21:24:56,2,1,10,0
8jxqoa,2018-05-16 19:27:12,43,r/woahdude,6,2018-05-17 00:57:34,3,0,1,0
8jxqoa,2018-05-16 19:27:12,43,r/woahdude,6,2018-05-16 22:13:49,1,1,5,0
8jxqoa,2018-05-16 19:27:12,43,r/woahdude,6,2018-05-16 23:36:11,2,1,1,0
8jxqoa,2018-05-16 19:27:12,43,r/woahdude,6,2018-05-16 23:39:12,3,0,2,0
8jxqoa,2018-05-16 19:27:12,43,r/woahdude,6,2018-05-16 22:34:47,1,0,2,0
8jxqoa,2018-05-16 19:27:12,43,r/woahdude,6,2018-05-17 02:28:23,1,0,1,0
8jxqoa,2018-05-16 19:27:12,43,r/woahdude,7,2018-05-16 19:33:54,0,2,40,0
8jxqoa,2018-05-16 19:27:12,43,r/woahdude,7,2018-05-16 22:53:02,1,0,16,0
8jxqoa,2018-05-16 19:27:12,43,r/woahdude,7,2018-05-16 20:31:25,1,0,13,0
8jxqoa,2018-05-16 19:27:12,43,r/woahdude,8,2018-05-16 19:48:31,0,2,27,0
8jxqoa,2018-05-16 19:27:12,43,r/woahdude,8,2018-05-17 00:12:18,1,0,1,0
8jxqoa,2018-05-16 19:27:12,43,r/woahdude,8,2018-05-16 20:01:27,1,0,1,0
8jxqoa,2018-05-16 19:27:12,43,r/woahdude,9,2018-05-16 22:45:44,0,1,5,0
8jxqoa,2018-05-16 19:27:12,43,r/woahdude,9,2018-05-17 00:34:46,1,1,2,0
8jxqoa,2018-05-16 19:27:12,43,r/woahdude,9,2018-05-17 01:44:02,2,0,1,0
8jxqoa,2018-05-16 19:27:12,43,r/woahdude,10,2018-05-16 20:04:08,0,2,21,0
8jxqoa,2018-05-16 19:27:12,43,r/woahdude,10,2018-05-16 22:01:18,1,0,7,0
8jxqoa,2018-05-16 19:27:12,43,r/woahdude,10,2018-05-16 22:20:15,1,0,6,0
8jxqoa,2018-05-16 19:27:12,43,r/woahdude,11,2018-05-16 19:41:34,0,0,5,0
8jxqoa,2018-05-16 19:27:12,43,r/woahdude,12,2018-05-16 23:07:24,0,0,4,0
8jxqoa,2018-05-16 19:27:12,43,r/woahdude,13,2018-05-17 00:42:39,0,0,4,0
8jxqoa,2018-05-16 19:27:12,43,r/woahdude,14,2018-05-17 01:26:04,0,0,4,0
8jxqoa,2018-05-16 19:27:12,43,r/woahdude,15,2018-05-16 23:03:54,0,0,5,0
8jxqoa,2018-05-16 19:27:12,43,r/woahdude,16,2018-05-16 20:02:55,0,0,7,0
8jxqoa,2018-05-16 19:27:12,43,r/woahdude,17,2018-05-16 19:57:05,0,1,5,0
8jxqoa,2018-05-16 19:27:12,43,r/woahdude,17,2018-05-16 20:13:29,1,1,1,0
8jxqoa,2018-05-16 19:27:12,43,r/woahdude,17,2018-05-16 23:43:46,2,1,1,0
8jxqoa,2018-05-16 19:27:12,43,r/woahdude,17,2018-05-17 01:41:32,3,0,0,0
8jxqoa,2018-05-16 19:27:12,43,r/woahdude,18,2018-05-16 22:08:19,0,3,6,0
8jxqoa,2018-05-16 19:27:12,43,r/woahdude,18,2018-05-16 22:28:44,1,0,8,0
8jxqoa,2018-05-16 19:27:12,43,r/woahdude,18,2018-05-16 22:45:30,1,2,4,0
8jxqoa,2018-05-16 19:27:12,43,r/woahdude,18,2018-05-16 22:51:55,2,0,3,0
8jxqoa,2018-05-16 19:27:12,43,r/woahdude,18,2018-05-16 22:56:26,2,1,1,0
8jxqoa,2018-05-16 19:27:12,43,r/woahdude,18,2018-05-16 23:02:45,3,0,1,0
8jxqoa,2018-05-16 19:27:12,43,r/woahdude,18,2018-05-16 22:08:43,1,1,2,0
8jxqoa,2018-05-16 19:27:12,43,r/woahdude,18,2018-05-16 22:12:50,2,0,0,0
8jxqoa,2018-05-16 19:27:12,43,r/woahdude,19,2018-05-16 20:53:15,0,1,2,0
8jxqoa,2018-05-16 19:27:12,43,r/woahdude,19,2018-05-17 00:31:29,1,0,1,0
8jxqoa,2018-05-16 19:27:12,43,r/woahdude,20,2018-05-16 21:31:18,0,1,2,0
8jxqoa,2018-05-16 19:27:12,43,r/woahdude,20,2018-05-16 23:31:28,1,1,3,0
8jxqoa,2018-05-16 19:27:12,43,r/woahdude,20,2018-05-17 00:19:12,2,0,3,0
8jxqoa,2018-05-16 19:27:12,43,r/woahdude,21,2018-05-16 21:42:51,0,0,2,0
8jxqoa,2018-05-16 19:27:12,43,r/woahdude,22,2018-05-16 23:12:44,0,0,2,0
8jxqoa,2018-05-16 19:27:12,43,r/woahdude,23,2018-05-16 23:22:11,0,0,2,0
8jxqoa,2018-05-16 19:27:12,43,r/woahdude,24,2018-05-16 23:51:10,0,1,2,0
8jxqoa,2018-05-16 19:27:12,43,r/woahdude,24,2018-05-16 23:52:44,1,1,2,0
8jxqoa,2018-05-16 19:27:12,43,r/woahdude,24,2018-05-17 00:06:28,2,0,0,0
8jxqoa,2018-05-16 19:27:12,43,r/woahdude,25,2018-05-16 22:30:10,0,0,5,0
8jxqoa,2018-05-16 19:27:12,43,r/woahdude,26,2018-05-16 22:42:52,0,0,5,0
8jxqoa,2018-05-16 19:27:12,43,r/woahdude,27,2018-05-16 22:56:25,0,0,4,0
8jxqoa,2018-05-16 19:27:12,43,r/woahdude,28,2018-05-16 20:04:53,0,1,1,0
8jxqoa,2018-05-16 19:27:12,43,r/woahdude,28,2018-05-16 20:08:54,1,0,4,0
8jxqoa,2018-05-16 19:27:12,43,r/woahdude,29,2018-05-16 20:10:55,0,0,1,0
8jxqoa,2018-05-16 19:27:12,43,r/woahdude,30,2018-05-16 20:12:42,0,0,1,0
8jxqoa,2018-05-16 19:27:12,43,r/woahdude,31,2018-05-16 20:19:55,0,0,1,0
8jxqoa,2018-05-16 19:27:12,43,r/woahdude,32,2018-05-16 20:33:40,0,0,1,0
8jxqoa,2018-05-16 19:27:12,43,r/woahdude,33,2018-05-16 20:37:08,0,0,1,0
8jxqoa,2018-05-16 19:27:12,43,r/woahdude,34,2018-05-16 20:39:46,0,0,1,0
8jxqoa,2018-05-16 19:27:12,43,r/woahdude,35,2018-05-16 20:46:38,0,0,1,0
8jxqoa,2018-05-16 19:27:12,43,r/woahdude,36,2018-05-16 21:19:19,0,0,1,0
8jxqoa,2018-05-16 19:27:12,43,r/woahdude,37,2018-05-16 21:34:27,0,0,1,0
8jxqoa,2018-05-16 19:27:12,43,r/woahdude,38,2018-05-16 21:35:44,0,0,1,0
8jxqoa,2018-05-16 19:27:12,43,r/woahdude,39,2018-05-16 21:41:12,0,0,1,0
8jxqoa,2018-05-16 19:27:12,43,r/woahdude,40,2018-05-16 21:42:51,0,1,1,0
8jxqoa,2018-05-16 19:27:12,43,r/woahdude,40,2018-05-17 00:32:24,1,0,1,0
8jxqoa,2018-05-16 19:27:12,43,r/woahdude,41,2018-05-16 21:55:38,0,0,1,0
8jxqoa,2018-05-16 19:27:12,43,r/woahdude,42,2018-05-16 21:55:40,0,0,1,0
8jxqoa,2018-05-16 19:27:12,43,r/woahdude,43,2018-05-16 21:57:01,0,0,1,0
8jxqoa,2018-05-16 19:27:12,43,r/woahdude,44,2018-05-16 22:07:27,0,0,1,0
8jxqoa,2018-05-16 19:27:12,43,r/woahdude,45,2018-05-16 22:15:22,0,0,1,0
8jxqoa,2018-05-16 19:27:12,43,r/woahdude,46,2018-05-16 22:23:38,0,0,1,0
8jxqoa,2018-05-16 19:27:12,43,r/woahdude,47,2018-05-16 22:31:40,0,0,1,0
8jxqoa,2018-05-16 19:27:12,43,r/woahdude,48,2018-05-16 22:34:00,0,0,1,0
8jxqoa,2018-05-16 19:27:12,43,r/woahdude,49,2018-05-16 22:34:57,0,1,1,0
8jxqoa,2018-05-16 19:27:12,43,r/woahdude,49,2018-05-16 22:59:35,1,1,2,0
8jxqoa,2018-05-16 19:27:12,43,r/woahdude,49,2018-05-16 23:55:57,2,0,1,0
8jxqoa,2018-05-16 19:27:12,43,r/woahdude,50,2018-05-16 22:37:54,0,0,1,0
8jxqoa,2018-05-16 19:27:12,43,r/woahdude,51,2018-05-16 22:37:59,0,0,1,0
8jxqoa,2018-05-16 19:27:12,43,r/woahdude,52,2018-05-16 22:42:46,0,0,1,0
8jxqoa,2018-05-16 19:27:12,43,r/woahdude,53,2018-05-16 22:43:10,0,0,1,0
8jxqoa,2018-05-16 19:27:12,43,r/woahdude,54,2018-05-16 22:45:15,0,0,1,0
8jxqoa,2018-05-16 19:27:12,43,r/woahdude,55,2018-05-16 22:45:25,0,0,1,0
8jxqoa,2018-05-16 19:27:12,43,r/woahdude,56,2018-05-16 22:47:56,0,0,1,0
8jxqoa,2018-05-16 19:27:12,43,r/woahdude,57,2018-05-16 22:48:05,0,0,1,0
8jxqoa,2018-05-16 19:27:12,43,r/woahdude,58,2018-05-16 22:49:17,0,0,1,0
8jxqoa,2018-05-16 19:27:12,43,r/woahdude,59,2018-05-16 22:50:07,0,0,1,0
8jxqoa,2018-05-16 19:27:12,43,r/woahdude,60,2018-05-16 22:50:43,0,1,1,0
8jxqoa,2018-05-16 19:27:12,43,r/woahdude,60,2018-05-16 23:03:03,1,0,0,0
8jxqoa,2018-05-16 19:27:12,43,r/woahdude,61,2018-05-16 22:57:48,0,0,1,0
8jxqoa,2018-05-16 19:27:12,43,r/woahdude,62,2018-05-16 23:01:09,0,0,1,0
8jxqoa,2018-05-16 19:27:12,43,r/woahdude,63,2018-05-16 23:05:12,0,0,1,0
8jxqoa,2018-05-16 19:27:12,43,r/woahdude,64,2018-05-16 23:07:08,0,0,1,0
8jxqoa,2018-05-16 19:27:12,43,r/woahdude,65,2018-05-16 23:12:50,0,0,1,0
8jxqoa,2018-05-16 19:27:12,43,r/woahdude,66,2018-05-16 23:13:14,0,0,1,0
8jxqoa,2018-05-16 19:27:12,43,r/woahdude,67,2018-05-16 23:16:18,0,0,1,0
8jxqoa,2018-05-16 19:27:12,43,r/woahdude,68,2018-05-16 23:19:41,0,1,1,0
8jxqoa,2018-05-16 19:27:12,43,r/woahdude,68,2018-05-16 23:22:34,1,0,2,0
8jxqoa,2018-05-16 19:27:12,43,r/woahdude,69,2018-05-16 23:20:06,0,0,1,0
8jxqoa,2018-05-16 19:27:12,43,r/woahdude,70,2018-05-16 23:22:04,0,0,1,0
8jxqoa,2018-05-16 19:27:12,43,r/woahdude,71,2018-05-16 23:24:49,0,0,1,0
8jxqoa,2018-05-16 19:27:12,43,r/woahdude,72,2018-05-16 23:24:54,0,0,1,0
8jxqoa,2018-05-16 19:27:12,43,r/woahdude,73,2018-05-16 23:25:18,0,0,1,0
8jxqoa,2018-05-16 19:27:12,43,r/woahdude,74,2018-05-16 23:34:21,0,0,1,0
8jxqoa,2018-05-16 19:27:12,43,r/woahdude,75,2018-05-16 23:35:57,0,0,1,0
8jxqoa,2018-05-16 19:27:12,43,r/woahdude,76,2018-05-16 23:38:52,0,0,1,0
8jxqoa,2018-05-16 19:27:12,43,r/woahdude,77,2018-05-16 23:40:45,0,0,1,0
8jxqoa,2018-05-16 19:27:12,43,r/woahdude,78,2018-05-16 23:41:05,0,0,1,0
8jxqoa,2018-05-16 19:27:12,43,r/woahdude,79,2018-05-16 23:41:42,0,0,1,0
8jxqoa,2018-05-16 19:27:12,43,r/woahdude,80,2018-05-16 23:43:19,0,0,1,0
8jxqoa,2018-05-16 19:27:12,43,r/woahdude,81,2018-05-16 23:48:35,0,0,1,0
8jxqoa,2018-05-16 19:27:12,43,r/woahdude,82,2018-05-16 23:48:51,0,1,1,0
8jxqoa,2018-05-16 19:27:12,43,r/woahdude,82,2018-05-16 23:49:56,1,1,-1,0
8jxqoa,2018-05-16 19:27:12,43,r/woahdude,82,2018-05-17 00:01:21,2,1,1,0
8jxqoa,2018-05-16 19:27:12,43,r/woahdude,82,2018-05-17 00:14:07,3,1,1,0
8jxqoa,2018-05-16 19:27:12,43,r/woahdude,82,2018-05-17 01:27:42,4,0,1,0
8jxqoa,2018-05-16 19:27:12,43,r/woahdude,83,2018-05-16 23:49:42,0,0,1,0
8jxqoa,2018-05-16 19:27:12,43,r/woahdude,84,2018-05-17 00:00:11,0,0,1,0
8jxqoa,2018-05-16 19:27:12,43,r/woahdude,85,2018-05-17 00:01:30,0,0,1,0
8jxqoa,2018-05-16 19:27:12,43,r/woahdude,86,2018-05-17 00:01:36,0,0,1,0
8jxqoa,2018-05-16 19:27:12,43,r/woahdude,87,2018-05-17 00:04:25,0,0,1,0
8jxqoa,2018-05-16 19:27:12,43,r/woahdude,88,2018-05-17 00:07:21,0,0,1,0
8jxqoa,2018-05-16 19:27:12,43,r/woahdude,89,2018-05-17 00:08:10,0,0,1,0
8jxqoa,2018-05-16 19:27:12,43,r/woahdude,90,2018-05-17 00:09:07,0,0,1,0
8jxqoa,2018-05-16 19:27:12,43,r/woahdude,91,2018-05-17 00:18:47,0,1,1,0
8jxqoa,2018-05-16 19:27:12,43,r/woahdude,91,2018-05-17 00:20:41,1,0,1,0
8jxqoa,2018-05-16 19:27:12,43,r/woahdude,92,2018-05-17 00:20:53,0,1,1,0
8jxqoa,2018-05-16 19:27:12,43,r/woahdude,92,2018-05-17 00:21:26,1,0,2,0
8jxqoa,2018-05-16 19:27:12,43,r/woahdude,93,2018-05-17 00:21:27,0,0,1,0
8jxqoa,2018-05-16 19:27:12,43,r/woahdude,94,2018-05-17 00:22:47,0,0,1,0
8jxqoa,2018-05-16 19:27:12,43,r/woahdude,95,2018-05-17 00:24:03,0,0,1,0
8jxqoa,2018-05-16 19:27:12,43,r/woahdude,96,2018-05-17 00:25:29,0,0,1,0
8jxqoa,2018-05-16 19:27:12,43,r/woahdude,97,2018-05-17 00:30:18,0,0,1,0
8jxqoa,2018-05-16 19:27:12,43,r/woahdude,98,2018-05-17 00:31:24,0,0,1,0
8jxqoa,2018-05-16 19:27:12,43,r/woahdude,99,2018-05-17 00:41:21,0,0,1,0
8jxqoa,2018-05-16 19:27:12,43,r/woahdude,100,2018-05-17 00:43:01,0,0,1,0
8jxqoa,2018-05-16 19:27:12,43,r/woahdude,101,2018-05-17 00:44:37,0,0,1,0
8jxqoa,2018-05-16 19:27:12,43,r/woahdude,102,2018-05-17 00:44:59,0,0,1,0
8jxqoa,2018-05-16 19:27:12,43,r/woahdude,103,2018-05-17 00:46:23,0,0,1,0
8jxqoa,2018-05-16 19:27:12,43,r/woahdude,104,2018-05-17 00:50:17,0,0,1,0
8jxqoa,2018-05-16 19:27:12,43,r/woahdude,105,2018-05-17 00:58:47,0,0,1,0
8jxqoa,2018-05-16 19:27:12,43,r/woahdude,106,2018-05-17 00:59:08,0,0,1,0
8jxqoa,2018-05-16 19:27:12,43,r/woahdude,107,2018-05-17 01:03:53,0,1,1,0
8jxqoa,2018-05-16 19:27:12,43,r/woahdude,107,2018-05-17 01:05:34,1,0,2,0
8jxqoa,2018-05-16 19:27:12,43,r/woahdude,108,2018-05-17 01:06:19,0,1,1,0
8jxqoa,2018-05-16 19:27:12,43,r/woahdude,108,2018-05-17 01:13:41,1,1,1,0
8jxqoa,2018-05-16 19:27:12,43,r/woahdude,108,2018-05-17 01:17:55,2,0,1,0
8jxqoa,2018-05-16 19:27:12,43,r/woahdude,109,2018-05-17 01:07:08,0,0,1,0
8jxqoa,2018-05-16 19:27:12,43,r/woahdude,110,2018-05-17 01:08:52,0,0,1,0
8jxqoa,2018-05-16 19:27:12,43,r/woahdude,111,2018-05-17 01:10:11,0,0,1,0
8jxqoa,2018-05-16 19:27:12,43,r/woahdude,112,2018-05-17 01:11:53,0,0,1,0
8jxqoa,2018-05-16 19:27:12,43,r/woahdude,113,2018-05-17 01:13:54,0,0,1,0
8jxqoa,2018-05-16 19:27:12,43,r/woahdude,114,2018-05-17 01:15:15,0,0,1,0
8jxqoa,2018-05-16 19:27:12,43,r/woahdude,115,2018-05-17 01:16:29,0,0,1,0
8jxqoa,2018-05-16 19:27:12,43,r/woahdude,116,2018-05-17 01:16:58,0,0,1,0
8jxqoa,2018-05-16 19:27:12,43,r/woahdude,117,2018-05-17 01:18:17,0,0,1,0
8jxqoa,2018-05-16 19:27:12,43,r/woahdude,118,2018-05-17 01:21:55,0,0,1,0
8jxqoa,2018-05-16 19:27:12,43,r/woahdude,119,2018-05-17 01:24:02,0,0,1,0
8jxqoa,2018-05-16 19:27:12,43,r/woahdude,120,2018-05-17 01:24:08,0,0,1,0
8jxqoa,2018-05-16 19:27:12,43,r/woahdude,121,2018-05-17 01:28:12,0,0,1,0
8jxqoa,2018-05-16 19:27:12,43,r/woahdude,122,2018-05-17 01:28:19,0,0,1,0
8jxqoa,2018-05-16 19:27:12,43,r/woahdude,123,2018-05-17 01:28:59,0,1,1,0
8jxqoa,2018-05-16 19:27:12,43,r/woahdude,123,2018-05-17 01:35:21,1,1,2,0
8jxqoa,2018-05-16 19:27:12,43,r/woahdude,123,2018-05-17 01:37:11,2,0,1,0
8jxqoa,2018-05-16 19:27:12,43,r/woahdude,124,2018-05-17 01:29:49,0,1,1,0
8jxqoa,2018-05-16 19:27:12,43,r/woahdude,124,2018-05-17 01:34:51,1,1,2,0
8jxqoa,2018-05-16 19:27:12,43,r/woahdude,124,2018-05-17 02:02:20,2,0,1,0
8jxqoa,2018-05-16 19:27:12,43,r/woahdude,125,2018-05-17 01:48:37,0,0,1,0
8jxqoa,2018-05-16 19:27:12,43,r/woahdude,126,2018-05-17 01:52:03,0,0,1,0
8jxqoa,2018-05-16 19:27:12,43,r/woahdude,127,2018-05-17 01:57:23,0,0,1,0
8jxqoa,2018-05-16 19:27:12,43,r/woahdude,128,2018-05-17 02:02:45,0,0,1,0
8jxqoa,2018-05-16 19:27:12,43,r/woahdude,129,2018-05-17 02:02:55,0,0,1,0
8jxqoa,2018-05-16 19:27:12,43,r/woahdude,130,2018-05-17 02:07:58,0,0,1,0
8jxqoa,2018-05-16 19:27:12,43,r/woahdude,131,2018-05-17 02:11:05,0,0,1,0
8jxqoa,2018-05-16 19:27:12,43,r/woahdude,132,2018-05-1705-17 02:12:21,0,0,1,0
8jxqoa,2018-05-16 19:27:12,43,r/woahdude,133,2018-05-17 02:22:48,0,0,1,0
8jxqoa,2018-05-16 19:27:12,43,r/woahdude,134,2018-05-17 02:49:53,0,0,1,0
8jxqoa,2018-05-16 19:27:12,43,r/woahdude,135,2018-05-17 03:00:29,0,0,1,0
8jxqoa,2018-05-16 19:27:12,43,r/woahdude,136,2018-05-17 03:14:28,0,0,1,0
8jxqoa,2018-05-16 19:27:12,43,r/woahdude,137,2018-05-17 03:18:38,0,0,1,0
8jxqoa,2018-05-16 19:27:12,43,r/woahdude,138,2018-05-17 03:19:58,0,0,1,0
8jxqoa,2018-05-16 19:27:12,43,r/woahdude,139,2018-05-17 03:20:38,0,0,1,0
8jxqoa,2018-05-16 19:27:12,43,r/woahdude,140,2018-05-17 03:25:13,0,0,1,0
8jxqoa,2018-05-16 19:27:12,43,r/woahdude,141,2018-05-17 03:26:07,0,0,1,0
8jxqoa,2018-05-16 19:27:12,43,r/woahdude,142,2018-05-17 03:31:30,0,0,1,0
8jxqoa,2018-05-16 19:27:12,43,r/woahdude,143,2018-05-17 03:35:54,0,1,1,0
8jxqoa,2018-05-16 19:27:12,43,r/woahdude,143,2018-05-17 03:37:12,1,0,1,0
8jxqoa,2018-05-16 19:27:12,43,r/woahdude,144,2018-05-17 03:48:25,0,0,1,0
8jxqoa,2018-05-16 19:27:12,43,r/woahdude,145,2018-05-17 03:50:33,0,0,1,0
8jxqoa,2018-05-16 19:27:12,43,r/woahdude,146,2018-05-17 03:52:49,0,0,1,0
8jxqoa,2018-05-16 19:27:12,43,r/woahdude,147,2018-05-17 03:54:01,0,0,1,0
8jxqoa,2018-05-16 19:27:12,43,r/woahdude,148,2018-05-17 03:55:42,0,0,1,0
8jxqoa,2018-05-16 19:27:12,43,r/woahdude,149,2018-05-17 03:56:05,0,0,1,0
8jxqoa,2018-05-16 19:27:12,43,r/woahdude,150,2018-05-17 04:04:21,0,0,1,0
8jxqoa,2018-05-16 19:27:12,43,r/woahdude,151,2018-05-17 04:08:58,0,0,1,0
8jxqoa,2018-05-16 19:27:12,43,r/woahdude,152,2018-05-17 04:15:40,0,0,1,0
8jxqoa,2018-05-16 19:27:12,43,r/woahdude,153,2018-05-17 04:35:34,0,0,1,0
8jxqoa,2018-05-16 19:27:12,43,r/woahdude,154,2018-05-17 04:40:54,0,0,1,0
8jxqoa,2018-05-16 19:27:12,43,r/woahdude,155,2018-05-17 04:41:18,0,0,1,0
8jxqoa,2018-05-16 19:27:12,43,r/woahdude,156,2018-05-17 04:42:10,0,0,1,0
8jxqoa,2018-05-16 19:27:12,43,r/woahdude,157,2018-05-17 04:50:16,0,0,1,0
8jxzo9,2018-05-16 19:58:31,44,r/sports,0,2018-05-16 20:09:29,0,28,7526,0
8jxzo9,2018-05-16 19:58:31,44,r/sports,0,2018-05-16 20:41:34,1,4,3850,0
8jxzo9,2018-05-16 19:58:31,44,r/sports,0,2018-05-16 21:26:26,2,6,3617,0
8jxzo9,2018-05-16 19:58:31,44,r/sports,0,2018-05-16 21:51:37,3,11,2412,0
8jxzo9,2018-05-16 19:58:31,44,r/sports,0,2018-05-17 00:00:42,4,1,578,0
8jxzo9,2018-05-16 19:58:31,44,r/sports,0,2018-05-17 03:24:45,5,2,49,0
8jxzo9,2018-05-16 19:58:31,44,r/sports,0,2018-05-17 03:26:07,6,0,21,0
8jxzo9,2018-05-16 19:58:31,44,r/sports,0,2018-05-17 03:33:01,6,2,4,0
8jxzo9,2018-05-16 19:58:31,44,r/sports,0,2018-05-17 03:55:40,7,0,7,0
8jxzo9,2018-05-16 19:58:31,44,r/sports,0,2018-05-16 22:06:06,4,4,133,0
8jxzo9,2018-05-16 19:58:31,44,r/sports,0,2018-05-17 00:10:26,5,3,122,0
8jxzo9,2018-05-16 19:58:31,44,r/sports,0,2018-05-17 00:27:18,6,1,137,0
8jxzo9,2018-05-16 19:58:31,44,r/sports,0,2018-05-17 00:41:39,7,1,19,0
8jxzo9,2018-05-16 19:58:31,44,r/sports,0,2018-05-17 01:28:11,8,1,14,0
8jxzo9,2018-05-16 19:58:31,44,r/sports,0,2018-05-17 02:00:32,9,1,5,0
8jxzo9,2018-05-16 19:58:31,44,r/sports,0,2018-05-17 01:14:48,6,0,6,0
8jxzo9,2018-05-16 19:58:31,44,r/sports,0,2018-05-17 00:26:53,6,0,3,0
8jxzo9,2018-05-16 19:58:31,44,r/sports,0,2018-05-16 22:24:23,5,3,34,0
8jxzo9,2018-05-16 19:58:31,44,r/sports,0,2018-05-16 23:55:56,6,1,10,0
8jxzo9,2018-05-16 19:58:31,44,r/sports,0,2018-05-17 00:40:12,7,0,5,0
8jxzo9,2018-05-16 19:58:31,44,r/sports,0,2018-05-16 23:13:10,6,0,5,0
8jxzo9,2018-05-16 19:58:31,44,r/sports,0,2018-05-17 00:31:56,5,1,10,0
8jxzo9,2018-05-16 19:58:31,44,r/sports,0,2018-05-17 00:45:27,6,0,3,0
8jxzo9,2018-05-16 19:58:31,44,r/sports,0,2018-05-16 22:55:09,5,1,8,0
8jxzo9,2018-05-16 19:58:31,44,r/sports,0,2018-05-17 00:10:02,6,3,25,0
8jxzo9,2018-05-16 19:58:31,44,r/sports,0,2018-05-17 01:26:34,7,0,3,0
8jxzo9,2018-05-16 19:58:31,44,r/sports,0,2018-05-17 01:11:54,7,0,1,0
8jxzo9,2018-05-16 19:58:31,44,r/sports,0,2018-05-17 01:46:15,7,0,1,0
8jxzo9,2018-05-16 19:58:31,44,r/sports,0,2018-05-16 23:57:57,4,0,2,0
8jxzo9,2018-05-16 19:58:31,44,r/sports,0,2018-05-17 04:00:26,4,0,2,0
8jxzo9,2018-05-16 19:58:31,44,r/sports,0,2018-05-17 04:03:11,4,0,2,0
8jxzo9,2018-05-16 19:58:31,44,r/sports,0,2018-05-16 22:32:34,4,12,22,0
8jxzo9,2018-05-16 19:58:31,44,r/sports,0,2018-05-16 23:08:32,5,6,114,0
8jxzo9,2018-05-16 19:58:31,44,r/sports,0,2018-05-16 23:12:02,6,2,102,0
8jxzo9,2018-05-16 19:58:31,44,r/sports,0,2018-05-16 23:14:22,7,3,36,0
8jxzo9,2018-05-16 19:58:31,44,r/sports,0,2018-05-16 23:47:04,8,5,15,0
8jxzo9,2018-05-16 19:58:31,44,r/sports,0,2018-05-16 23:53:06,9,1,2,0
8jxzo9,2018-05-16 19:58:31,44,r/sports,0,2018-05-17 01:11:32,9,1,2,0
8jxzo9,2018-05-16 19:58:31,44,r/sports,0,2018-05-17 00:03:41,9,0,1,0
8jxzo9,2018-05-16 19:58:31,44,r/sports,0,2018-05-17 01:36:56,9,0,1,0
8jxzo9,2018-05-16 19:58:31,44,r/sports,0,2018-05-17 02:15:01,9,0,1,0
8jxzo9,2018-05-16 19:58:31,44,r/sports,0,2018-05-16 23:38:54,8,1,4,0
8jxzo9,2018-05-16 19:58:31,44,r/sports,0,2018-05-16 23:40:17,9,1,2,0
8jxzo9,2018-05-16 19:58:31,44,r/sports,0,2018-05-17 01:45:21,8,0,1,0
8jxzo9,2018-05-16 19:58:31,44,r/sports,0,2018-05-17 02:21:12,7,0,1,0
8jxzo9,2018-05-16 19:58:31,44,r/sports,0,2018-05-16 23:21:41,6,1,2,0
8jxzo9,2018-05-16 19:58:31,44,r/sports,0,2018-05-17 00:07:08,7,0,2,0
8jxzo9,2018-05-16 19:58:31,44,r/sports,0,2018-05-17 00:27:30,6,0,2,0
8jxzo9,2018-05-16 19:58:31,44,r/sports,0,2018-05-17 01:35:00,6,0,1,0
8jxzo9,2018-05-16 19:58:31,44,r/sports,0,2018-05-17 01:50:21,6,0,1,0
8jxzo9,2018-05-16 19:58:31,44,r/sports,0,2018-05-17 00:03:40,5,0,3,0
8jxzo9,2018-05-16 19:58:31,44,r/sports,0,2018-05-17 01:01:18,5,0,3,0
8jxzo9,2018-05-16 19:58:31,44,r/sports,0,2018-05-16 23:05:49,5,9,13,0
8jxzo9,2018-05-16 19:58:31,44,r/sports,0,2018-05-16 23:10:34,6,3,25,0
8jxzo9,2018-05-16 19:58:31,44,r/sports,0,2018-05-17 00:05:04,7,1,13,0
8jxzo9,2018-05-16 19:58:31,44,r/sports,0,2018-05-17 00:53:32,8,1,4,0
8jxzo9,2018-05-16 19:58:31,44,r/sports,0,2018-05-17 01:44:01,9,1,1,0
8jxzo9,2018-05-16 19:58:31,44,r/sports,0,2018-05-17 00:01:26,7,0,2,0
8jxzo9,2018-05-16 19:58:31,44,r/sports,0,2018-05-17 00:59:30,7,0,2,0
8jxzo9,2018-05-16 19:58:31,44,r/sports,0,2018-05-16 23:09:36,6,4,35,0
8jxzo9,2018-05-16 19:58:31,44,r/sports,0,2018-05-16 23:20:00,7,2,1,0
8jxzo9,2018-05-16 19:58:31,44,r/sports,0,2018-05-16 23:22:56,8,0,2,0
8jxzo9,2018-05-16 19:58:31,44,r/sports,0,2018-05-16 23:27:35,8,1,2,0
8jxzo9,2018-05-16 19:58:31,44,r/sports,0,2018-05-16 23:36:30,9,1,1,0
8jxzo9,2018-05-16 19:58:31,44,r/sports,0,2018-05-16 23:48:54,7,0,1,0
8jxzo9,2018-05-16 19:58:31,44,r/sports,0,2018-05-17 00:09:55,7,0,1,0
8jxzo9,2018-05-16 19:58:31,44,r/sports,0,2018-05-17 00:49:28,7,0,1,0
8jxzo9,2018-05-16 19:58:31,44,r/sports,0,2018-05-16 23:17:55,6,0,14,0
8jxzo9,2018-05-16 19:58:31,44,r/sports,0,2018-05-16 23:08:07,6,3,3,0
8jxzo9,2018-05-16 19:58:31,44,r/sports,0,2018-05-16 23:27:28,7,0,2,0
8jxzo9,2018-05-16 19:58:31,44,r/sports,0,2018-05-17 00:36:46,7,0,1,0
8jxzo9,2018-05-16 19:58:31,44,r/sports,0,2018-05-17 00:02:52,6,0,1,0
8jxzo9,2018-05-16 19:58:31,44,r/sports,0,2018-05-17 00:46:35,6,0,1,0
8jxzo9,2018-05-16 19:58:31,44,r/sports,0,2018-05-17 01:51:09,6,0,1,0
8jxzo9,2018-05-16 19:58:31,44,r/sports,0,2018-05-17 02:17:12,6,0,1,0
8jxzo9,2018-05-16 19:58:31,44,r/sports,0,2018-05-16 22:39:45,5,1,9,0
8jxzo9,2018-05-16 19:58:31,44,r/sports,0,2018-05-17 01:19:44,5,0,2,0
8jxzo9,2018-05-16 19:58:31,44,r/sports,0,2018-05-17 00:38:17,5,3,4,0
8jxzo9,2018-05-16 19:58:31,44,r/sports,0,2018-05-17 01:58:41,6,0,2,0
8jxzo9,2018-05-16 19:58:31,44,r/sports,0,2018-05-17 02:23:24,6,0,1,0
8jxzo9,2018-05-16 19:58:31,44,r/sports,0,2018-05-17 02:24:27,6,0,1,0
8jxzo9,2018-05-16 19:58:31,44,r/sports,0,2018-05-16 23:09:08,5,0,1,0
8jxzo9,2018-05-16 19:58:31,44,r/sports,0,2018-05-16 23:24:22,5,0,1,0
8jxzo9,2018-05-16 19:58:31,44,r/sports,0,2018-05-16 23:35:13,5,0,1,0
8jxzo9,2018-05-16 19:58:31,44,r/sports,0,2018-05-17 01:48:09,5,0,1,0
8jxzo9,2018-05-16 19:58:31,44,r/sports,0,2018-05-17 00:12:18,4,0,1,0
8jxzo9,2018-05-16 19:58:31,44,r/sports,0,2018-05-17 00:49:24,4,0,1,0
8jxzo9,2018-05-16 19:58:31,44,r/sports,0,2018-05-17 01:50:30,4,0,1,0
8jxzo9,2018-05-16 19:58:31,44,r/sports,0,2018-05-17 02:24:41,4,0,1,0
8jxzo9,2018-05-16 19:58:31,44,r/sports,0,2018-05-16 21:57:27,3,1,63,0
8jxzo9,2018-05-16 19:58:31,44,r/sports,0,2018-05-16 22:19:21,4,1,15,0
8jxzo9,2018-05-16 19:58:31,44,r/sports,0,2018-05-16 23:10:53,5,1,9,0
8jxzo9,2018-05-16 19:58:31,44,r/sports,0,2018-05-16 23:03:37,3,0,22,0
8jxzo9,2018-05-16 19:58:31,44,r/sports,0,2018-05-16 23:36:52,3,0,7,0
8jxzo9,2018-05-16 19:58:31,44,r/sports,0,2018-05-17 03:22:03,3,0,4,0
8jxzo9,2018-05-16 19:58:31,44,r/sports,0,2018-05-16 22:53:28,2,0,3,0
8jxzo9,2018-05-16 19:58:31,44,r/sports,0,2018-05-16 22:02:13,2,0,6,0
8jxzo9,2018-05-16 19:58:31,44,r/sports,0,2018-05-16 23:19:42,2,1,1,0
8jxzo9,2018-05-16 19:58:31,44,r/sports,0,2018-05-17 00:04:43,3,0,1,0
8jxzo9,2018-05-16 19:58:31,44,r/sports,0,2018-05-16 21:27:20,1,6,480,0
8jxzo9,2018-05-16 19:58:31,44,r/sports,0,2018-05-16 21:29:56,2,2,381,0
8jxzo9,2018-05-16 19:58:31,44,r/sports,0,2018-05-16 21:47:59,3,1,68,0
8jxzo9,2018-05-16 19:58:31,44,r/sports,0,2018-05-16 22:05:16,4,4,37,0
8jxzo9,2018-05-16 19:58:31,44,r/sports,0,2018-05-16 22:08:37,5,0,91,0
8jxzo9,2018-05-16 19:58:31,44,r/sports,0,2018-05-16 22:36:17,5,0,32,0
8jxzo9,2018-05-16 19:58:31,44,r/sports,0,2018-05-16 22:18:12,5,3,16,0
8jxzo9,2018-05-16 19:58:31,44,r/sports,0,2018-05-16 23:06:30,6,0,41,0
8jxzo9,2018-05-16 19:58:31,44,r/sports,0,2018-05-16 22:59:49,6,0,2,0
8jxzo9,2018-05-16 19:58:31,44,r/sports,0,2018-05-17 01:37:07,5,0,1,0
8jxzo9,2018-05-16 19:58:31,44,r/sports,0,2018-05-16 22:55:54,3,0,14,0
8jxzo9,2018-05-16 19:58:31,44,r/sports,0,2018-05-16 21:41:53,2,2,73,0
8jxzo9,2018-05-16 19:58:31,44,r/sports,0,2018-05-16 21:47:35,3,2,86,0
8jxzo9,2018-05-16 19:58:31,44,r/sports,0,2018-05-16 22:39:13,4,1,37,0
8jxzo9,2018-05-16 19:58:31,44,r/sports,0,2018-05-16 23:06:57,5,0,6,0
8jxzo9,2018-05-16 19:58:31,44,r/sports,0,2018-05-16 21:53:32,4,1,23,0
8jxzo9,2018-05-16 19:58:31,44,r/sports,0,2018-05-16 23:38:57,5,1,9,0
8jxzo9,2018-05-16 19:58:31,44,r/sports,0,2018-05-17 01:31:59,3,0,2,0
8jxzo9,2018-05-16 19:58:31,44,r/sports,0,2018-05-16 22:40:13,2,0,31,0
8jxzo9,2018-05-16 19:58:31,44,r/sports,0,2018-05-16 22:39:37,2,0,5,0
8jxzo9,2018-05-16 19:58:31,44,r/sports,0,2018-05-17 00:15:21,2,0,1,0
8jxzo9,2018-05-16 19:58:31,44,r/sports,0,2018-05-16 21:27:50,1,0,51,0
8jxzo9,2018-05-16 19:58:31,44,r/sports,0,2018-05-16 21:32:18,1,1,81,0
8jxzo9,2018-05-16 19:58:31,44,r/sports,0,2018-05-16 23:52:14,2,1,13,0
8jxzo9,2018-05-16 19:58:31,44,r/sports,0,2018-05-17 00:17:41,3,2,23,0
8jxzo9,2018-05-16 19:58:31,44,r/sports,0,2018-05-17 03:09:23,4,1,3,0
8jxzo9,2018-05-16 19:58:31,44,r/sports,0,2018-05-17 03:51:05,5,0,8,0
8jxzo9,2018-05-16 19:58:31,44,r/sports,0,2018-05-16 21:31:41,1,2,31,0
8jxzo9,2018-05-16 19:58:31,44,r/sports,0,2018-05-16 21:39:57,2,3,55,0
8jxzo9,2018-05-16 19:58:31,44,r/sports,0,2018-05-16 21:55:31,3,2,39,0
8jxzo9,2018-05-16 19:58:31,44,r/sports,0,2018-05-16 22:15:00,4,2,13,0
8jxzo9,2018-05-16 19:58:31,44,r/sports,0,2018-05-17 01:02:28,5,1,3,0
8jxzo9,2018-05-16 19:58:31,44,r/sports,0,2018-05-17 01:20:31,6,1,2,0
8jxzo9,2018-05-16 19:58:31,44,r/sports,0,2018-05-17 01:21:18,5,0,2,0
8jxzo9,2018-05-16 19:58:31,44,r/sports,0,2018-05-16 22:28:08,3,0,5,0
8jxzo9,2018-05-16 19:58:31,44,r/sports,0,2018-05-16 22:56:19,3,0,1,0
8jxzo9,2018-05-16 19:58:31,44,r/sports,0,2018-05-17 00:04:05,1,0,6,0
8jxzo9,2018-05-16 19:58:31,44,r/sports,0,2018-05-16 23:07:37,1,1,19,0
8jxzo9,2018-05-16 19:58:31,44,r/sports,0,2018-05-16 22:21:58,1,0,6,0
8jxzo9,2018-05-16 19:58:31,44,r/sports,0,2018-05-16 21:49:10,1,0,6,0
8jxzo9,2018-05-16 19:58:31,44,r/sports,0,2018-05-16 23:09:48,1,0,2,0
8jxzo9,2018-05-16 19:58:31,44,r/sports,0,2018-05-17 00:00:19,1,0,2,0
8jxzo9,2018-05-16 19:58:31,44,r/sports,0,2018-05-17 00:12:26,1,0,2,0
8jxzo9,2018-05-16 19:58:31,44,r/sports,0,2018-05-16 22:12:03,1,0,2,0
8jxzo9,2018-05-16 19:58:31,44,r/sports,0,2018-05-16 22:06:35,1,0,1,0
8jxzo9,2018-05-16 19:58:31,44,r/sports,0,2018-05-16 22:26:43,1,0,1,0
8jxzo9,2018-05-16 19:58:31,44,r/sports,0,2018-05-16 22:35:39,1,0,1,0
8jxzo9,2018-05-16 19:58:31,44,r/sports,0,2018-05-16 23:31:17,1,0,1,0
8jxzo9,2018-05-16 19:58:31,44,r/sports,0,2018-05-17 00:16:57,1,0,1,0
8jxzo9,2018-05-16 19:58:31,44,r/sports,0,2018-05-17 00:18:39,1,0,1,0
8jxzo9,2018-05-16 19:58:31,44,r/sports,0,2018-05-17 00:39:23,1,0,1,0
8jxzo9,2018-05-16 19:58:31,44,r/sports,0,2018-05-17 00:46:17,1,0,1,0
8jxzo9,2018-05-16 19:58:31,44,r/sports,0,2018-05-17 00:47:59,1,0,1,0
8jxzo9,2018-05-16 19:58:31,44,r/sports,0,2018-05-17 01:09:46,1,0,1,0
8jxzo9,2018-05-16 19:58:31,44,r/sports,0,2018-05-17 01:21:20,1,0,1,0
8jxzo9,2018-05-16 19:58:31,44,r/sports,0,2018-05-17 01:35:51,1,0,1,0
8jxzo9,2018-05-16 19:58:31,44,r/sports,0,2018-05-17 01:41:39,1,0,1,0
8jxzo9,2018-05-16 19:58:31,44,r/sports,0,2018-05-17 01:45:48,1,0,1,0
8jxzo9,2018-05-16 19:58:31,44,r/sports,1,2018-05-16 22:02:08,0,1,227,0
8jxzo9,2018-05-16 19:58:31,44,r/sports,1,2018-05-16 22:32:55,1,3,32,0
8jxzo9,2018-05-16 19:58:31,44,r/sports,1,2018-05-16 22:56:13,2,3,190,0
8jxzo9,2018-05-16 19:58:31,44,r/sports,1,2018-05-17 02:29:22,3,1,24,0
8jxzo9,2018-05-16 19:58:31,44,r/sports,1,2018-05-17 05:05:30,4,0,2,0
8jxzo9,2018-05-16 19:58:31,44,r/sports,1,2018-05-17 00:46:00,3,0,1,0
8jxzo9,2018-05-16 19:58:31,44,r/sports,1,2018-05-17 00:46:14,2,0,1,0
8jxzo9,2018-05-16 19:58:31,44,r/sports,2,2018-05-16 21:58:17,0,10,1680,0
8jxzo9,2018-05-16 19:58:31,44,r/sports,2,2018-05-16 22:26:48,1,6,695,0
8jxzo9,2018-05-16 19:58:31,44,r/sports,2,2018-05-16 23:31:45,2,2,250,0
8jxzo9,2018-05-16 19:58:31,44,r/sports,2,2018-05-16 23:44:04,3,2,171,0
8jxzo9,2018-05-16 19:58:31,44,r/sports,2,2018-05-16 23:47:06,4,3,65,0
8jxzo9,2018-05-16 19:58:31,44,r/sports,2,2018-05-17 00:01:12,5,3,71,0
8jxzo9,2018-05-16 19:58:31,44,r/sports,2,2018-05-17 00:13:20,6,2,32,0
8jxzo9,2018-05-16 19:58:31,44,r/sports,2,2018-05-17 00:18:42,7,1,15,0
8jxzo9,2018-05-16 19:58:31,44,r/sports,2,2018-05-17 00:22:57,8,3,29,0
8jxzo9,2018-05-16 19:58:31,44,r/sports,2,2018-05-17 00:24:20,9,1,19,0
8jxzo9,2018-05-16 19:58:31,44,r/sports,2,2018-05-17 01:46:10,9,0,2,0
8jxzo9,2018-05-16 19:58:31,44,r/sports,2,2018-05-17 01:26:21,6,1,12,0
8jxzo9,2018-05-16 19:58:31,44,r/sports,2,2018-05-17 02:39:27,7,1,10,0
8jxzo9,2018-05-16 19:58:31,44,r/sports,2,2018-05-17 04:21:29,8,0,2,0
8jxzo9,2018-05-16 19:58:31,44,r/sports,2,2018-05-17 01:03:33,5,2,2,0
8jxzo9,2018-05-16 19:58:31,44,r/sports,2,2018-05-17 01:23:58,6,0,11,0
8jxzo9,2018-05-16 19:58:31,44,r/sports,2,2018-05-17 01:42:00,6,1,2,0
8jxzo9,2018-05-16 19:58:31,44,r/sports,2,2018-05-17 03:25:23,7,0,2,0
8jxzo9,2018-05-16 19:58:31,44,r/sports,2,2018-05-17 00:19:11,4,1,25,0
8jxzo9,2018-05-16 19:58:31,44,r/sports,2,2018-05-17 02:34:45,5,1,7,0
8jxzo9,2018-05-16 19:58:31,44,r/sports,2,2018-05-16 23:02:49,2,1,178,0
8jxzo9,2018-05-16 19:58:31,44,r/sports,2,2018-05-16 23:17:28,3,3,123,0
8jxzo9,2018-05-16 19:58:31,44,r/sports,2,2018-05-16 23:42:26,4,1,63,0
8jxzo9,2018-05-16 19:58:31,44,r/sports,2,2018-05-16 23:57:28,5,1,5,0
8jxzo9,2018-05-16 19:58:31,44,r/sports,2,2018-05-17 00:02:49,6,1,1,0
8jxzo9,2018-05-16 19:58:31,44,r/sports,2,2018-05-17 00:09:28,7,2,8,0
8jxzo9,2018-05-16 19:58:31,44,r/sports,2,2018-05-17 00:15:59,8,1,2,0
8jxzo9,2018-05-16 19:58:31,44,r/sports,2,2018-05-17 00:25:38,9,1,2,0
8jxzo9,2018-05-16 19:58:31,44,r/sports,2,2018-05-17 00:31:25,8,0,1,0
8jxzo9,2018-05-16 19:58:31,44,r/sports,2,2018-05-17 00:50:10,4,0,1,0
8jxzo9,2018-05-16 19:58:31,44,r/sports,2,2018-05-16 23:43:10,2,0,16,0
8jxzo9,2018-05-16 19:58:31,44,r/sports,2,2018-05-16 23:49:59,2,0,4,0
8jxzo9,2018-05-16 19:58:31,44,r/sports,2,2018-05-16 23:56:12,2,0,2,0
8jxzo9,2018-05-16 19:58:31,44,r/sports,2,2018-05-17 02:11:07,2,0,1,0
8jxzo9,2018-05-16 19:58:31,44,r/sports,2,2018-05-16 22:41:01,1,1,113,0
8jxzo9,2018-05-16 19:58:31,44,r/sports,2,2018-05-16 22:43:01,2,3,81,0
8jxzo9,2018-05-16 19:58:31,44,r/sports,2,2018-05-16 22:54:13,3,0,28,0
8jxzo9,2018-05-16 19:58:31,44,r/sports,2,2018-05-17 00:48:01,3,1,4,0
8jxzo9,2018-05-16 19:58:31,44,r/sports,2,2018-05-16 23:32:44,1,2,13,0
8jxzo9,2018-05-16 19:58:31,44,r/sports,2,2018-05-16 23:51:26,2,1,11,0
8jxzo9,2018-05-16 19:58:31,44,r/sports,2,2018-05-17 00:02:29,3,1,4,0
8jxzo9,2018-05-16 19:58:31,44,r/sports,2,2018-05-17 00:02:57,4,1,2,0
8jxzo9,2018-05-16 19:58:31,44,r/sports,2,2018-05-17 00:37:12,5,0,2,0
8jxzo9,2018-05-16 19:58:31,44,r/sports,2,2018-05-17 00:28:56,2,0,3,0
8jxzo9,2018-05-16 19:58:31,44,r/sports,2,2018-05-16 23:17:09,1,3,68,0
8jxzo9,2018-05-16 19:58:31,44,r/sports,2,2018-05-16 23:42:59,2,0,30,0
8jxzo9,2018-05-16 19:58:31,44,r/sports,2,2018-05-16 23:27:58,2,2,11,0
8jxzo9,2018-05-16 19:58:31,44,r/sports,2,2018-05-16 23:31:43,3,0,28,0
8jxzo9,2018-05-16 19:58:31,44,r/sports,2,2018-05-16 23:32:42,3,1,5,0
8jxzo9,2018-05-16 19:58:31,44,r/sports,2,2018-05-17 00:28:04,1,0,2,0
8jxzo9,2018-05-16 19:58:31,44,r/sports,2,2018-05-16 23:51:52,1,0,1,0
8jxzo9,2018-05-16 19:58:31,44,r/sports,2,2018-05-16 23:53:27,1,0,1,0
8jxzo9,2018-05-16 19:58:31,44,r/sports,2,2018-05-17 00:17:28,1,0,1,0
8jxzo9,2018-05-16 19:58:31,44,r/sports,2,2018-05-17 01:28:47,1,0,1,0
8jxzo9,2018-05-16 19:58:31,44,r/sports,3,2018-05-16 22:45:00,0,9,1978,0
8jxzo9,2018-05-16 19:58:31,44,r/sports,3,2018-05-16 22:57:22,1,1,421,0
8jxzo9,2018-05-16 19:58:31,44,r/sports,3,2018-05-16 23:04:49,2,2,331,0
8jxzo9,2018-05-16 19:58:31,44,r/sports,3,2018-05-16 23:57:05,3,1,62,0
8jxzo9,2018-05-16 19:58:31,44,r/sports,3,2018-05-17 00:04:47,4,1,145,0
8jxzo9,2018-05-16 19:58:31,44,r/sports,3,2018-05-17 00:02:58,3,1,3,0
8jxzo9,2018-05-16 19:58:31,44,r/sports,3,2018-05-17 00:09:45,4,1,2,0
8jxzo9,2018-05-16 19:58:31,44,r/sports,3,2018-05-17 01:07:15,5,0,11,0
8jxzo9,2018-05-16 19:58:31,44,r/sports,3,2018-05-17 00:03:40,1,3,80,0
8jxzo9,2018-05-16 19:58:31,44,r/sports,3,2018-05-17 00:07:21,2,1,266,0
8jxzo9,2018-05-16 19:58:31,44,r/sports,3,2018-05-17 03:30:09,3,0,15,0
8jxzo9,2018-05-16 19:58:31,44,r/sports,3,2018-05-17 00:30:56,2,2,21,0
8jxzo9,2018-05-16 19:58:31,44,r/sports,3,2018-05-17 00:38:01,3,0,56,0
8jxzo9,2018-05-16 19:58:31,44,r/sports,3,2018-05-16 23:47:57,1,0,18,0
8jxzo9,2018-05-16 19:58:31,44,r/sports,3,2018-05-17 02:27:51,1,1,7,0
8jxzo9,2018-05-16 19:58:31,44,r/sports,3,2018-05-17 02:48:03,2,1,36,0
8jxzo9,2018-05-16 19:58:31,44,r/sports,3,2018-05-17 02:52:04,3,0,10,0
8jxzo9,2018-05-16 19:58:31,44,r/sports,3,2018-05-16 23:02:51,1,1,43,0
8jxzo9,2018-05-16 19:58:31,44,r/sports,3,2018-05-16 23:44:35,2,0,4,0
8jxzo9,2018-05-16 19:58:31,44,r/sports,3,2018-05-17 03:08:59,1,0,3,0
8jxzo9,2018-05-16 19:58:31,44,r/sports,3,2018-05-17 04:05:31,1,0,2,0
8jxzo9,2018-05-16 19:58:31,44,r/sports,3,2018-05-17 00:35:43,1,0,1,0
8jxzo9,2018-05-16 19:58:31,44,r/sports,4,2018-05-16 21:32:42,0,3,2204,1
8jxzo9,2018-05-16 19:58:31,44,r/sports,4,2018-05-16 22:05:06,1,2,739,1
8jxzo9,2018-05-16 19:58:31,44,r/sports,4,2018-05-16 22:23:31,2,3,595,1
8jxzo9,2018-05-16 19:58:31,44,r/sports,4,2018-05-16 22:32:53,3,2,114,0
8jxzo9,2018-05-16 19:58:31,44,r/sports,4,2018-05-16 23:04:33,4,3,52,0
8jxzo9,2018-05-16 19:58:31,44,r/sports,4,2018-05-16 23:34:32,5,1,56,0
8jxzo9,2018-05-16 19:58:31,44,r/sports,4,2018-05-17 00:35:37,6,1,25,0
8jxzo9,2018-05-16 19:58:31,44,r/sports,4,2018-05-17 01:54:11,7,0,13,0
8jxzo9,2018-05-16 19:58:31,44,r/sports,4,2018-05-17 00:27:11,5,0,2,0
8jxzo9,2018-05-16 19:58:31,44,r/sports,4,2018-05-17 00:43:53,3,0,2,0
8jxzo9,2018-05-16 19:58:31,44,r/sports,4,2018-05-16 23:50:52,2,1,7,0
8jxzo9,2018-05-16 19:58:31,44,r/sports,4,2018-05-17 00:30:50,3,1,5,0
8jxzo9,2018-05-16 19:58:31,44,r/sports,4,2018-05-16 21:34:11,1,0,9,0
8jxzo9,2018-05-16 19:58:31,44,r/sports,5,2018-05-16 20:59:18,0,2,570,0
8jxzo9,2018-05-16 19:58:31,44,r/sports,5,2018-05-17 00:23:48,1,1,34,0
8jxzo9,2018-05-16 19:58:31,44,r/sports,5,2018-05-17 02:41:43,2,0,3,0
8jxzo9,2018-05-16 19:58:31,44,r/sports,5,2018-05-17 00:23:33,1,0,7,0
8jxzo9,2018-05-16 19:58:31,44,r/sports,6,2018-05-16 21:31:34,0,2,164,0
8jxzo9,2018-05-16 19:58:31,44,r/sports,6,2018-05-16 23:28:26,1,1,28,0
8jxzo9,2018-05-16 19:58:31,44,r/sports,6,2018-05-17 02:12:37,2,1,2,0
8jxzo9,2018-05-16 19:58:31,44,r/sports,6,2018-05-17 02:15:58,3,1,2,0
8jxzo9,2018-05-16 19:58:31,44,r/sports,6,2018-05-17 02:21:57,4,0,1,0
8jxzo9,2018-05-16 19:58:31,44,r/sports,6,2018-05-17 02:09:36,1,0,2,0
8jxzo9,2018-05-16 19:58:31,44,r/sports,7,2018-05-16 22:04:31,0,2,175,0
8jxzo9,2018-05-16 19:58:31,44,r/sports,7,2018-05-16 22:52:53,1,1,61,0
8jxzo9,2018-05-16 19:58:31,44,r/sports,7,2018-05-16 23:31:44,2,2,41,0
8jxzo9,2018-05-16 19:58:31,44,r/sports,7,2018-05-17 02:32:05,3,0,2,0
8jxzo9,2018-05-16 19:58:31,44,r/sports,7,2018-05-16 22:44:49,1,7,9,0
8jxzo9,2018-05-16 19:58:31,44,r/sports,7,2018-05-16 23:08:11,2,2,220,0
8jxzo9,2018-05-16 19:58:31,44,r/sports,7,2018-05-17 01:53:21,3,0,7,0
8jxzo9,2018-05-16 19:58:31,44,r/sports,7,2018-05-17 02:15:49,3,0,2,0
8jxzo9,2018-05-16 19:58:31,44,r/sports,7,2018-05-16 22:51:12,2,0,10,0
8jxzo9,2018-05-16 19:58:31,44,r/sports,7,2018-05-16 22:53:11,2,0,9,0
8jxzo9,2018-05-16 19:58:31,44,r/sports,7,2018-05-16 22:53:41,2,0,5,0
8jxzo9,2018-05-16 19:58:31,44,r/sports,7,2018-05-16 22:54:52,2,0,2,0
8jxzo9,2018-05-16 19:58:31,44,r/sports,7,2018-05-16 22:55:42,2,0,1,0
8jxzo9,2018-05-16 19:58:31,44,r/sports,7,2018-05-16 23:08:18,2,0,1,0
8jxzo9,2018-05-16 19:58:31,44,r/sports,8,2018-05-16 21:33:09,0,6,206,0
8jxzo9,2018-05-16 19:58:31,44,r/sports,8,2018-05-16 22:33:08,1,1,127,0
8jxzo9,2018-05-16 19:58:31,44,r/sports,8,2018-05-16 22:59:17,2,3,41,0
8jxzo9,2018-05-16 19:58:31,44,r/sports,8,2018-05-16 23:08:00,3,2,64,0
8jxzo9,2018-05-16 19:58:31,44,r/sports,8,2018-05-17 01:26:03,4,1,11,0
8jxzo9,2018-05-16 19:58:31,44,r/sports,8,2018-05-16 23:03:44,3,0,12,0
8jxzo9,2018-05-16 19:58:31,44,r/sports,8,2018-05-17 03:27:52,3,0,2,0
8jxzo9,2018-05-16 19:58:31,44,r/sports,8,2018-05-16 21:55:50,1,0,21,0
8jxzo9,2018-05-16 19:58:31,44,r/sports,8,2018-05-16 22:28:39,1,0,10,0
8jxzo9,2018-05-16 19:58:31,44,r/sports,8,2018-05-16 23:19:01,1,0,15,0
8jxzo9,2018-05-16 19:58:31,44,r/sports,8,2018-05-16 22:41:52,1,2,26,0
8jxzo9,2018-05-16 19:58:31,44,r/sports,8,2018-05-17 01:30:14,2,1,13,0
8jxzo9,2018-05-16 19:58:31,44,r/sports,8,2018-05-17 01:55:14,3,0,5,0
8jxzo9,2018-05-16 19:58:31,44,r/sports,8,2018-05-17 00:57:26,2,0,1,0
8jxzo9,2018-05-16 19:58:31,44,r/sports,8,2018-05-16 22:49:24,1,0,4,0
8jxzo9,2018-05-16 19:58:31,44,r/sports,9,2018-05-16 22:02:37,0,2,101,0
8jxzo9,2018-05-16 19:58:31,44,r/sports,9,2018-05-16 22:16:41,1,1,88,0
8jxzo9,2018-05-16 19:58:31,44,r/sports,9,2018-05-16 23:02:24,2,0,24,0
8jxzo9,2018-05-16 19:58:31,44,r/sports,9,2018-05-16 22:19:11,1,2,22,0
8jxzo9,2018-05-16 19:58:31,44,r/sports,9,2018-05-16 22:22:12,2,0,24,0
8jxzo9,2018-05-16 19:58:31,44,r/sports,9,2018-05-16 22:23:19,2,0,19,0
8jxzo9,2018-05-16 19:58:31,44,r/sports,10,2018-05-16 21:27:39,0,8,478,0
8jxzo9,2018-05-16 19:58:31,44,r/sports,10,2018-05-16 22:26:39,1,7,129,0
8jxzo9,2018-05-16 19:58:31,44,r/sports,10,2018-05-16 22:42:53,2,1,123,0
8jxzo9,2018-05-16 19:58:31,44,r/sports,10,2018-05-16 22:45:50,3,0,30,0
8jxzo9,2018-05-16 19:58:31,44,r/sports,10,2018-05-16 22:40:19,2,1,52,0
8jxzo9,2018-05-16 19:58:31,44,r/sports,10,2018-05-16 23:20:26,3,0,21,0
8jxzo9,2018-05-16 19:58:31,44,r/sports,10,2018-05-16 22:42:54,2,0,12,0
8jxzo9,2018-05-16 19:58:31,44,r/sports,10,2018-05-16 23:30:27,2,1,5,0
8jxzo9,2018-05-16 19:58:31,44,r/sports,10,2018-05-16 23:50:59,3,1,1,0
8jxzo9,2018-05-16 19:58:31,44,r/sports,10,2018-05-17 01:08:31,4,1,1,0
8jxzo9,2018-05-16 19:58:31,44,r/sports,10,2018-05-17 01:12:54,5,0,1,0
8jxzo9,2018-05-16 19:58:31,44,r/sports,10,2018-05-16 23:33:48,2,0,3,0
8jxzo9,2018-05-16 19:58:31,44,r/sports,10,2018-05-16 23:59:48,2,0,1,0
8jxzo9,2018-05-16 19:58:31,44,r/sports,10,2018-05-16 22:39:13,1,0,15,0
8jxzo9,2018-05-16 19:58:31,44,r/sports,10,2018-05-16 21:31:20,1,1,84,0
8jxzo9,2018-05-16 19:58:31,44,r/sports,10,2018-05-16 21:48:25,2,1,72,0
8jxzo9,2018-05-16 19:58:31,44,r/sports,10,2018-05-16 22:16:39,3,1,22,0
8jxzo9,2018-05-16 19:58:31,44,r/sports,10,2018-05-16 22:50:39,4,1,10,0
8jxzo9,2018-05-16 19:58:31,44,r/sports,10,2018-05-17 00:04:56,5,0,1,0
8jxzo9,2018-05-16 19:58:31,44,r/sports,10,2018-05-16 22:56:17,1,1,6,0
8jxzo9,2018-05-16 19:58:31,44,r/sports,10,2018-05-16 23:43:51,2,0,4,0
8jxzo9,2018-05-16 19:58:31,44,r/sports,10,2018-05-16 22:58:34,1,0,1,0
8jxzo9,2018-05-16 19:58:31,44,r/sports,10,2018-05-16 23:10:33,1,0,1,0
8jxzo9,2018-05-16 19:58:31,44,r/sports,10,2018-05-16 23:29:33,1,0,1,0
8jxzo9,2018-05-16 19:58:31,44,r/sports,11,2018-05-16 21:23:04,0,3,196,0
8jxzo9,2018-05-16 19:58:31,44,r/sports,11,2018-05-16 21:46:39,1,3,43,0
8jxzo9,2018-05-16 19:58:31,44,r/sports,11,2018-05-16 22:05:13,2,1,74,0
8jxzo9,2018-05-16 19:58:31,44,r/sports,11,2018-05-16 22:43:32,3,0,11,0
8jxzo9,2018-05-16 19:58:31,44,r/sports,11,2018-05-16 22:22:26,2,0,3,0
8jxzo9,2018-05-16 19:58:31,44,r/sports,11,2018-05-16 22:26:17,1,1,1,0
8jxzo9,2018-05-16 19:58:31,44,r/sports,11,2018-05-16 22:34:25,2,1,6,0
8jxzo9,2018-05-16 19:58:31,44,r/sports,11,2018-05-16 22:53:09,3,0,3,0
8jxzo9,2018-05-16 19:58:31,44,r/sports,12,2018-05-16 22:00:57,0,1,26,0
8jxzo9,2018-05-16 19:58:31,44,r/sports,12,2018-05-17 01:25:29,1,0,2,0
8jxzo9,2018-05-16 19:58:31,44,r/sports,13,2018-05-16 23:18:33,0,0,16,0
8jxzo9,2018-05-16 19:58:31,44,r/sports,14,2018-05-16 23:32:06,0,0,16,0
8jxzo9,2018-05-16 19:58:31,44,r/sports,15,2018-05-16 21:55:11,0,1,41,0
8jxzo9,2018-05-16 19:58:31,44,r/sports,15,2018-05-16 23:14:55,1,0,1,0
8jxzo9,2018-05-16 19:58:31,44,r/sports,16,2018-05-16 21:38:57,0,1,16,0
8jxzo9,2018-05-16 19:58:31,44,r/sports,16,2018-05-16 21:43:07,1,0,32,0
8jxzo9,2018-05-16 19:58:31,44,r/sports,17,2018-05-16 21:56:56,0,1,18,0
8jxzo9,2018-05-16 19:58:31,44,r/sports,17,2018-05-16 22:24:36,1,1,5,0
8jxzo9,2018-05-16 19:58:31,44,r/sports,17,2018-05-16 23:14:07,2,0,2,0
8jxzo9,2018-05-16 19:58:31,44,r/sports,18,2018-05-16 21:41:46,0,1,16,0
8jxzo9,2018-05-16 19:58:31,44,r/sports,19,2018-05-16 21:30:06,0,0,25,0
8jxzo9,2018-05-16 19:58:31,44,r/sports,20,2018-05-16 22:57:31,0,0,4,0
8jxzo9,2018-05-16 19:58:31,44,r/sports,21,2018-05-16 23:35:25,0,0,6,0
8jxzo9,2018-05-16 19:58:31,44,r/sports,22,2018-05-16 23:52:00,0,0,6,0
8jxzo9,2018-05-16 19:58:31,44,r/sports,23,2018-05-16 23:56:10,0,1,4,0
8jxzo9,2018-05-16 19:58:31,44,r/sports,24,2018-05-16 22:15:24,0,0,9,0
8jxzo9,2018-05-16 19:58:31,44,r/sports,25,2018-05-16 22:48:54,0,1,4,0
8jxzo9,2018-05-16 19:58:31,44,r/sports,25,2018-05-16 22:55:40,1,1,3,0
8jxzo9,2018-05-16 19:58:31,44,r/sports,25,2018-05-16 23:01:06,2,1,3,0
8jxzo9,2018-05-16 19:58:31,44,r/sports,25,2018-05-16 23:01:19,3,0,1,0
8jxzo9,2018-05-16 19:58:31,44,r/sports,26,2018-05-16 21:22:39,0,6,64,0
8jxzo9,2018-05-16 19:58:31,44,r/sports,26,2018-05-16 22:09:52,1,0,35,0
8jxzo9,2018-05-16 19:58:31,44,r/sports,26,2018-05-16 22:57:13,1,1,21,0
8jxzo9,2018-05-16 19:58:31,44,r/sports,26,2018-05-17 01:08:30,2,1,10,0
8jxzo9,2018-05-16 19:58:31,44,r/sports,26,2018-05-16 22:37:33,1,1,13,0
8jxzo9,2018-05-16 19:58:31,44,r/sports,26,2018-05-16 23:10:07,2,1,48,0
8jxzo9,2018-05-16 19:58:31,44,r/sports,26,2018-05-16 23:29:35,3,1,3,0
8jxzo9,2018-05-16 19:58:31,44,r/sports,26,2018-05-16 23:18:38,1,1,4,0
8jxzo9,2018-05-16 19:58:31,44,r/sports,26,2018-05-17 02:58:47,2,1,3,0
8jxzo9,2018-05-16 19:58:31,44,r/sports,26,2018-05-17 00:05:48,1,0,0,0
8jxzo9,2018-05-16 19:58:31,44,r/sports,27,2018-05-16 21:56:39,0,1,5,0
8jxzo9,2018-05-16 19:58:31,44,r/sports,27,2018-05-16 22:06:32,1,1,17,0
8jxzo9,2018-05-16 19:58:31,44,r/sports,27,2018-05-16 22:15:55,2,0,3,0
8jxzo9,2018-05-16 19:58:31,44,r/sports,28,2018-05-16 23:34:52,0,0,6,0
8jxzo9,2018-05-16 19:58:31,44,r/sports,29,2018-05-16 22:01:42,0,1,12,0
8jxzo9,2018-05-16 19:58:31,44,r/sports,29,2018-05-16 22:21:07,1,0,11,0
8jxzo9,2018-05-16 19:58:31,44,r/sports,30,2018-05-16 22:04:41,0,0,3,0
8jxzo9,2018-05-16 19:58:31,44,r/sports,31,2018-05-17 00:25:07,0,0,3,0
8jxzo9,2018-05-16 19:58:31,44,r/sports,32,2018-05-16 20:00:31,0,0,6,0
8jxzo9,2018-05-16 19:58:31,44,r/sports,33,2018-05-16 22:36:34,0,6,11,0
8jxzo9,2018-05-16 19:58:31,44,r/sports,33,2018-05-16 23:10:39,1,0,18,0
8jxzo9,2018-05-16 19:58:31,44,r/sports,33,2018-05-16 23:36:11,1,1,13,0
8jxzo9,2018-05-16 19:58:31,44,r/sports,33,2018-05-17 02:21:47,2,0,3,0
8jxzo9,2018-05-16 19:58:31,44,r/sports,33,2018-05-16 23:33:52,1,2,9,0
8jxzo9,2018-05-16 19:58:31,44,r/sports,33,2018-05-17 02:06:27,2,0,1,0
8jxzo9,2018-05-16 19:58:31,44,r/sports,33,2018-05-17 00:18:11,1,0,4,0
8jxzo9,2018-05-16 19:58:31,44,r/sports,33,2018-05-16 23:22:44,1,0,1,0
8jxzo9,2018-05-16 19:58:31,44,r/sports,33,2018-05-17 00:11:24,1,1,1,0
8jxzo9,2018-05-16 19:58:31,44,r/sports,33,2018-05-17 03:19:56,2,0,2,0
8jxzo9,2018-05-16 19:58:31,44,r/sports,34,2018-05-16 21:55:22,0,0,2,0
8jxzo9,2018-05-16 19:58:31,44,r/sports,35,2018-05-16 22:42:21,0,0,2,0
8jxzo9,2018-05-16 19:58:31,44,r/sports,36,2018-05-16 22:53:30,0,0,2,0
8jxzo9,2018-05-16 19:58:31,44,r/sports,37,2018-05-16 23:55:34,0,1,2,0
8jxzo9,2018-05-16 19:58:31,44,r/sports,37,2018-05-17 00:15:40,1,0,2,0
8jxzo9,2018-05-16 19:58:31,44,r/sports,38,2018-05-17 00:21:46,0,0,2,0
8jxzo9,2018-05-16 19:58:31,44,r/sports,39,2018-05-17 00:28:46,0,0,2,0
8jxzo9,2018-05-16 19:58:31,44,r/sports,40,2018-05-17 00:33:48,0,0,2,0
8jxzo9,2018-05-16 19:58:31,44,r/sports,41,2018-05-17 00:38:26,0,0,2,0
8jxzo9,2018-05-16 19:58:31,44,r/sports,42,2018-05-17 01:05:07,0,0,2,0
8jxzo9,2018-05-16 19:58:31,44,r/sports,43,2018-05-17 01:05:33,0,0,2,0
8jxzo9,2018-05-16 19:58:31,44,r/sports,44,2018-05-17 01:45:59,0,0,2,0
8jxzo9,2018-05-16 19:58:31,44,r/sports,45,2018-05-17 01:46:31,0,0,2,0
8jxzo9,2018-05-16 19:58:31,44,r/sports,46,2018-05-17 01:53:41,0,0,2,0
8jxzo9,2018-05-16 19:58:31,44,r/sports,47,2018-05-17 02:38:37,0,0,2,0
8jxzo9,2018-05-16 19:58:31,44,r/sports,48,2018-05-17 02:43:24,0,0,2,0
8jxzo9,2018-05-16 19:58:31,44,r/sports,49,2018-05-17 02:43:44,0,0,2,0
8jxzo9,2018-05-16 19:58:31,44,r/sports,50,2018-05-17 02:45:25,0,1,2,0
8jxzo9,2018-05-16 19:58:31,44,r/sports,51,2018-05-17 02:59:07,0,0,2,0
8jxzo9,2018-05-16 19:58:31,44,r/sports,52,2018-05-17 04:15:24,0,0,2,0
8jxzo9,2018-05-16 19:58:31,44,r/sports,53,2018-05-17 04:57:45,0,0,2,0
8jxzo9,2018-05-16 19:58:31,44,r/sports,54,2018-05-16 22:23:52,0,0,4,0
8jxzo9,2018-05-16 19:58:31,44,r/sports,55,2018-05-16 23:15:55,0,0,3,0
8jxzo9,2018-05-16 19:58:31,44,r/sports,56,2018-05-16 23:06:07,0,0,3,0
8jxzo9,2018-05-16 19:58:31,44,r/sports,57,2018-05-17 00:48:14,0,0,2,0
8jxzo9,2018-05-16 19:58:31,44,r/sports,58,2018-05-16 22:07:43,0,1,4,0
8jxzo9,2018-05-16 19:58:31,44,r/sports,59,2018-05-16 23:54:48,0,1,3,0
8jxzo9,2018-05-16 19:58:31,44,r/sports,59,2018-05-17 01:06:51,1,1,4,0
8jxzo9,2018-05-16 19:58:31,44,r/sports,60,2018-05-16 22:41:35,0,0,-1,0
8jxzo9,2018-05-16 19:58:31,44,r/sports,61,2018-05-16 21:33:28,0,0,1,0
8jxzo9,2018-05-16 19:58:31,44,r/sports,62,2018-05-16 21:36:56,0,0,1,0
8jxzo9,2018-05-16 19:58:31,44,r/sports,63,2018-05-16 22:16:16,0,0,1,0
8jxzo9,2018-05-16 19:58:31,44,r/sports,64,2018-05-16 22:25:57,0,0,1,0
8jxzo9,2018-05-16 19:58:31,44,r/sports,65,2018-05-16 22:32:16,0,0,1,0
8jxzo9,2018-05-16 19:58:31,44,r/sports,66,2018-05-16 22:33:34,0,0,1,0
8jxzo9,2018-05-16 19:58:31,44,r/sports,67,2018-05-16 22:42:15,0,0,1,0
8jxzo9,2018-05-16 19:58:31,44,r/sports,68,2018-05-16 22:46:55,0,0,1,0
8jxzo9,2018-05-16 19:58:31,44,r/sports,69,2018-05-16 22:48:55,0,0,1,0
8jxzo9,2018-05-16 19:58:31,44,r/sports,70,2018-05-16 22:52:08,0,0,1,0
8jxzo9,2018-05-16 19:58:31,44,r/sports,71,2018-05-16 22:56:16,0,0,1,0
8jxzo9,2018-05-16 19:58:31,44,r/sports,72,2018-05-16 23:00:25,0,0,1,0
8jxzo9,2018-05-16 19:58:31,44,r/sports,73,2018-05-16 23:02:14,0,0,1,0
8jxzo9,2018-05-16 19:58:31,44,r/sports,74,2018-05-16 23:02:26,0,0,1,0
8jxzo9,2018-05-16 19:58:31,44,r/sports,75,2018-05-16 23:03:08,0,0,1,0
8jxzo9,2018-05-16 19:58:31,44,r/sports,76,2018-05-16 23:07:01,0,0,1,0
8jxzo9,2018-05-16 19:58:31,44,r/sports,77,2018-05-16 23:08:19,0,0,1,0
8jxzo9,2018-05-16 19:58:31,44,r/sports,78,2018-05-16 23:10:53,0,0,1,0
8jxzo9,2018-05-16 19:58:31,44,r/sports,79,2018-05-16 23:12:20,0,0,1,0
8jxzo9,2018-05-16 19:58:31,44,r/sports,80,2018-05-16 23:13:00,0,0,1,0
8jxzo9,2018-05-16 19:58:31,44,r/sports,81,2018-05-16 23:22:07,0,0,1,0
8jxzo9,2018-05-16 19:58:31,44,r/sports,82,2018-05-16 23:28:10,0,0,1,0
8jxzo9,2018-05-16 19:58:31,44,r/sports,83,2018-05-16 23:30:19,0,0,1,0
8jxzo9,2018-05-16 19:58:31,44,r/sports,84,2018-05-16 23:30:53,0,0,1,0
8jxzo9,2018-05-16 19:58:31,44,r/sports,85,2018-05-16 23:33:20,0,0,1,0
8jxzo9,2018-05-16 19:58:31,44,r/sports,86,2018-05-16 23:40:21,0,0,1,0
8jxzo9,2018-05-16 19:58:31,44,r/sports,87,2018-05-16 23:42:43,0,0,1,0
8jxzo9,2018-05-16 19:58:31,44,r/sports,88,2018-05-16 23:43:48,0,0,1,0
8jxzo9,2018-05-16 19:58:31,44,r/sports,89,2018-05-16 23:47:15,0,0,1,0
8jxzo9,2018-05-16 19:58:31,44,r/sports,90,2018-05-16 23:48:22,0,0,1,0
8jxzo9,2018-05-16 19:58:31,44,r/sports,91,2018-05-16 23:54:25,0,0,1,0
8jxzo9,2018-05-16 19:58:31,44,r/sports,92,2018-05-17 00:00:06,0,0,1,0
8jxzo9,2018-05-16 19:58:31,44,r/sports,93,2018-05-17 00:00:23,0,0,1,0
8jxzo9,2018-05-16 19:58:31,44,r/sports,94,2018-05-17 00:08:23,0,0,1,0
8jxzo9,2018-05-16 19:58:31,44,r/sports,95,2018-05-17 00:10:59,0,0,1,0
8jxzo9,2018-05-16 19:58:31,44,r/sports,96,2018-05-17 00:13:20,0,0,1,0
8jxzo9,2018-05-16 19:58:31,44,r/sports,97,2018-05-17 00:17:41,0,0,1,0
8jxzo9,2018-05-16 19:58:31,44,r/sports,98,2018-05-17 00:42:27,0,0,1,0
8jxzo9,2018-05-16 19:58:31,44,r/sports,99,2018-05-17 00:51:10,0,0,1,0
8jxzo9,2018-05-16 19:58:31,44,r/sports,100,2018-05-17 00:54:27,0,0,1,0
8jxzo9,2018-05-16 19:58:31,44,r/sports,101,2018-05-17 01:02:07,0,0,1,0
8jxzo9,2018-05-16 19:58:31,44,r/sports,102,2018-05-17 01:02:18,0,0,1,0
8jxzo9,2018-05-16 19:58:31,44,r/sports,103,2018-05-17 01:06:03,0,0,1,0
8jxzo9,2018-05-16 19:58:31,44,r/sports,104,2018-05-17 01:09:29,0,0,1,0
8jxzo9,2018-05-16 19:58:31,44,r/sports,105,2018-05-17 01:21:22,0,0,1,0
8jxzo9,2018-05-16 19:58:31,44,r/sports,106,2018-05-17 01:30:02,0,0,1,0
8jxzo9,2018-05-16 19:58:31,44,r/sports,107,2018-05-17 01:32:54,0,0,1,0
8jxzo9,2018-05-16 19:58:31,44,r/sports,108,2018-05-17 01:33:01,0,0,1,0
8jxzo9,2018-05-16 19:58:31,44,r/sports,109,2018-05-17 01:36:56,0,0,1,0
8jxzo9,2018-05-16 19:58:31,44,r/sports,110,2018-05-17 01:40:20,0,0,1,0
8jxzo9,2018-05-16 19:58:31,44,r/sports,111,2018-05-17 01:40:50,0,0,1,0
8jxzo9,2018-05-16 19:58:31,44,r/sports,112,2018-05-17 01:45:54,0,0,1,0
8jxzo9,2018-05-16 19:58:31,44,r/sports,113,2018-05-17 01:46:11,0,0,1,0
8jxzo9,2018-05-16 19:58:31,44,r/sports,114,2018-05-17 01:53:04,0,0,1,0
8jxzo9,2018-05-16 19:58:31,44,r/sports,115,2018-05-17 02:10:58,0,0,1,0
8jxzo9,2018-05-16 19:58:31,44,r/sports,116,2018-05-17 02:11:49,0,0,1,0
8jy1h3,2018-05-16 20:04:40,45,r/comics,0,2018-05-17 00:22:33,0,1,578,0
8jy1h3,2018-05-16 20:04:40,45,r/comics,0,2018-05-17 01:53:28,1,1,68,0
8jy1h3,2018-05-16 20:04:40,45,r/comics,0,2018-05-17 04:26:04,2,1,8,0
8jy1h3,2018-05-16 20:04:40,45,r/comics,0,2018-05-17 05:01:28,3,2,4,0
8jy1h3,2018-05-16 20:04:40,45,r/comics,0,2018-05-17 05:07:35,4,1,2,0
8jy1h3,2018-05-16 20:04:40,45,r/comics,0,2018-05-17 05:11:31,5,0,1,0
8jy1h3,2018-05-16 20:04:40,45,r/comics,0,2018-05-17 05:19:15,4,0,1,0
8jy1h3,2018-05-16 20:04:40,45,r/comics,1,2018-05-16 20:05:51,0,6,194,0
8jy1h3,2018-05-16 20:04:40,45,r/comics,1,2018-05-17 02:00:55,1,0,9,0
8jy1h3,2018-05-16 20:04:40,45,r/comics,1,2018-05-17 03:54:40,1,0,2,0
8jy1h3,2018-05-16 20:04:40,45,r/comics,1,2018-05-17 03:09:54,1,0,2,0
8jy1h3,2018-05-16 20:04:40,45,r/comics,1,2018-05-17 03:58:24,1,1,1,0
8jy1h3,2018-05-16 20:04:40,45,r/comics,1,2018-05-17 03:58:29,2,0,1,0
8jy1h3,2018-05-16 20:04:40,45,r/comics,1,2018-05-17 02:06:14,1,1,-1,0
8jy1h3,2018-05-16 20:04:40,45,r/comics,1,2018-05-17 02:40:00,2,0,1,0
8jy1h3,2018-05-16 20:04:40,45,r/comics,1,2018-05-17 01:34:03,1,1,-26,0
8jy1h3,2018-05-16 20:04:40,45,r/comics,1,2018-05-17 02:40:49,2,1,3,0
8jy1h3,2018-05-16 20:04:40,45,r/comics,1,2018-05-17 02:49:49,3,0,4,0
8jy1h3,2018-05-16 20:04:40,45,r/comics,2,2018-05-16 21:30:57,0,1,500,0
8jy1h3,2018-05-16 20:04:40,45,r/comics,2,2018-05-17 01:19:52,1,1,74,0
8jy1h3,2018-05-16 20:04:40,45,r/comics,2,2018-05-17 01:31:09,2,1,17,0
8jy1h3,2018-05-16 20:04:40,45,r/comics,2,2018-05-17 02:24:28,3,1,17,0
8jy1h3,2018-05-16 20:04:40,45,r/comics,2,2018-05-17 02:43:12,4,0,3,0
8jy1h3,2018-05-16 20:04:40,45,r/comics,3,2018-05-16 23:59:26,0,3,115,0
8jy1h3,2018-05-16 20:04:40,45,r/comics,3,2018-05-17 01:59:41,1,1,31,0
8jy1h3,2018-05-16 20:04:40,45,r/comics,3,2018-05-17 03:19:02,2,0,1,0
8jy1h3,2018-05-16 20:04:40,45,r/comics,3,2018-05-17 04:02:49,1,0,5,0
8jy1h3,2018-05-16 20:04:40,45,r/comics,3,2018-05-17 04:54:56,1,0,1,0
8jy1h3,2018-05-16 20:04:40,45,r/comics,4,2018-05-16 21:45:51,0,3,44,0
8jy1h3,2018-05-16 20:04:40,45,r/comics,4,2018-05-17 00:00:29,1,1,20,0
8jy1h3,2018-05-16 20:04:40,45,r/comics,4,2018-05-17 01:52:31,2,0,6,0
8jy1h3,2018-05-16 20:04:40,45,r/comics,4,2018-05-16 21:49:27,1,1,4,0
8jy1h3,2018-05-16 20:04:40,45,r/comics,4,2018-05-16 21:55:01,2,0,0,0
8jy1h3,2018-05-16 20:04:40,45,r/comics,4,2018-05-16 21:58:07,1,2,3,0
8jy1h3,2018-05-16 20:04:40,45,r/comics,4,2018-05-16 23:30:01,2,0,5,0
8jy1h3,2018-05-16 20:04:40,45,r/comics,4,2018-05-17 00:51:03,2,0,0,0
8jy1h3,2018-05-16 20:04:40,45,r/comics,5,2018-05-17 01:38:34,0,6,10,0
8jy1h3,2018-05-16 20:04:40,45,r/comics,5,2018-05-17 01:48:50,1,1,6,0
8jy1h3,2018-05-16 20:04:40,45,r/comics,5,2018-05-17 01:55:17,2,1,1,0
8jy1h3,2018-05-16 20:04:40,45,r/comics,5,2018-05-17 03:01:55,3,0,5,0
8jy1h3,2018-05-16 20:04:40,45,r/comics,5,2018-05-17 02:45:21,1,2,5,0
8jy1h3,2018-05-16 20:04:40,45,r/comics,5,2018-05-17 02:56:24,2,0,1,0
8jy1h3,2018-05-16 20:04:40,45,r/comics,5,2018-05-17 03:13:57,2,0,-1,0
8jy1h3,2018-05-16 20:04:40,45,r/comics,5,2018-05-17 03:45:14,1,0,2,0
8jy1h3,2018-05-16 20:04:40,45,r/comics,5,2018-05-17 03:49:38,1,0,2,0
8jy1h3,2018-05-16 20:04:40,45,r/comics,5,2018-05-17 03:42:27,1,0,1,0
8jy1h3,2018-05-16 20:04:40,45,r/comics,5,2018-05-17 03:04:18,1,0,-1,0
8jy1h3,2018-05-16 20:04:40,45,r/comics,6,2018-05-17 00:25:32,0,1,10,0
8jy1h3,2018-05-16 20:04:40,45,r/comics,6,2018-05-17 05:13:23,1,0,1,0
8jy1h3,2018-05-16 20:04:40,45,r/comics,7,2018-05-17 01:36:19,0,0,7,0
8jy1h3,2018-05-16 20:04:40,45,r/comics,8,2018-05-17 01:43:57,0,0,6,0
8jy1h3,2018-05-16 20:04:40,45,r/comics,9,2018-05-17 02:58:59,0,0,3,0
8jy1h3,2018-05-16 20:04:40,45,r/comics,10,2018-05-17 01:37:45,0,0,2,0
8jy1h3,2018-05-16 20:04:40,45,r/comics,11,2018-05-17 01:47:11,0,0,3,0
8jy1h3,2018-05-16 20:04:40,45,r/comics,12,2018-05-17 02:29:13,0,0,2,0
8jy1h3,2018-05-16 20:04:40,45,r/comics,13,2018-05-17 03:00:45,0,1,2,0
8jy1h3,2018-05-16 20:04:40,45,r/comics,13,2018-05-17 03:11:45,1,0,0,0
8jy1h3,2018-05-16 20:04:40,45,r/comics,14,2018-05-17 02:45:02,0,0,1,0
8jy1h3,2018-05-16 20:04:40,45,r/comics,15,2018-05-17 03:06:00,0,0,1,0
8jy1h3,2018-05-16 20:04:40,45,r/comics,16,2018-05-17 03:18:04,0,0,1,0
8jy1h3,2018-05-16 20:04:40,45,r/comics,17,2018-05-17 03:23:11,0,0,1,0
8jy1h3,2018-05-16 20:04:40,45,r/comics,18,2018-05-17 04:09:19,0,0,1,0
8jy1h3,2018-05-16 20:04:40,45,r/comics,19,2018-05-17 04:42:50,0,0,1,0
8jy1h3,2018-05-16 20:04:40,45,r/comics,20,2018-05-17 05:03:53,0,0,1,0
8jy1h3,2018-05-16 20:04:40,45,r/comics,21,2018-05-17 05:11:22,0,0,1,0
8jy1h3,2018-05-16 20:04:40,45,r/comics,22,2018-05-17 02:39:25,0,0,1,0
8jy1h3,2018-05-16 20:04:40,45,r/comics,23,2018-05-17 02:40:47,0,1,1,0
8jy1h3,2018-05-16 20:04:40,45,r/comics,23,2018-05-17 03:44:00,1,0,1,0
8jy1h3,2018-05-16 20:04:40,45,r/comics,24,2018-05-17 02:58:04,0,0,1,0
8jy1h3,2018-05-16 20:04:40,45,r/comics,25,2018-05-17 02:43:13,0,0,0,0
8jy1h3,2018-05-16 20:04:40,45,r/comics,26,2018-05-17 02:26:48,0,0,-4,0
8jy1h3,2018-05-16 20:04:40,45,r/comics,27,2018-05-17 03:02:27,0,0,-1,0
8jy1h3,2018-05-16 20:04:40,45,r/comics,28,2018-05-17 02:28:48,0,0,-7,0
8jyc2r,2018-05-16 20:42:32,46,r/videos,0,2018-05-16 21:55:15,0,4,5097,0
8jyc2r,2018-05-16 20:42:32,46,r/videos,0,2018-05-16 22:04:27,1,4,3944,1
8jyc2r,2018-05-16 20:42:32,46,r/videos,0,2018-05-16 22:39:31,2,14,1164,0
8jyc2r,2018-05-16 20:42:32,46,r/videos,0,2018-05-17 00:03:40,3,17,2773,0
8jyc2r,2018-05-16 20:42:32,46,r/videos,0,2018-05-17 00:12:21,4,10,1287,0
8jyc2r,2018-05-16 20:42:32,46,r/videos,0,2018-05-17 00:23:12,5,13,696,0
8jyc2r,2018-05-16 20:42:32,46,r/videos,0,2018-05-17 00:41:02,6,6,690,0
8jyc2r,2018-05-16 20:42:32,46,r/videos,0,2018-05-17 00:57:46,7,5,713,0
8jyc2r,2018-05-16 20:42:32,46,r/videos,0,2018-05-17 01:12:25,8,13,496,0
8jyc2r,2018-05-16 20:42:32,46,r/videos,0,2018-05-17 01:25:28,9,1,205,0
8jyc2r,2018-05-16 20:42:32,46,r/videos,0,2018-05-17 01:29:23,9,1,147,0
8jyc2r,2018-05-16 20:42:32,46,r/videos,0,2018-05-17 01:45:05,9,1,79,0
8jyc2r,2018-05-16 20:42:32,46,r/videos,0,2018-05-17 01:43:51,9,1,36,0
8jyc2r,2018-05-16 20:42:32,46,r/videos,0,2018-05-17 02:45:58,9,1,13,0
8jyc2r,2018-05-16 20:42:32,46,r/videos,0,2018-05-17 01:28:41,9,1,47,0
8jyc2r,2018-05-16 20:42:32,46,r/videos,0,2018-05-17 02:40:55,9,0,4,0
8jyc2r,2018-05-16 20:42:32,46,r/videos,0,2018-05-17 03:18:09,9,0,3,0
8jyc2r,2018-05-16 20:42:32,46,r/videos,0,2018-05-17 01:35:09,9,0,2,0
8jyc2r,2018-05-16 20:42:32,46,r/videos,0,2018-05-17 01:48:48,9,0,2,0
8jyc2r,2018-05-16 20:42:32,46,r/videos,0,2018-05-17 04:12:57,9,0,1,0
8jyc2r,2018-05-16 20:42:32,46,r/videos,0,2018-05-17 03:48:27,9,1,4,0
8jyc2r,2018-05-16 20:42:32,46,r/videos,0,2018-05-17 01:08:19,8,2,73,0
8jyc2r,2018-05-16 20:42:32,46,r/videos,0,2018-05-17 01:09:32,9,1,24,0
8jyc2r,2018-05-16 20:42:32,46,r/videos,0,2018-05-17 01:22:27,8,6,79,0
8jyc2r,2018-05-16 20:42:32,46,r/videos,0,2018-05-17 02:59:24,9,1,16,0
8jyc2r,2018-05-16 20:42:32,46,r/videos,0,2018-05-17 02:36:24,9,0,2,0
8jyc2r,2018-05-16 20:42:32,46,r/videos,0,2018-05-17 03:21:57,9,1,2,0
8jyc2r,2018-05-16 20:42:32,46,r/videos,0,2018-05-17 02:31:38,9,0,3,0
8jyc2r,2018-05-16 20:42:32,46,r/videos,0,2018-05-17 01:57:11,9,1,4,0
8jyc2r,2018-05-16 20:42:32,46,r/videos,0,2018-05-17 01:22:22,8,0,5,0
8jyc2r,2018-05-16 20:42:32,46,r/videos,0,2018-05-17 02:36:27,7,0,35,0
8jyc2r,2018-05-16 20:42:32,46,r/videos,0,2018-05-17 00:53:59,7,3,56,0
8jyc2r,2018-05-16 20:42:32,46,r/videos,0,2018-05-17 00:58:07,8,1,14,0
8jyc2r,2018-05-16 20:42:32,46,r/videos,0,2018-05-17 00:59:42,8,2,21,0
8jyc2r,2018-05-16 20:42:32,46,r/videos,0,2018-05-17 02:25:20,9,1,29,0
8jyc2r,2018-05-16 20:42:32,46,r/videos,0,2018-05-17 01:05:13,7,0,5,0
8jyc2r,2018-05-16 20:42:32,46,r/videos,0,2018-05-17 01:45:13,7,1,5,0
8jyc2r,2018-05-16 20:42:32,46,r/videos,0,2018-05-17 00:44:18,6,3,56,0
8jyc2r,2018-05-16 20:42:32,46,r/videos,0,2018-05-17 00:46:20,7,2,21,0
8jyc2r,2018-05-16 20:42:32,46,r/videos,0,2018-05-17 00:53:41,8,2,9,0
8jyc2r,2018-05-16 20:42:32,46,r/videos,0,2018-05-17 03:13:51,9,0,4,0
8jyc2r,2018-05-16 20:42:32,46,r/videos,0,2018-05-17 04:41:04,9,0,1,0
8jyc2r,2018-05-16 20:42:32,46,r/videos,0,2018-05-17 04:00:06,7,1,1,0
8jyc2r,2018-05-16 20:42:32,46,r/videos,0,2018-05-17 04:08:47,8,0,1,0
8jyc2r,2018-05-16 20:42:32,46,r/videos,0,2018-05-17 00:31:41,6,3,38,0
8jyc2r,2018-05-16 20:42:32,46,r/videos,0,2018-05-17 00:42:38,7,3,9,0
8jyc2r,2018-05-16 20:42:32,46,r/videos,0,2018-05-17 02:00:03,8,1,6,0
8jyc2r,2018-05-16 20:42:32,46,r/videos,0,2018-05-17 01:39:49,8,0,3,0
8jyc2r,2018-05-16 20:42:32,46,r/videos,0,2018-05-17 01:56:37,7,1,4,0
8jyc2r,2018-05-16 20:42:32,46,r/videos,0,2018-05-17 02:49:55,8,1,3,0
8jyc2r,2018-05-16 20:42:32,46,r/videos,0,2018-05-17 03:23:28,9,1,2,0
8jyc2r,2018-05-16 20:42:32,46,r/videos,0,2018-05-17 00:51:46,6,5,54,0
8jyc2r,2018-05-16 20:42:32,46,r/videos,0,2018-05-17 00:57:48,7,1,30,0
8jyc2r,2018-05-16 20:42:32,46,r/videos,0,2018-05-17 01:12:32,8,1,11,0
8jyc2r,2018-05-16 20:42:32,46,r/videos,0,2018-05-17 04:12:39,9,0,1,0
8jyc2r,2018-05-16 20:42:32,46,r/videos,0,2018-05-17 01:01:09,7,0,2,0
8jyc2r,2018-05-16 20:42:32,46,r/videos,0,2018-05-17 01:02:09,7,0,2,0
8jyc2r,2018-05-16 20:42:32,46,r/videos,0,2018-05-17 01:15:45,7,0,2,0
8jyc2r,2018-05-16 20:42:32,46,r/videos,0,2018-05-17 01:19:12,6,0,15,0
8jyc2r,2018-05-16 20:42:32,46,r/videos,0,2018-05-17 00:27:50,6,3,10,0
8jyc2r,2018-05-16 20:42:32,46,r/videos,0,2018-05-17 00:37:09,7,2,39,0
8jyc2r,2018-05-16 20:42:32,46,r/videos,0,2018-05-17 00:52:13,8,5,19,0
8jyc2r,2018-05-16 20:42:32,46,r/videos,0,2018-05-17 01:15:20,9,0,7,0
8jyc2r,2018-05-16 20:42:32,46,r/videos,0,2018-05-17 01:00:57,9,1,8,0
8jyc2r,2018-05-16 20:42:32,46,r/videos,0,2018-05-17 03:43:02,9,0,2,0
8jyc2r,2018-05-16 20:42:32,46,r/videos,0,2018-05-17 01:18:21,9,0,3,0
8jyc2r,2018-05-16 20:42:32,46,r/videos,0,2018-05-17 00:45:44,7,1,10,0
8jyc2r,2018-05-16 20:42:32,46,r/videos,0,2018-05-17 00:47:39,6,0,2,0
8jyc2r,2018-05-16 20:42:32,46,r/videos,0,2018-05-17 00:51:57,6,0,2,0
8jyc2r,2018-05-16 20:42:32,46,r/videos,0,2018-05-17 00:54:17,6,0,2,0
8jyc2r,2018-05-16 20:42:32,46,r/videos,0,2018-05-17 00:50:06,6,0,1,0
8jyc2r,2018-05-16 20:42:32,46,r/videos,0,2018-05-17 00:53:21,6,0,1,0
8jyc2r,2018-05-16 20:42:32,46,r/videos,0,2018-05-17 00:55:25,6,0,1,0
8jyc2r,2018-05-16 20:42:32,46,r/videos,0,2018-05-17 01:31:07,5,2,19,0
8jyc2r,2018-05-16 20:42:32,46,r/videos,0,2018-05-17 04:53:56,6,0,1,0
8jyc2r,2018-05-16 20:42:32,46,r/videos,0,2018-05-17 00:29:29,5,0,15,0
8jyc2r,2018-05-16 20:42:32,46,r/videos,0,2018-05-17 00:40:13,5,0,3,0
8jyc2r,2018-05-16 20:42:32,46,r/videos,0,2018-05-17 00:30:13,5,1,2,0
8jyc2r,2018-05-16 20:42:32,46,r/videos,0,2018-05-17 00:19:19,5,4,3,0
8jyc2r,2018-05-16 20:42:32,46,r/videos,0,2018-05-17 00:31:47,6,1,23,0
8jyc2r,2018-05-16 20:42:32,46,r/videos,0,2018-05-17 00:26:43,6,1,15,0
8jyc2r,2018-05-16 20:42:32,46,r/videos,0,2018-05-17 01:20:59,7,0,3,0
8jyc2r,2018-05-16 20:42:32,46,r/videos,0,2018-05-17 00:41:51,6,1,7,0
8jyc2r,2018-05-16 20:42:32,46,r/videos,0,2018-05-17 00:41:55,5,0,1,0
8jyc2r,2018-05-16 20:42:32,46,r/videos,0,2018-05-17 00:44:44,5,0,1,0
8jyc2r,2018-05-16 20:42:32,46,r/videos,0,2018-05-17 00:44:59,5,0,1,0
8jyc2r,2018-05-16 20:42:32,46,r/videos,0,2018-05-17 00:14:43,4,5,75,0
8jyc2r,2018-05-16 20:42:32,46,r/videos,0,2018-05-17 00:20:07,5,1,5,0
8jyc2r,2018-05-16 20:42:32,46,r/videos,0,2018-05-17 00:52:45,6,2,19,0
8jyc2r,2018-05-16 20:42:32,46,r/videos,0,2018-05-17 03:35:31,7,1,3,0
8jyc2r,2018-05-16 20:42:32,46,r/videos,0,2018-05-17 03:00:28,5,0,2,0
8jyc2r,2018-05-16 20:42:32,46,r/videos,0,2018-05-17 03:58:35,5,0,1,0
8jyc2r,2018-05-16 20:42:32,46,r/videos,0,2018-05-17 04:26:20,5,0,1,0
8jyc2r,2018-05-16 20:42:32,46,r/videos,0,2018-05-17 00:28:42,4,1,20,0
8jyc2r,2018-05-16 20:42:32,46,r/videos,0,2018-05-17 04:18:39,5,1,1,0
8jyc2r,2018-05-16 20:42:32,46,r/videos,0,2018-05-17 00:12:31,4,0,19,0
8jyc2r,2018-05-16 20:42:32,46,r/videos,0,2018-05-17 00:27:07,4,2,7,0
8jyc2r,2018-05-16 20:42:32,46,r/videos,0,2018-05-17 02:42:30,5,0,2,0
8jyc2r,2018-05-16 20:42:32,46,r/videos,0,2018-05-17 03:05:23,5,0,2,0
8jyc2r,2018-05-16 20:42:32,46,r/videos,0,2018-05-17 00:27:11,4,4,41,0
8jyc2r,2018-05-16 20:42:32,46,r/videos,0,2018-05-17 00:42:54,5,2,18,0
8jyc2r,2018-05-16 20:42:32,46,r/videos,0,2018-05-17 03:13:12,6,1,23,0
8jyc2r,2018-05-16 20:42:32,46,r/videos,0,2018-05-17 03:25:43,6,0,12,0
8jyc2r,2018-05-16 20:42:32,46,r/videos,0,2018-05-17 02:55:43,5,0,6,0
8jyc2r,2018-05-16 20:42:32,46,r/videos,0,2018-05-17 04:19:03,5,0,1,0
8jyc2r,2018-05-16 20:42:32,46,r/videos,0,2018-05-17 00:33:09,4,0,2,0
8jyc2r,2018-05-16 20:42:32,46,r/videos,0,2018-05-17 00:44:03,4,0,2,0
8jyc2r,2018-05-16 20:42:32,46,r/videos,0,2018-05-17 00:44:41,4,0,2,0
8jyc2r,2018-05-16 20:42:32,46,r/videos,0,2018-05-17 00:27:59,4,0,1,0
8jyc2r,2018-05-16 20:42:32,46,r/videos,0,2018-05-17 00:29:02,4,0,1,0
8jyc2r,2018-05-16 20:42:32,46,r/videos,0,2018-05-17 00:39:46,4,0,1,0
8jyc2r,2018-05-16 20:42:32,46,r/videos,0,2018-05-17 00:41:32,4,1,1,0
8jyc2r,2018-05-16 20:42:32,46,r/videos,0,2018-05-17 03:31:20,5,0,2,0
8jyc2r,2018-05-16 20:42:32,46,r/videos,0,2018-05-17 00:42:59,4,0,1,0
8jyc2r,2018-05-16 20:42:32,46,r/videos,0,2018-05-17 00:50:07,4,0,1,0
8jyc2r,2018-05-16 20:42:32,46,r/videos,0,2018-05-17 00:51:51,4,0,1,0
8jyc2r,2018-05-16 20:42:32,46,r/videos,0,2018-05-17 00:21:05,3,5,253,0
8jyc2r,2018-05-16 20:42:32,46,r/videos,0,2018-05-17 01:20:48,4,2,95,0
8jyc2r,2018-05-16 20:42:32,46,r/videos,0,2018-05-17 02:56:50,5,3,52,0
8jyc2r,2018-05-16 20:42:32,46,r/videos,0,2018-05-17 03:59:20,6,1,1,0
8jyc2r,2018-05-16 20:42:32,46,r/videos,0,2018-05-17 04:09:35,7,1,1,0
8jyc2r,2018-05-16 20:42:32,46,r/videos,0,2018-05-17 03:57:24,6,0,1,0
8jyc2r,2018-05-16 20:42:32,46,r/videos,0,2018-05-17 03:57:53,5,0,1,0
8jyc2r,2018-05-16 20:42:32,46,r/videos,0,2018-05-17 02:20:56,4,0,2,0
8jyc2r,2018-05-16 20:42:32,46,r/videos,0,2018-05-17 03:16:01,4,1,2,0
8jyc2r,2018-05-16 20:42:32,46,r/videos,0,2018-05-17 03:15:19,4,0,4,0
8jyc2r,2018-05-16 20:42:32,46,r/videos,0,2018-05-17 00:23:26,3,5,86,0
8jyc2r,2018-05-16 20:42:32,46,r/videos,0,2018-05-17 01:11:22,4,1,19,0
8jyc2r,2018-05-16 20:42:32,46,r/videos,0,2018-05-17 01:08:47,4,0,9,0
8jyc2r,2018-05-16 20:42:32,46,r/videos,0,2018-05-17 01:39:21,4,1,6,0
8jyc2r,2018-05-16 20:42:32,46,r/videos,0,2018-05-17 03:24:34,5,1,2,0
8jyc2r,2018-05-16 20:42:32,46,r/videos,0,2018-05-17 01:45:36,4,0,6,0
8jyc2r,2018-05-16 20:42:32,46,r/videos,0,2018-05-17 00:32:15,3,0,22,0
8jyc2r,2018-05-16 20:42:32,46,r/videos,0,2018-05-17 00:15:50,3,1,12,0
8jyc2r,2018-05-16 20:42:32,46,r/videos,0,2018-05-17 02:53:42,4,1,3,0
8jyc2r,2018-05-16 20:42:32,46,r/videos,0,2018-05-17 04:13:57,5,0,1,0
8jyc2r,2018-05-16 20:42:32,46,r/videos,0,2018-05-17 00:33:28,3,0,10,0
8jyc2r,2018-05-16 20:42:32,46,r/videos,0,2018-05-17 00:59:08,3,2,26,0
8jyc2r,2018-05-16 20:42:32,46,r/videos,0,2018-05-17 01:19:51,4,1,8,0
8jyc2r,2018-05-16 20:42:32,46,r/videos,0,2018-05-17 01:18:11,3,1,5,0
8jyc2r,2018-05-16 20:42:32,46,r/videos,0,2018-05-16 23:55:44,3,4,48,0
8jyc2r,2018-05-16 20:42:32,46,r/videos,0,2018-05-17 00:06:26,4,7,123,0
8jyc2r,2018-05-16 20:42:32,46,r/videos,0,2018-05-17 00:46:31,5,3,54,0
8jyc2r,2018-05-16 20:42:32,46,r/videos,0,2018-05-17 02:20:14,6,0,8,0
8jyc2r,2018-05-16 20:42:32,46,r/videos,0,2018-05-17 03:49:37,6,0,2,0
8jyc2r,2018-05-16 20:42:32,46,r/videos,0,2018-05-17 00:52:49,5,1,13,0
8jyc2r,2018-05-16 20:42:32,46,r/videos,0,2018-05-17 01:03:21,6,1,5,0
8jyc2r,2018-05-16 20:42:32,46,r/videos,0,2018-05-17 00:36:20,5,1,5,0
8jyc2r,2018-05-16 20:42:32,46,r/videos,0,2018-05-17 00:50:06,6,1,6,0
8jyc2r,2018-05-16 20:42:32,46,r/videos,0,2018-05-17 03:00:23,5,0,2,0
8jyc2r,2018-05-16 20:42:32,46,r/videos,0,2018-05-17 04:25:06,5,0,1,0
8jyc2r,2018-05-16 20:42:32,46,r/videos,0,2018-05-17 04:34:22,5,0,1,0
8jyc2r,2018-05-16 20:42:32,46,r/videos,0,2018-05-16 23:56:41,4,11,33,0
8jyc2r,2018-05-16 20:42:32,46,r/videos,0,2018-05-17 00:00:01,5,4,58,0
8jyc2r,2018-05-16 20:42:32,46,r/videos,0,2018-05-17 00:02:18,6,3,55,0
8jyc2r,2018-05-16 20:42:32,46,r/videos,0,2018-05-17 00:03:11,7,0,18,0
8jyc2r,2018-05-16 20:42:32,46,r/videos,0,2018-05-17 00:11:10,7,0,7,0
8jyc2r,2018-05-16 20:42:32,46,r/videos,0,2018-05-17 00:50:29,6,0,11,0
8jyc2r,2018-05-16 20:42:32,46,r/videos,0,2018-05-17 00:03:12,6,0,3,0
8jyc2r,2018-05-16 20:42:32,46,r/videos,0,2018-05-17 00:03:04,5,4,20,0
8jyc2r,2018-05-16 20:42:32,46,r/videos,0,2018-05-17 00:08:55,6,2,67,0
8jyc2r,2018-05-16 20:42:32,46,r/videos,0,2018-05-17 00:14:29,7,1,23,0
8jyc2r,2018-05-16 20:42:32,46,r/videos,0,2018-05-17 01:10:41,8,1,5,0
8jyc2r,2018-05-16 20:42:32,46,r/videos,0,2018-05-17 02:30:51,9,0,2,0
8jyc2r,2018-05-16 20:42:32,46,r/videos,0,2018-05-17 00:39:19,7,0,5,0
8jyc2r,2018-05-16 20:42:32,46,r/videos,0,2018-05-17 00:07:05,6,0,5,0
8jyc2r,2018-05-16 20:42:32,46,r/videos,0,2018-05-17 03:39:51,6,0,2,0
8jyc2r,2018-05-16 20:42:32,46,r/videos,0,2018-05-17 00:00:53,5,0,3,0
8jyc2r,2018-05-16 20:42:32,46,r/videos,0,2018-05-17 00:10:21,5,0,3,0
8jyc2r,2018-05-16 20:42:32,46,r/videos,0,2018-05-17 00:02:06,5,0,2,0
8jyc2r,2018-05-16 20:42:32,46,r/videos,0,2018-05-17 02:38:39,5,0,2,0
8jyc2r,2018-05-16 20:42:32,46,r/videos,0,2018-05-17 00:08:52,5,0,1,0
8jyc2r,2018-05-16 20:42:32,46,r/videos,0,2018-05-17 00:11:45,5,0,1,0
8jyc2r,2018-05-16 20:42:32,46,r/videos,0,2018-05-17 00:14:00,5,0,1,0
8jyc2r,2018-05-16 20:42:32,46,r/videos,0,2018-05-17 00:19:47,5,0,1,0
8jyc2r,2018-05-16 20:42:32,46,r/videos,0,2018-05-17 00:10:41,4,6,34,0
8jyc2r,2018-05-16 20:42:32,46,r/videos,0,2018-05-17 00:34:57,5,0,12,0
8jyc2r,2018-05-16 20:42:32,46,r/videos,0,2018-05-17 00:52:09,5,0,6,0
8jyc2r,2018-05-16 20:42:32,46,r/videos,0,2018-05-17 00:15:30,5,0,12,0
8jyc2r,2018-05-16 20:42:32,46,r/videos,0,2018-05-17 00:34:45,5,0,2,0
8jyc2r,2018-05-16 20:42:32,46,r/videos,0,2018-05-17 00:46:41,5,0,1,0
8jyc2r,2018-05-16 20:42:32,46,r/videos,0,2018-05-17 00:50:39,3,0,2,0
8jyc2r,2018-05-16 20:42:32,46,r/videos,0,2018-05-17 01:45:51,3,0,2,0
8jyc2r,2018-05-16 20:42:32,46,r/videos,0,2018-05-17 02:54:54,3,0,2,0
8jyc2r,2018-05-16 20:42:32,46,r/videos,0,2018-05-17 00:44:04,3,0,1,0
8jyc2r,2018-05-16 20:42:32,46,r/videos,0,2018-05-17 02:03:03,2,2,37,0
8jyc2r,2018-05-16 20:42:32,46,r/videos,0,2018-05-17 02:55:12,3,0,7,0
8jyc2r,2018-05-16 20:42:32,46,r/videos,0,2018-05-17 02:45:29,2,3,31,0
8jyc2r,2018-05-16 20:42:32,46,r/videos,0,2018-05-17 02:54:38,3,1,12,0
8jyc2r,2018-05-16 20:42:32,46,r/videos,0,2018-05-17 03:35:30,4,2,12,0
8jyc2r,2018-05-16 20:42:32,46,r/videos,0,2018-05-17 04:09:45,5,0,1,0
8jyc2r,2018-05-16 20:42:32,46,r/videos,0,2018-05-17 04:04:47,3,0,1,0
8jyc2r,2018-05-16 20:42:32,46,r/videos,0,2018-05-16 22:41:41,1,3,112,0
8jyc2r,2018-05-16 20:42:32,46,r/videos,0,2018-05-16 23:55:29,2,4,72,0
8jyc2r,2018-05-16 20:42:32,46,r/videos,0,2018-05-17 00:12:26,3,5,62,0
8jyc2r,2018-05-16 20:42:32,46,r/videos,0,2018-05-17 00:31:21,4,1,30,0
8jyc2r,2018-05-16 20:42:32,46,r/videos,0,2018-05-17 01:34:46,5,1,8,0
8jyc2r,2018-05-16 20:42:32,46,r/videos,0,2018-05-17 00:39:16,4,1,5,0
8jyc2r,2018-05-16 20:42:32,46,r/videos,0,2018-05-17 01:08:26,4,0,3,0
8jyc2r,2018-05-16 20:42:32,46,r/videos,0,2018-05-17 03:32:19,4,0,2,0
8jyc2r,2018-05-16 20:42:32,46,r/videos,0,2018-05-17 00:08:42,3,1,10,0
8jyc2r,2018-05-16 20:42:32,46,r/videos,0,2018-05-17 00:17:58,3,0,1,0
8jyc2r,2018-05-16 20:42:32,46,r/videos,0,2018-05-17 00:22:58,2,0,1,0
8jyc2r,2018-05-16 20:42:32,46,r/videos,0,2018-05-17 00:30:34,1,1,2,0
8jyc2r,2018-05-16 20:42:32,46,r/videos,0,2018-05-17 03:54:36,2,0,1,0
8jyc2r,2018-05-16 20:42:32,46,r/videos,1,2018-05-16 21:31:45,0,8,1170,0
8jyc2r,2018-05-16 20:42:32,46,r/videos,1,2018-05-16 21:41:37,1,10,569,0
8jyc2r,2018-05-16 20:42:32,46,r/videos,1,2018-05-16 21:47:03,2,6,227,0
8jyc2r,2018-05-16 20:42:32,46,r/videos,1,2018-05-16 22:56:17,3,3,57,0
8jyc2r,2018-05-16 20:42:32,46,r/videos,1,2018-05-16 23:46:32,4,0,27,0
8jyc2r,2018-05-16 20:42:32,46,r/videos,1,2018-05-17 01:03:54,4,0,2,0
8jyc2r,2018-05-16 20:42:32,46,r/videos,1,2018-05-17 00:01:37,3,0,8,0
8jyc2r,2018-05-16 20:42:32,46,r/videos,1,2018-05-17 00:55:24,3,0,5,0
8jyc2r,2018-05-16 20:42:32,46,r/videos,1,2018-05-17 01:09:23,3,0,2,0
8jyc2r,2018-05-16 20:42:32,46,r/videos,1,2018-05-17 01:26:53,3,1,2,0
8jyc2r,2018-05-16 20:42:32,46,r/videos,1,2018-05-17 00:16:50,2,0,35,0
8jyc2r,2018-05-16 20:42:32,46,r/videos,1,2018-05-16 23:04:25,2,0,8,0
8jyc2r,2018-05-16 20:42:32,46,r/videos,1,2018-05-16 23:39:19,2,0,10,0
8jyc2r,2018-05-16 20:42:32,46,r/videos,1,2018-05-17 01:14:49,2,0,2,0
8jyc2r,2018-05-16 20:42:32,46,r/videos,1,2018-05-17 01:25:32,2,1,2,0
8jyc2r,2018-05-16 20:42:32,46,r/videos,1,2018-05-17 01:26:35,2,0,2,0
8jyc2r,2018-05-16 20:42:32,46,r/videos,1,2018-05-16 22:15:55,2,0,1,0
8jyc2r,2018-05-16 20:42:32,46,r/videos,1,2018-05-17 00:03:03,2,1,1,0
8jyc2r,2018-05-16 20:42:32,46,r/videos,1,2018-05-17 00:18:54,3,0,1,0
8jyc2r,2018-05-16 20:42:32,46,r/videos,1,2018-05-16 22:02:16,1,3,84,0
8jyc2r,2018-05-16 20:42:32,46,r/videos,1,2018-05-16 22:11:27,2,1,40,0
8jyc2r,2018-05-16 20:42:32,46,r/videos,1,2018-05-16 23:51:30,3,3,78,0
8jyc2r,2018-05-16 20:42:32,46,r/videos,1,2018-05-16 23:56:11,4,2,55,0
8jyc2r,2018-05-16 20:42:32,46,r/videos,1,2018-05-17 00:18:55,5,2,16,0
8jyc2r,2018-05-16 20:42:32,46,r/videos,1,2018-05-17 02:38:25,6,0,2,0
8jyc2r,2018-05-16 20:42:32,46,r/videos,1,2018-05-17 00:10:36,4,1,2,0
8jyc2r,2018-05-16 20:42:32,46,r/videos,1,2018-05-16 22:35:33,2,0,1,0
8jyc2r,2018-05-16 20:42:32,46,r/videos,1,2018-05-17 00:45:12,1,1,9,0
8jyc2r,2018-05-16 20:42:32,46,r/videos,1,2018-05-17 04:14:13,2,0,1,0
8jyc2r,2018-05-16 20:42:32,46,r/videos,1,2018-05-17 00:41:23,1,2,18,0
8jyc2r,2018-05-16 20:42:32,46,r/videos,1,2018-05-17 04:38:28,2,0,1,0
8jyc2r,2018-05-16 20:42:32,46,r/videos,1,2018-05-16 22:59:00,1,1,2,0
8jyc2r,2018-05-16 20:42:32,46,r/videos,1,2018-05-17 03:11:35,1,1,2,0
8jyc2r,2018-05-16 20:42:32,46,r/videos,1,2018-05-16 22:32:19,1,0,1,0
8jyc2r,2018-05-16 20:42:32,46,r/videos,2,2018-05-16 21:21:22,0,3,863,0
8jyc2r,2018-05-16 20:42:32,46,r/videos,2,2018-05-17 01:48:45,1,2,185,0
8jyc2r,2018-05-16 20:42:32,46,r/videos,2,2018-05-17 03:56:48,2,1,1,0
8jyc2r,2018-05-16 20:42:32,46,r/videos,2,2018-05-17 02:35:42,2,0,22,0
8jyc2r,2018-05-16 20:42:32,46,r/videos,2,2018-05-17 00:54:34,1,1,20,0
8jyc2r,2018-05-16 20:42:32,46,r/videos,2,2018-05-17 01:16:58,2,0,14,0
8jyc2r,2018-05-16 20:42:32,46,r/videos,3,2018-05-16 21:06:51,0,4,136,0
8jyc2r,2018-05-16 20:42:32,46,r/videos,3,2018-05-16 22:37:37,1,3,50,0
8jyc2r,2018-05-16 20:42:32,46,r/videos,3,2018-05-17 01:44:22,2,3,13,0
8jyc2r,2018-05-16 20:42:32,46,r/videos,3,2018-05-17 03:21:26,3,2,3,0
8jyc2r,2018-05-16 20:42:32,46,r/videos,3,2018-05-17 04:09:59,4,0,1,0
8jyc2r,2018-05-16 20:42:32,46,r/videos,3,2018-05-17 02:42:34,3,1,2,0
8jyc2r,2018-05-16 20:42:32,46,r/videos,3,2018-05-17 04:06:09,3,1,1,0
8jyc2r,2018-05-16 20:42:32,46,r/videos,3,2018-05-17 04:28:09,4,0,1,0
8jyc2r,2018-05-16 20:42:32,46,r/videos,3,2018-05-17 03:09:35,2,0,2,0
8jyc2r,2018-05-16 20:42:32,46,r/videos,3,2018-05-17 00:58:49,1,0,11,0
8jyc2r,2018-05-16 20:42:32,46,r/videos,3,2018-05-17 00:01:11,1,0,1,0
8jyc2r,2018-05-16 20:42:32,46,r/videos,4,2018-05-17 01:35:43,0,1,29,0
8jyc2r,2018-05-16 20:42:32,46,r/videos,5,2018-05-16 22:54:59,0,8,251,0
8jyc2r,2018-05-16 20:42:32,46,r/videos,5,2018-05-16 23:20:55,1,1,106,0
8jyc2r,2018-05-16 20:42:32,46,r/videos,5,2018-05-16 23:42:06,2,3,15,0
8jyc2r,2018-05-16 20:42:32,46,r/videos,5,2018-05-17 00:56:32,3,1,11,0
8jyc2r,2018-05-16 20:42:32,46,r/videos,5,2018-05-17 01:54:59,4,2,2,0
8jyc2r,2018-05-16 20:42:32,46,r/videos,5,2018-05-17 03:06:36,5,1,2,0
8jyc2r,2018-05-16 20:42:32,46,r/videos,5,2018-05-17 04:05:17,6,0,1,0
8jyc2r,2018-05-16 20:42:32,46,r/videos,5,2018-05-17 02:50:21,3,0,3,0
8jyc2r,2018-05-16 20:42:32,46,r/videos,5,2018-05-17 03:47:48,3,1,2,0
8jyc2r,2018-05-16 20:42:32,46,r/videos,5,2018-05-17 04:04:52,4,0,1,0
8jyc2r,2018-05-16 20:42:32,46,r/videos,5,2018-05-17 00:18:13,1,1,17,0
8jyc2r,2018-05-16 20:42:32,46,r/videos,5,2018-05-17 03:58:19,2,0,1,0
8jyc2r,2018-05-16 20:42:32,46,r/videos,5,2018-05-16 23:57:10,1,2,63,0
8jyc2r,2018-05-16 20:42:32,46,r/videos,5,2018-05-17 03:17:49,2,0,3,0
8jyc2r,2018-05-16 20:42:32,46,r/videos,5,2018-05-17 01:51:53,1,0,10,0
8jyc2r,2018-05-16 20:42:32,46,r/videos,5,2018-05-17 01:09:22,1,0,3,0
8jyc2r,2018-05-16 20:42:32,46,r/videos,5,2018-05-17 01:06:09,1,0,2,0
8jyc2r,2018-05-16 20:42:32,46,r/videos,5,2018-05-17 05:03:34,1,1,1,0
8jyc2r,2018-05-16 20:42:32,46,r/videos,6,2018-05-16 21:34:59,0,2,266,0
8jyc2r,2018-05-16 20:42:32,46,r/videos,6,2018-05-16 22:10:54,1,9,146,0
8jyc2r,2018-05-16 20:42:32,46,r/videos,6,2018-05-16 22:23:57,2,25,461,0
8jyc2r,2018-05-16 20:42:32,46,r/videos,6,2018-05-16 22:26:01,3,16,485,0
8jyc2r,2018-05-16 20:42:32,46,r/videos,6,2018-05-16 22:30:12,4,6,242,0
8jyc2r,2018-05-16 20:42:32,46,r/videos,6,2018-05-16 23:05:06,5,1,52,0
8jyc2r,2018-05-16 20:42:32,46,r/videos,6,2018-05-17 01:17:37,6,2,17,0
8jyc2r,2018-05-16 20:42:32,46,r/videos,6,2018-05-17 01:43:18,7,0,12,0
8jyc2r,2018-05-16 20:42:32,46,r/videos,6,2018-05-16 23:06:23,5,6,89,0
8jyc2r,2018-05-16 20:42:32,46,r/videos,6,2018-05-16 23:43:19,6,5,27,0
8jyc2r,2018-05-16 20:42:32,46,r/videos,6,2018-05-16 23:46:36,7,2,24,0
8jyc2r,2018-05-16 20:42:32,46,r/videos,6,2018-05-17 00:04:15,8,0,34,0
8jyc2r,2018-05-16 20:42:32,46,r/videos,6,2018-05-17 00:18:10,8,1,4,0
8jyc2r,2018-05-16 20:42:32,46,r/videos,6,2018-05-17 01:03:09,9,0,5,0
8jyc2r,2018-05-16 20:42:32,46,r/videos,6,2018-05-16 23:47:57,7,0,8,0
8jyc2r,2018-05-16 20:42:32,46,r/videos,6,2018-05-16 23:50:07,7,1,2,0
8jyc2r,2018-05-16 20:42:32,46,r/videos,6,2018-05-17 00:43:21,8,0,1,0
8jyc2r,2018-05-16 20:42:32,46,r/videos,6,2018-05-17 04:07:06,7,0,1,0
8jyc2r,2018-05-16 20:42:32,46,r/videos,6,2018-05-17 01:43:04,6,0,3,0
8jyc2r,2018-05-16 20:42:32,46,r/videos,6,2018-05-17 03:14:03,6,0,2,0
8jyc2r,2018-05-16 20:42:32,46,r/videos,6,2018-05-16 23:53:10,6,0,1,0
8jyc2r,2018-05-16 20:42:32,46,r/videos,6,2018-05-17 00:42:54,6,1,1,0
8jyc2r,2018-05-16 20:42:32,46,r/videos,6,2018-05-16 23:29:07,5,0,3,0
8jyc2r,2018-05-16 20:42:32,46,r/videos,6,2018-05-16 22:35:09,5,7,11,0
8jyc2r,2018-05-16 20:42:32,46,r/videos,6,2018-05-16 22:38:19,6,6,51,0
8jyc2r,2018-05-16 20:42:32,46,r/videos,6,2018-05-16 23:30:33,7,2,7,0
8jyc2r,2018-05-16 20:42:32,46,r/videos,6,2018-05-16 23:57:31,8,2,3,0
8jyc2r,2018-05-16 20:42:32,46,r/videos,6,2018-05-17 00:02:35,9,1,1,0
8jyc2r,2018-05-16 20:42:32,46,r/videos,6,2018-05-16 23:44:58,8,0,1,0
8jyc2r,2018-05-16 20:42:32,46,r/videos,6,2018-05-16 22:56:16,7,2,12,0
8jyc2r,2018-05-16 20:42:32,46,r/videos,6,2018-05-16 23:00:27,8,2,7,0
8jyc2r,2018-05-16 20:42:32,46,r/videos,6,2018-05-16 23:54:41,9,0,1,0
8jyc2r,2018-05-16 20:42:32,46,r/videos,6,2018-05-16 23:57:35,8,0,1,0
8jyc2r,2018-05-16 20:42:32,46,r/videos,6,2018-05-16 22:43:37,7,2,3,0
8jyc2r,2018-05-16 20:42:32,46,r/videos,6,2018-05-16 22:48:44,8,0,2,0
8jyc2r,2018-05-16 20:42:32,46,r/videos,6,2018-05-17 00:02:01,8,0,1,0
8jyc2r,2018-05-16 20:42:32,46,r/videos,6,2018-05-16 23:10:50,7,1,1,0
8jyc2r,2018-05-16 20:42:32,46,r/videos,6,2018-05-16 23:18:48,8,0,6,0
8jyc2r,2018-05-16 20:42:32,46,r/videos,6,2018-05-16 23:19:00,7,0,1,0
8jyc2r,2018-05-16 20:42:32,46,r/videos,6,2018-05-16 23:03:23,6,0,3,0
8jyc2r,2018-05-16 20:42:32,46,r/videos,6,2018-05-16 23:21:38,6,1,2,0
8jyc2r,2018-05-16 20:42:32,46,r/videos,6,2018-05-17 00:37:32,7,0,1,0
8jyc2r,2018-05-16 20:42:32,46,r/videos,6,2018-05-16 23:18:28,6,1,1,0
8jyc2r,2018-05-16 20:42:32,46,r/videos,6,2018-05-16 23:23:40,7,0,3,0
8jyc2r,2018-05-16 20:42:32,46,r/videos,6,2018-05-16 23:28:40,6,0,1,0
8jyc2r,2018-05-16 20:42:32,46,r/videos,6,2018-05-17 00:49:52,6,0,1,0
8jyc2r,2018-05-16 20:42:32,46,r/videos,6,2018-05-16 23:59:10,5,0,1,0
8jyc2r,2018-05-16 20:42:32,46,r/videos,6,2018-05-16 22:54:40,4,2,23,0
8jyc2r,2018-05-16 20:42:32,46,r/videos,6,2018-05-17 00:50:21,5,0,5,0
8jyc2r,2018-05-16 20:42:32,46,r/videos,6,2018-05-16 22:42:54,4,2,17,0
8jyc2r,2018-05-16 20:42:32,46,r/videos,6,2018-05-16 22:48:04,5,1,28,0
8jyc2r,2018-05-16 20:42:32,46,r/videos,6,2018-05-16 22:53:39,6,1,9,0
8jyc2r,2018-05-16 20:42:32,46,r/videos,6,2018-05-16 23:28:28,7,0,2,0
8jyc2r,2018-05-16 20:42:32,46,r/videos,6,2018-05-16 23:18:21,5,0,3,0
8jyc2r,2018-05-16 20:42:32,46,r/videos,6,2018-05-16 23:49:59,4,0,4,0
8jyc2r,2018-05-16 20:42:32,46,r/videos,6,2018-05-16 22:56:18,4,0,14,0
8jyc2r,2018-05-16 20:42:32,46,r/videos,6,2018-05-16 23:45:25,4,0,1,0
8jyc2r,2018-05-16 20:42:32,46,r/videos,6,2018-05-16 23:54:58,4,0,1,0
8jyc2r,2018-05-16 20:42:32,46,r/videos,6,2018-05-16 23:56:27,4,0,1,0
8jyc2r,2018-05-16 20:42:32,46,r/videos,6,2018-05-17 00:05:49,4,0,1,0
8jyc2r,2018-05-16 20:42:32,46,r/videos,6,2018-05-17 00:22:47,4,0,1,0
8jyc2r,2018-05-16 20:42:32,46,r/videos,6,2018-05-17 00:26:37,4,0,1,0
8jyc2r,2018-05-16 20:42:32,46,r/videos,6,2018-05-17 00:28:57,4,0,1,0
8jyc2r,2018-05-16 20:42:32,46,r/videos,6,2018-05-17 00:39:44,4,0,1,0
8jyc2r,2018-05-16 20:42:32,46,r/videos,6,2018-05-17 00:49:30,4,0,1,0
8jyc2r,2018-05-16 20:42:32,46,r/videos,6,2018-05-17 00:55:31,4,0,1,0
8jyc2r,2018-05-16 20:42:32,46,r/videos,6,2018-05-16 22:27:23,3,2,67,0
8jyc2r,2018-05-16 20:42:32,46,r/videos,6,2018-05-16 23:49:33,4,0,12,0
8jyc2r,2018-05-16 20:42:32,46,r/videos,6,2018-05-16 22:32:18,4,0,3,0
8jyc2r,2018-05-16 20:42:32,46,r/videos,6,2018-05-16 22:26:32,3,2,10,0
8jyc2r,2018-05-16 20:42:32,46,r/videos,6,2018-05-16 22:29:06,4,1,5,0
8jyc2r,2018-05-16 20:42:32,46,r/videos,6,2018-05-16 22:35:01,5,2,8,0
8jyc2r,2018-05-16 20:42:32,46,r/videos,6,2018-05-16 22:36:51,6,0,1,0
8jyc2r,2018-05-16 20:42:32,46,r/videos,6,2018-05-16 22:59:28,4,0,3,0
8jyc2r,2018-05-16 20:42:32,46,r/videos,6,2018-05-16 23:14:54,3,0,12,0
8jyc2r,2018-05-16 20:42:32,46,r/videos,6,2018-05-16 22:41:08,3,0,4,0
8jyc2r,2018-05-16 20:42:32,46,r/videos,6,2018-05-16 22:26:09,3,0,10,0
8jyc2r,2018-05-16 20:42:32,46,r/videos,6,2018-05-16 22:24:45,3,0,4,0
8jyc2r,2018-05-16 20:42:32,46,r/videos,6,2018-05-16 22:55:20,3,1,6,0
8jyc2r,2018-05-16 20:42:32,46,r/videos,6,2018-05-17 00:28:26,4,0,1,0
8jyc2r,2018-05-16 20:42:32,46,r/videos,6,2018-05-16 22:37:46,3,1,21,0
8jyc2r,2018-05-16 20:42:32,46,r/videos,6,2018-05-16 22:36:57,3,1,3,0
8jyc2r,2018-05-16 20:42:32,46,r/videos,6,2018-05-16 22:37:59,4,0,2,0
8jyc2r,2018-05-16 20:42:32,46,r/videos,6,2018-05-16 22:32:16,3,0,1,0
8jyc2r,2018-05-16 20:42:32,46,r/videos,6,2018-05-16 22:49:27,3,0,1,0
8jyc2r,2018-05-16 20:42:32,46,r/videos,6,2018-05-16 22:53:42,3,0,1,0
8jyc2r,2018-05-16 20:42:32,46,r/videos,6,2018-05-16 23:14:50,3,0,1,0
8jyc2r,2018-05-16 20:42:32,46,r/videos,6,2018-05-16 23:17:06,3,0,1,0
8jyc2r,2018-05-16 20:42:32,46,r/videos,6,2018-05-16 23:25:06,3,0,1,0
8jyc2r,2018-05-16 20:42:32,46,r/videos,6,2018-05-16 23:34:38,3,0,1,0
8jyc2r,2018-05-16 20:42:32,46,r/videos,6,2018-05-16 23:39:44,3,0,1,0
8jyc2r,2018-05-16 20:42:32,46,r/videos,6,2018-05-17 00:07:52,3,0,1,0
8jyc2r,2018-05-16 20:42:32,46,r/videos,6,2018-05-17 00:11:47,3,0,1,0
8jyc2r,2018-05-16 20:42:32,46,r/videos,6,2018-05-17 00:13:32,3,0,1,0
8jyc2r,2018-05-16 20:42:32,46,r/videos,6,2018-05-17 00:17:09,3,0,1,0
8jyc2r,2018-05-16 20:42:32,46,r/videos,6,2018-05-17 00:26:11,3,0,1,0
8jyc2r,2018-05-16 20:42:32,46,r/videos,6,2018-05-17 00:41:37,3,0,1,0
8jyc2r,2018-05-16 20:42:32,46,r/videos,6,2018-05-16 23:29:11,2,0,7,0
8jyc2r,2018-05-16 20:42:32,46,r/videos,6,2018-05-16 22:27:28,2,2,8,0
8jyc2r,2018-05-16 20:42:32,46,r/videos,6,2018-05-16 23:13:04,3,0,5,0
8jyc2r,2018-05-16 20:42:32,46,r/videos,6,2018-05-16 23:03:26,2,0,2,0
8jyc2r,2018-05-16 20:42:32,46,r/videos,6,2018-05-16 23:33:45,2,0,1,0
8jyc2r,2018-05-16 20:42:32,46,r/videos,6,2018-05-16 23:35:39,2,0,1,0
8jyc2r,2018-05-16 20:42:32,46,r/videos,6,2018-05-16 23:47:53,2,0,1,0
8jyc2r,2018-05-16 20:42:32,46,r/videos,6,2018-05-17 00:13:50,2,0,1,0
8jyc2r,2018-05-16 20:42:32,46,r/videos,6,2018-05-16 23:49:35,1,0,1,0
8jyc2r,2018-05-16 20:42:32,46,r/videos,7,2018-05-16 23:50:38,0,2,42,0
8jyc2r,2018-05-16 20:42:32,46,r/videos,7,2018-05-17 03:01:59,1,2,21,0
8jyc2r,2018-05-16 20:42:32,46,r/videos,7,2018-05-17 04:38:02,2,0,1,0
8jyc2r,2018-05-16 20:42:32,46,r/videos,8,2018-05-16 22:48:25,0,5,77,0
8jyc2r,2018-05-16 20:42:32,46,r/videos,8,2018-05-17 01:00:19,1,2,27,0
8jyc2r,2018-05-16 20:42:32,46,r/videos,8,2018-05-17 04:36:55,2,0,1,0
8jyc2r,2018-05-16 20:42:32,46,r/videos,8,2018-05-17 04:49:35,2,0,1,0
8jyc2r,2018-05-16 20:42:32,46,r/videos,8,2018-05-17 02:08:14,1,0,3,0
8jyc2r,2018-05-16 20:42:32,46,r/videos,8,2018-05-16 23:27:19,1,1,2,0
8jyc2r,2018-05-16 20:42:32,46,r/videos,8,2018-05-17 02:37:56,1,1,2,0
8jyc2r,2018-05-16 20:42:32,46,r/videos,9,2018-05-17 00:59:16,0,1,39,0
8jyc2r,2018-05-16 20:42:32,46,r/videos,9,2018-05-17 03:50:26,1,0,3,0
8jyc2r,2018-05-16 20:42:32,46,r/videos,10,2018-05-16 22:27:20,0,7,353,0
8jyc2r,2018-05-16 20:42:32,46,r/videos,10,2018-05-17 01:11:44,1,4,159,0
8jyc2r,2018-05-16 20:42:32,46,r/videos,10,2018-05-17 02:47:11,2,0,54,0
8jyc2r,2018-05-16 20:42:32,46,r/videos,10,2018-05-17 01:13:14,2,2,11,0
8jyc2r,2018-05-16 20:42:32,46,r/videos,10,2018-05-17 02:58:09,3,4,10,0
8jyc2r,2018-05-16 20:42:32,46,r/videos,10,2018-05-17 02:59:51,4,0,7,0
8jyc2r,2018-05-16 20:42:32,46,r/videos,10,2018-05-17 04:02:19,4,1,1,0
8jyc2r,2018-05-16 20:42:32,46,r/videos,10,2018-05-17 04:14:00,5,0,1,0
8jyc2r,2018-05-16 20:42:32,46,r/videos,10,2018-05-17 03:05:54,4,2,7,0
8jyc2r,2018-05-16 20:42:32,46,r/videos,10,2018-05-17 03:08:08,5,1,3,0
8jyc2r,2018-05-16 20:42:32,46,r/videos,10,2018-05-17 03:30:21,6,1,2,0
8jyc2r,2018-05-16 20:42:32,46,r/videos,10,2018-05-17 03:48:46,7,0,5,0
8jyc2r,2018-05-16 20:42:32,46,r/videos,10,2018-05-17 04:40:53,4,1,1,0
8jyc2r,2018-05-16 20:42:32,46,r/videos,10,2018-05-17 02:15:53,3,0,3,0
8jyc2r,2018-05-16 20:42:32,46,r/videos,10,2018-05-17 03:25:23,2,1,6,0
8jyc2r,2018-05-16 20:42:32,46,r/videos,10,2018-05-16 22:34:54,1,2,286,0
8jyc2r,2018-05-16 20:42:32,46,r/videos,10,2018-05-16 23:14:05,2,2,86,0
8jyc2r,2018-05-16 20:42:32,46,r/videos,10,2018-05-17 01:00:18,3,2,84,0
8jyc2r,2018-05-16 20:42:32,46,r/videos,10,2018-05-17 03:00:27,4,2,56,0
8jyc2r,2018-05-16 20:42:32,46,r/videos,10,2018-05-17 03:06:10,5,0,13,0
8jyc2r,2018-05-16 20:42:32,46,r/videos,10,2018-05-17 02:51:10,3,0,10,0
8jyc2r,2018-05-16 20:42:32,46,r/videos,10,2018-05-17 00:42:31,1,1,16,0
8jyc2r,2018-05-16 20:42:32,46,r/videos,10,2018-05-17 00:07:38,1,4,96,0
8jyc2r,2018-05-16 20:42:32,46,r/videos,10,2018-05-17 00:53:33,2,2,51,0
8jyc2r,2018-05-16 20:42:32,46,r/videos,10,2018-05-17 02:48:25,3,0,1,0
8jyc2r,2018-05-16 20:42:32,46,r/videos,10,2018-05-17 01:18:41,2,2,4,0
8jyc2r,2018-05-16 20:42:32,46,r/videos,10,2018-05-17 01:32:33,3,0,3,0
8jyc2r,2018-05-16 20:42:32,46,r/videos,10,2018-05-17 01:19:17,2,1,13,0
8jyc2r,2018-05-16 20:42:32,46,r/videos,10,2018-05-17 01:31:49,3,1,16,0
8jyc2r,2018-05-16 20:42:32,46,r/videos,10,2018-05-16 23:02:45,1,2,6,0
8jyc2r,2018-05-16 20:42:32,46,r/videos,10,2018-05-17 03:35:08,2,0,6,0
8jyc2r,2018-05-16 20:42:32,46,r/videos,10,2018-05-17 00:16:27,1,0,1,0
8jyc2r,2018-05-16 20:42:32,46,r/videos,11,2018-05-16 23:41:11,0,1,8,0
8jyc2r,2018-05-16 20:42:32,46,r/videos,12,2018-05-17 00:49:22,0,0,7,0
8jyc2r,2018-05-16 20:42:32,46,r/videos,13,2018-05-16 23:38:14,0,2,15,0
8jyc2r,2018-05-16 20:42:32,46,r/videos,13,2018-05-17 02:49:10,1,0,5,0
8jyc2r,2018-05-16 20:42:32,46,r/videos,14,2018-05-16 22:40:37,0,0,20,0
8jyc2r,2018-05-16 20:42:32,46,r/videos,15,2018-05-17 02:02:05,0,1,28,0
8jyc2r,2018-05-16 20:42:32,46,r/videos,15,2018-05-17 03:34:51,1,0,7,0
8jyc2r,2018-05-16 20:42:32,46,r/videos,16,2018-05-16 23:35:28,0,1,18,0
8jyc2r,2018-05-16 20:42:32,46,r/videos,17,2018-05-16 21:16:00,0,1,31,0
8jyc2r,2018-05-16 20:42:32,46,r/videos,17,2018-05-17 04:17:08,1,0,1,0
8jyc2r,2018-05-16 20:42:32,46,r/videos,18,2018-05-16 23:12:17,0,0,10,0
8jyc2r,2018-05-16 20:42:32,46,r/videos,19,2018-05-17 02:49:40,0,0,5,0
8jyc2r,2018-05-16 20:42:32,46,r/videos,20,2018-05-17 02:51:45,0,1,5,0
8jyc2r,2018-05-16 20:42:32,46,r/videos,21,2018-05-16 23:10:47,0,0,3,0
8jyc2r,2018-05-16 20:42:32,46,r/videos,22,2018-05-17 00:43:43,0,0,4,0
8jyc2r,2018-05-16 20:42:32,46,r/videos,23,2018-05-17 04:25:56,0,1,1,0
8jyc2r,2018-05-16 20:42:32,46,r/videos,23,2018-05-17 04:27:50,1,1,1,0
8jyc2r,2018-05-16 20:42:32,46,r/videos,24,2018-05-17 01:17:51,0,1,6,0
8jyc2r,2018-05-16 20:42:32,46,r/videos,24,2018-05-17 01:18:31,1,1,7,0
8jyc2r,2018-05-16 20:42:32,46,r/videos,24,2018-05-17 01:21:24,2,0,4,0
8jyc2r,2018-05-16 20:42:32,46,r/videos,25,2018-05-17 00:30:31,0,0,3,0
8jyc2r,2018-05-16 20:42:32,46,r/videos,26,2018-05-17 03:24:05,0,0,3,0
8jyc2r,2018-05-16 20:42:32,46,r/videos,27,2018-05-17 00:01:02,0,0,2,0
8jyc2r,2018-05-16 20:42:32,46,r/videos,28,2018-05-17 01:19:14,0,0,2,0
8jyc2r,2018-05-16 20:42:32,46,r/videos,29,2018-05-17 02:53:43,0,0,2,0
8jyc2r,2018-05-16 20:42:32,46,r/videos,30,2018-05-17 03:16:59,0,1,2,0
8jyc2r,2018-05-16 20:42:32,46,r/videos,31,2018-05-17 03:41:56,0,0,2,0
8jyc2r,2018-05-16 20:42:32,46,r/videos,32,2018-05-17 03:49:07,0,0,2,0
8jyc2r,2018-05-16 20:42:32,46,r/videos,33,2018-05-17 04:09:02,0,0,1,0
8jyc2r,2018-05-16 20:42:32,46,r/videos,34,2018-05-17 04:23:11,0,1,1,0
8jyc2r,2018-05-16 20:42:32,46,r/videos,35,2018-05-17 04:25:16,0,0,1,0
8jyc2r,2018-05-16 20:42:32,46,r/videos,36,2018-05-17 05:07:13,0,0,1,0
8jyc2r,2018-05-16 20:42:32,46,r/videos,37,2018-05-17 00:39:06,0,0,5,0
8jyc2r,2018-05-16 20:42:32,46,r/videos,38,2018-05-17 00:55:25,0,0,1,0
8jyc2r,2018-05-16 20:42:32,46,r/videos,39,2018-05-17 03:01:49,0,0,3,0
8jyc2r,2018-05-16 20:42:32,46,r/videos,40,2018-05-17 00:27:50,0,1,11,0
8jyc2r,2018-05-16 20:42:32,46,r/videos,41,2018-05-17 00:30:19,0,3,8,0
8jyc2r,2018-05-16 20:42:32,46,r/videos,41,2018-05-17 04:20:25,1,0,1,0
8jyc2r,2018-05-16 20:42:32,46,r/videos,41,2018-05-17 03:22:35,1,1,4,0
8jyc2r,2018-05-16 20:42:32,46,r/videos,42,2018-05-16 23:06:58,0,3,6,0
8jyc2r,2018-05-16 20:42:32,46,r/videos,42,2018-05-17 00:36:05,1,0,42,0
8jyc2r,2018-05-16 20:42:32,46,r/videos,42,2018-05-17 00:04:55,1,1,0,0
8jyc2r,2018-05-16 20:42:32,46,r/videos,43,2018-05-17 01:35:54,0,0,5,0
8jyc2r,2018-05-16 20:42:32,46,r/videos,44,2018-05-16 23:59:15,0,1,4,0
8jyc2r,2018-05-16 20:42:32,46,r/videos,45,2018-05-16 23:33:20,0,0,3,0
8jyc2r,2018-05-16 20:42:32,46,r/videos,46,2018-05-17 01:23:07,0,0,4,0
8jyc2r,2018-05-16 20:42:32,46,r/videos,47,2018-05-17 03:37:49,0,0,2,0
8jyc2r,2018-05-16 20:42:32,46,r/videos,48,2018-05-17 00:29:40,0,2,3,0
8jyc2r,2018-05-16 20:42:32,46,r/videos,48,2018-05-17 02:31:40,1,0,2,0
8jyc2r,2018-05-16 20:42:32,46,r/videos,49,2018-05-17 01:26:03,0,0,2,0
8jyc2r,2018-05-16 20:42:32,46,r/videos,50,2018-05-17 02:38:41,0,1,1,0
8jyc2r,2018-05-16 20:42:32,46,r/videos,51,2018-05-16 22:11:58,0,2,-5,0
8jyc2r,2018-05-16 20:42:32,46,r/videos,51,2018-05-17 00:07:59,1,1,16,0
8jyc2r,2018-05-16 20:42:32,46,r/videos,51,2018-05-17 04:50:25,2,0,1,0
8jyc2r,2018-05-16 20:42:32,46,r/videos,51,2018-05-17 04:18:43,1,0,1,0
8jyc2r,2018-05-16 20:42:32,46,r/videos,52,2018-05-16 22:41:16,0,1,1,0
8jyc2r,2018-05-16 20:42:32,46,r/videos,52,2018-05-16 23:15:11,1,0,2,0
8jyc2r,2018-05-16 20:42:32,46,r/videos,53,2018-05-16 23:29:29,0,0,1,0
8jyc2r,2018-05-16 20:42:32,46,r/videos,54,2018-05-16 23:37:49,0,0,1,0
8jyc2r,2018-05-16 20:42:32,46,r/videos,55,2018-05-16 23:39:10,0,1,1,0
8jyc2r,2018-05-16 20:42:32,46,r/videos,55,2018-05-17 00:10:50,1,0,2,0
8jyc2r,2018-05-16 20:42:32,46,r/videos,56,2018-05-16 23:56:40,0,0,1,0
8jyc2r,2018-05-16 20:42:32,46,r/videos,57,2018-05-17 00:49:34,0,0,1,0
8jyc2r,2018-05-16 20:42:32,46,r/videos,58,2018-05-17 00:54:37,0,0,1,0
8jxxwb,2018-05-16 19:52:40,47,r/BlueMidterm2018,0,2018-05-16 22:09:14,0,1,1,0
8jxxwb,2018-05-16 19:52:40,47,r/BlueMidterm2018,1,2018-05-16 19:56:13,0,9,2034,0
8jxxwb,2018-05-16 19:52:40,47,r/BlueMidterm2018,1,2018-05-16 20:11:35,1,6,772,0
8jxxwb,2018-05-16 19:52:40,47,r/BlueMidterm2018,1,2018-05-16 20:49:06,2,4,374,0
8jxxwb,2018-05-16 19:52:40,47,r/BlueMidterm2018,1,2018-05-16 20:54:36,3,1,285,0
8jxxwb,2018-05-16 19:52:40,47,r/BlueMidterm2018,1,2018-05-16 21:03:09,4,4,158,0
8jxxwb,2018-05-16 19:52:40,47,r/BlueMidterm2018,1,2018-05-16 22:08:01,5,3,73,0
8jxxwb,2018-05-16 19:52:40,47,r/BlueMidterm2018,1,2018-05-16 22:11:07,6,3,81,0
8jxxwb,2018-05-16 19:52:40,47,r/BlueMidterm2018,1,2018-05-16 22:49:57,7,0,40,0
8jxxwb,2018-05-16 19:52:40,47,r/BlueMidterm2018,1,2018-05-16 22:50:45,7,5,22,0
8jxxwb,2018-05-16 19:52:40,47,r/BlueMidterm2018,1,2018-05-16 23:08:53,8,1,17,0
8jxxwb,2018-05-16 19:52:40,47,r/BlueMidterm2018,1,2018-05-17 02:31:58,9,0,1,0
8jxxwb,2018-05-16 19:52:40,47,r/BlueMidterm2018,1,2018-05-17 02:23:45,8,0,1,0
8jxxwb,2018-05-16 19:52:40,47,r/BlueMidterm2018,1,2018-05-16 23:29:53,8,1,7,0
8jxxwb,2018-05-16 19:52:40,47,r/BlueMidterm2018,1,2018-05-17 01:11:26,9,0,1,0
8jxxwb,2018-05-16 19:52:40,47,r/BlueMidterm2018,1,2018-05-17 00:16:13,8,1,1,0
8jxxwb,2018-05-16 19:52:40,47,r/BlueMidterm2018,1,2018-05-17 00:51:33,9,0,1,0
8jxxwb,2018-05-16 19:52:40,47,r/BlueMidterm2018,1,2018-05-17 01:30:26,8,0,1,0
8jxxwb,2018-05-16 19:52:40,47,r/BlueMidterm2018,1,2018-05-16 22:51:09,7,1,2,0
8jxxwb,2018-05-16 19:52:40,47,r/BlueMidterm2018,1,2018-05-17 01:24:49,8,0,1,0
8jxxwb,2018-05-16 19:52:40,47,r/BlueMidterm2018,1,2018-05-16 23:19:42,6,0,7,0
8jxxwb,2018-05-16 19:52:40,47,r/BlueMidterm2018,1,2018-05-16 23:24:06,6,0,1,0
8jxxwb,2018-05-16 19:52:40,47,r/BlueMidterm2018,1,2018-05-16 22:36:02,5,2,6,0
8jxxwb,2018-05-16 19:52:40,47,r/BlueMidterm2018,1,2018-05-16 22:51:41,6,1,7,0
8jxxwb,2018-05-16 19:52:40,47,r/BlueMidterm2018,1,2018-05-17 01:24:39,7,0,1,0
8jxxwb,2018-05-16 19:52:40,47,r/BlueMidterm2018,1,2018-05-17 01:01:48,6,1,1,0
8jxxwb,2018-05-16 19:52:40,47,r/BlueMidterm2018,1,2018-05-17 01:26:38,7,0,1,0
8jxxwb,2018-05-16 19:52:40,47,r/BlueMidterm2018,1,2018-05-17 01:41:35,5,1,1,0
8jxxwb,2018-05-16 19:52:40,47,r/BlueMidterm2018,1,2018-05-16 21:44:56,3,1,49,0
8jxxwb,2018-05-16 19:52:40,47,r/BlueMidterm2018,1,2018-05-16 22:14:16,4,0,26,0
8jxxwb,2018-05-16 19:52:40,47,r/BlueMidterm2018,1,2018-05-16 22:12:05,3,0,5,0
8jxxwb,2018-05-16 19:52:40,47,r/BlueMidterm2018,1,2018-05-16 22:28:18,3,0,5,0
8jxxwb,2018-05-16 19:52:40,47,r/BlueMidterm2018,1,2018-05-16 21:56:17,2,0,27,0
8jxxwb,2018-05-16 19:52:40,47,r/BlueMidterm2018,1,2018-05-17 00:12:22,2,0,7,0
8jxxwb,2018-05-16 19:52:40,47,r/BlueMidterm2018,1,2018-05-16 23:16:01,2,0,2,0
8jxxwb,2018-05-16 19:52:40,47,r/BlueMidterm2018,1,2018-05-16 23:25:22,2,0,2,0
8jxxwb,2018-05-16 19:52:40,47,r/BlueMidterm2018,1,2018-05-17 00:52:13,2,0,1,0
8jxxwb,2018-05-16 19:52:40,47,r/BlueMidterm2018,1,2018-05-16 20:43:31,1,5,189,0
8jxxwb,2018-05-16 19:52:40,47,r/BlueMidterm2018,1,2018-05-16 20:48:20,2,3,238,0
8jxxwb,2018-05-16 19:52:40,47,r/BlueMidterm2018,1,2018-05-16 22:12:33,3,2,76,0
8jxxwb,2018-05-16 19:52:40,47,r/BlueMidterm2018,1,2018-05-17 00:12:27,4,0,19,0
8jxxwb,2018-05-16 19:52:40,47,r/BlueMidterm2018,1,2018-05-16 22:34:14,4,1,29,0
8jxxwb,2018-05-16 19:52:40,47,r/BlueMidterm2018,1,2018-05-16 22:50:24,5,1,18,0
8jxxwb,2018-05-16 19:52:40,47,r/BlueMidterm2018,1,2018-05-17 00:51:24,6,0,1,0
8jxxwb,2018-05-16 19:52:40,47,r/BlueMidterm2018,1,2018-05-16 20:59:25,3,1,142,0
8jxxwb,2018-05-16 19:52:40,47,r/BlueMidterm2018,1,2018-05-16 23:36:24,4,1,56,0
8jxxwb,2018-05-16 19:52:40,47,r/BlueMidterm2018,1,2018-05-17 00:19:53,5,1,0,0
8jxxwb,2018-05-16 19:52:40,47,r/BlueMidterm2018,1,2018-05-17 00:36:10,6,0,1,0
8jxxwb,2018-05-16 19:52:40,47,r/BlueMidterm2018,1,2018-05-16 21:19:44,3,0,36,0
8jxxwb,2018-05-16 19:52:40,47,r/BlueMidterm2018,1,2018-05-16 22:34:07,2,0,28,0
8jxxwb,2018-05-16 19:52:40,47,r/BlueMidterm2018,1,2018-05-16 20:53:03,2,0,8,0
8jxxwb,2018-05-16 19:52:40,47,r/BlueMidterm2018,1,2018-05-16 21:37:21,2,0,4,0
8jxxwb,2018-05-16 19:52:40,47,r/BlueMidterm2018,1,2018-05-17 00:55:13,2,0,1,0
8jxxwb,2018-05-16 19:52:40,47,r/BlueMidterm2018,1,2018-05-16 20:11:09,1,1,73,0
8jxxwb,2018-05-16 19:52:40,47,r/BlueMidterm2018,1,2018-05-16 20:13:40,2,1,74,0
8jxxwb,2018-05-16 19:52:40,47,r/BlueMidterm2018,1,2018-05-16 21:01:39,3,2,48,0
8jxxwb,2018-05-16 19:52:40,47,r/BlueMidterm2018,1,2018-05-16 23:05:14,4,0,4,0
8jxxwb,2018-05-16 19:52:40,47,r/BlueMidterm2018,1,2018-05-16 22:55:20,4,1,13,0
8jxxwb,2018-05-16 19:52:40,47,r/BlueMidterm2018,1,2018-05-16 23:31:41,1,1,14,0
8jxxwb,2018-05-16 19:52:40,47,r/BlueMidterm2018,1,2018-05-16 23:32:41,2,2,8,0
8jxxwb,2018-05-16 19:52:40,47,r/BlueMidterm2018,1,2018-05-17 02:11:34,3,0,1,0
8jxxwb,2018-05-16 19:52:40,47,r/BlueMidterm2018,1,2018-05-16 21:28:42,1,3,41,0
8jxxwb,2018-05-16 19:52:40,47,r/BlueMidterm2018,1,2018-05-16 22:39:01,2,1,27,0
8jxxwb,2018-05-16 19:52:40,47,r/BlueMidterm2018,1,2018-05-17 01:04:45,3,1,1,0
8jxxwb,2018-05-16 19:52:40,47,r/BlueMidterm2018,1,2018-05-17 00:46:35,2,0,1,0
8jxxwb,2018-05-16 19:52:40,47,r/BlueMidterm2018,1,2018-05-16 22:09:48,2,0,12,0
8jxxwb,2018-05-16 19:52:40,47,r/BlueMidterm2018,1,2018-05-16 21:36:32,1,4,23,0
8jxxwb,2018-05-16 19:52:40,47,r/BlueMidterm2018,1,2018-05-16 21:53:53,2,1,35,0
8jxxwb,2018-05-16 19:52:40,47,r/BlueMidterm2018,1,2018-05-17 00:32:47,3,0,1,0
8jxxwb,2018-05-16 19:52:40,47,r/BlueMidterm2018,1,2018-05-17 01:16:44,2,0,1,0
8jxxwb,2018-05-16 19:52:40,47,r/BlueMidterm2018,1,2018-05-17 00:18:58,2,0,2,0
8jxxwb,2018-05-16 19:52:40,47,r/BlueMidterm2018,1,2018-05-16 23:50:39,2,0,1,0
8jxxwb,2018-05-16 19:52:40,47,r/BlueMidterm2018,1,2018-05-17 00:18:54,1,0,2,0
8jxxwb,2018-05-16 19:52:40,47,r/BlueMidterm2018,1,2018-05-17 01:20:37,1,0,1,0
8jxxwb,2018-05-16 19:52:40,47,r/BlueMidterm2018,2,2018-05-16 20:15:43,0,4,901,0
8jxxwb,2018-05-16 19:52:40,47,r/BlueMidterm2018,2,2018-05-16 20:16:35,1,4,416,0
8jxxwb,2018-05-16 19:52:40,47,r/BlueMidterm2018,2,2018-05-16 20:57:39,2,1,67,0
8jxxwb,2018-05-16 19:52:40,47,r/BlueMidterm2018,2,2018-05-16 22:43:03,3,1,16,0
8jxxwb,2018-05-16 19:52:40,47,r/BlueMidterm2018,2,2018-05-16 23:13:42,4,1,7,0
8jxxwb,2018-05-16 19:52:40,47,r/BlueMidterm2018,2,2018-05-17 00:18:37,5,1,7,0
8jxxwb,2018-05-16 19:52:40,47,r/BlueMidterm2018,2,2018-05-17 01:09:23,6,0,1,0
8jxxwb,2018-05-16 19:52:40,47,r/BlueMidterm2018,2,2018-05-16 23:00:21,2,1,11,0
8jxxwb,2018-05-16 19:52:40,47,r/BlueMidterm2018,2,2018-05-16 23:10:00,3,2,7,0
8jxxwb,2018-05-16 19:52:40,47,r/BlueMidterm2018,2,2018-05-17 00:14:43,4,0,2,0
8jxxwb,2018-05-16 19:52:40,47,r/BlueMidterm2018,2,2018-05-16 23:58:10,4,1,1,0
8jxxwb,2018-05-16 19:52:40,47,r/BlueMidterm2018,2,2018-05-17 00:01:23,5,0,1,0
8jxxwb,2018-05-16 19:52:40,47,r/BlueMidterm2018,2,2018-05-16 22:14:09,2,1,11,0
8jxxwb,2018-05-16 19:52:40,47,r/BlueMidterm2018,2,2018-05-16 22:27:42,1,0,25,0
8jxxwb,2018-05-16 19:52:40,47,r/BlueMidterm2018,2,2018-05-17 00:51:14,1,0,1,0
8jxxwb,2018-05-16 19:52:40,47,r/BlueMidterm2018,2,2018-05-16 23:56:34,1,1,2,0
8jxxwb,2018-05-16 19:52:40,47,r/BlueMidterm2018,2,2018-05-17 00:08:35,2,0,2,0
8jxxwb,2018-05-16 19:52:40,47,r/BlueMidterm2018,3,2018-05-16 20:29:48,0,5,590,0
8jxxwb,2018-05-16 19:52:40,47,r/BlueMidterm2018,3,2018-05-16 20:49:35,1,3,181,0
8jxxwb,2018-05-16 19:52:40,47,r/BlueMidterm2018,3,2018-05-16 20:52:55,2,1,111,0
8jxxwb,2018-05-16 19:52:40,47,r/BlueMidterm2018,3,2018-05-16 21:42:20,3,1,113,0
8jxxwb,2018-05-16 19:52:40,47,r/BlueMidterm2018,3,2018-05-16 21:55:13,4,1,29,0
8jxxwb,2018-05-16 19:52:40,47,r/BlueMidterm2018,3,2018-05-17 00:00:34,5,1,9,0
8jxxwb,2018-05-16 19:52:40,47,r/BlueMidterm2018,3,2018-05-17 00:04:34,6,1,2,0
8jxxwb,2018-05-16 19:52:40,47,r/BlueMidterm2018,3,2018-05-17 00:10:46,7,0,5,0
8jxxwb,2018-05-16 19:52:40,47,r/BlueMidterm2018,3,2018-05-16 20:53:17,2,2,10,0
8jxxwb,2018-05-16 19:52:40,47,r/BlueMidterm2018,3,2018-05-16 21:07:43,3,0,21,0
8jxxwb,2018-05-16 19:52:40,47,r/BlueMidterm2018,3,2018-05-17 03:33:54,3,0,1,0
8jxxwb,2018-05-16 19:52:40,47,r/BlueMidterm2018,3,2018-05-16 21:17:01,2,5,44,0
8jxxwb,2018-05-16 19:52:40,47,r/BlueMidterm2018,3,2018-05-16 21:34:19,3,4,57,0
8jxxwb,2018-05-16 19:52:40,47,r/BlueMidterm2018,3,2018-05-16 22:05:20,4,2,19,0
8jxxwb,2018-05-16 19:52:40,47,r/BlueMidterm2018,3,2018-05-16 23:00:36,5,0,5,0
8jxxwb,2018-05-16 19:52:40,47,r/BlueMidterm2018,3,2018-05-17 00:53:22,4,1,1,0
8jxxwb,2018-05-16 19:52:40,47,r/BlueMidterm2018,3,2018-05-17 01:03:20,5,1,1,0
8jxxwb,2018-05-16 19:52:40,47,r/BlueMidterm2018,3,2018-05-17 01:28:41,6,0,1,0
8jxxwb,2018-05-16 19:52:40,47,r/BlueMidterm2018,3,2018-05-16 22:33:20,4,5,14,0
8jxxwb,2018-05-16 19:52:40,47,r/BlueMidterm2018,3,2018-05-16 23:15:08,5,0,8,0
8jxxwb,2018-05-16 19:52:40,47,r/BlueMidterm2018,3,2018-05-16 23:57:33,5,0,6,0
8jxxwb,2018-05-16 19:52:40,47,r/BlueMidterm2018,3,2018-05-16 23:16:15,5,0,5,0
8jxxwb,2018-05-16 19:52:40,47,r/BlueMidterm2018,3,2018-05-17 01:28:16,5,0,1,0
8jxxwb,2018-05-16 19:52:40,47,r/BlueMidterm2018,3,2018-05-16 22:56:02,4,0,2,0
8jxxwb,2018-05-16 19:52:40,47,r/BlueMidterm2018,3,2018-05-16 21:39:00,3,1,8,0
8jxxwb,2018-05-16 19:52:40,47,r/BlueMidterm2018,3,2018-05-16 23:59:37,4,0,1,0
8jxxwb,2018-05-16 19:52:40,47,r/BlueMidterm2018,3,2018-05-17 00:37:58,3,1,1,0
8jxxwb,2018-05-16 19:52:40,47,r/BlueMidterm2018,3,2018-05-17 01:16:45,4,0,1,0
8jxxwb,2018-05-16 19:52:40,47,r/BlueMidterm2018,3,2018-05-16 22:01:26,3,0,2,0
8jxxwb,2018-05-16 19:52:40,47,r/BlueMidterm2018,3,2018-05-16 21:15:34,1,1,28,0
8jxxwb,2018-05-16 19:52:40,47,r/BlueMidterm2018,3,2018-05-17 00:50:06,2,1,1,0
8jxxwb,2018-05-16 19:52:40,47,r/BlueMidterm2018,3,2018-05-17 01:21:00,3,0,1,0
8jxxwb,2018-05-16 19:52:40,47,r/BlueMidterm2018,3,2018-05-16 23:22:41,1,1,5,0
8jxxwb,2018-05-16 19:52:40,47,r/BlueMidterm2018,3,2018-05-17 01:14:35,2,0,1,0
8jxxwb,2018-05-16 19:52:40,47,r/BlueMidterm2018,3,2018-05-17 01:01:03,1,0,1,0
8jxxwb,2018-05-16 19:52:40,47,r/BlueMidterm2018,4,2018-05-16 19:59:18,0,5,171,0
8jxxwb,2018-05-16 19:52:40,47,r/BlueMidterm2018,4,2018-05-16 20:08:56,1,6,238,0
8jxxwb,2018-05-16 19:52:40,47,r/BlueMidterm2018,4,2018-05-16 20:18:36,2,2,93,0
8jxxwb,2018-05-16 19:52:40,47,r/BlueMidterm2018,4,2018-05-16 23:09:10,3,2,12,0
8jxxwb,2018-05-16 19:52:40,47,r/BlueMidterm2018,4,2018-05-17 00:11:33,4,0,6,0
8jxxwb,2018-05-16 19:52:40,47,r/BlueMidterm2018,4,2018-05-16 20:18:59,2,1,25,0
8jxxwb,2018-05-16 19:52:40,47,r/BlueMidterm2018,4,2018-05-16 20:41:31,3,1,20,0
8jxxwb,2018-05-16 19:52:40,47,r/BlueMidterm2018,4,2018-05-17 00:08:50,4,0,1,0
8jxxwb,2018-05-16 19:52:40,47,r/BlueMidterm2018,4,2018-05-16 20:46:33,2,0,9,0
8jxxwb,2018-05-16 19:52:40,47,r/BlueMidterm2018,4,2018-05-16 20:23:26,2,0,3,0
8jxxwb,2018-05-16 19:52:40,47,r/BlueMidterm2018,4,2018-05-16 23:30:22,2,0,1,0
8jxxwb,2018-05-16 19:52:40,47,r/BlueMidterm2018,4,2018-05-16 23:48:17,2,0,1,0
8jxxwb,2018-05-16 19:52:40,47,r/BlueMidterm2018,4,2018-05-16 23:00:40,1,5,43,0
8jxxwb,2018-05-16 19:52:40,47,r/BlueMidterm2018,4,2018-05-16 23:33:05,2,0,13,0
8jxxwb,2018-05-16 19:52:40,47,r/BlueMidterm2018,4,2018-05-16 23:35:28,2,3,5,0
8jxxwb,2018-05-16 19:52:40,47,r/BlueMidterm2018,4,2018-05-16 23:44:51,3,1,10,0
8jxxwb,2018-05-16 19:52:40,47,r/BlueMidterm2018,4,2018-05-17 00:18:29,3,0,1,0
8jxxwb,2018-05-16 19:52:40,47,r/BlueMidterm2018,4,2018-05-16 23:43:07,2,0,1,0
8jxxwb,2018-05-16 19:52:40,47,r/BlueMidterm2018,4,2018-05-17 01:01:54,2,0,1,0
8jxxwb,2018-05-16 19:52:40,47,r/BlueMidterm2018,4,2018-05-17 00:39:58,1,0,1,0
8jxxwb,2018-05-16 19:52:40,47,r/BlueMidterm2018,4,2018-05-17 01:12:09,1,0,1,0
8jxxwb,2018-05-16 19:52:40,47,r/BlueMidterm2018,4,2018-05-17 01:30:26,1,0,1,0
8jxxwb,2018-05-16 19:52:40,47,r/BlueMidterm2018,5,2018-05-16 20:23:20,0,2,173,0
8jxxwb,2018-05-16 19:52:40,47,r/BlueMidterm2018,5,2018-05-17 03:25:27,1,0,1,0
8jxxwb,2018-05-16 19:52:40,47,r/BlueMidterm2018,6,2018-05-16 20:39:41,0,7,1269,0
8jxxwb,2018-05-16 19:52:40,47,r/BlueMidterm2018,6,2018-05-16 21:10:29,1,9,296,0
8jxxwb,2018-05-16 19:52:40,47,r/BlueMidterm2018,6,2018-05-16 21:23:19,2,2,128,0
8jxxwb,2018-05-16 19:52:40,47,r/BlueMidterm2018,6,2018-05-16 22:48:35,3,1,33,0
8jxxwb,2018-05-16 19:52:40,47,r/BlueMidterm2018,6,2018-05-16 23:05:12,4,0,16,0
8jxxwb,2018-05-16 19:52:40,47,r/BlueMidterm2018,6,2018-05-16 23:40:55,3,0,1,0
8jxxwb,2018-05-16 19:52:40,47,r/BlueMidterm2018,6,2018-05-16 21:24:18,2,0,42,0
8jxxwb,2018-05-16 19:52:40,47,r/BlueMidterm2018,6,2018-05-16 22:26:52,2,1,15,0
8jxxwb,2018-05-16 19:52:40,47,r/BlueMidterm2018,6,2018-05-16 23:17:25,2,0,5,0
8jxxwb,2018-05-16 19:52:40,47,r/BlueMidterm2018,6,2018-05-16 23:20:33,2,0,4,0
8jxxwb,2018-05-16 19:52:40,47,r/BlueMidterm2018,6,2018-05-16 23:16:54,2,0,3,0
8jxxwb,2018-05-16 19:52:40,47,r/BlueMidterm2018,6,2018-05-16 23:31:02,2,0,1,0
8jxxwb,2018-05-16 19:52:40,47,r/BlueMidterm2018,6,2018-05-17 00:33:22,2,1,1,0
8jxxwb,2018-05-16 19:52:40,47,r/BlueMidterm2018,6,2018-05-17 01:39:35,3,0,1,0
8jxxwb,2018-05-16 19:52:40,47,r/BlueMidterm2018,6,2018-05-16 21:13:18,1,0,44,0
8jxxwb,2018-05-16 19:52:40,47,r/BlueMidterm2018,6,2018-05-16 21:21:20,1,2,25,0
8jxxwb,2018-05-16 19:52:40,47,r/BlueMidterm2018,6,2018-05-16 21:46:16,2,0,24,0
8jxxwb,2018-05-16 19:52:40,47,r/BlueMidterm2018,6,2018-05-16 21:38:16,2,3,1,0
8jxxwb,2018-05-16 19:52:40,47,r/BlueMidterm2018,6,2018-05-16 22:04:05,3,1,17,0
8jxxwb,2018-05-16 19:52:40,47,r/BlueMidterm2018,6,2018-05-16 22:18:42,4,3,6,0
8jxxwb,2018-05-16 19:52:40,47,r/BlueMidterm2018,6,2018-05-16 23:27:29,5,0,5,0
8jxxwb,2018-05-16 19:52:40,47,r/BlueMidterm2018,6,2018-05-16 23:36:56,5,0,3,0
8jxxwb,2018-05-16 19:52:40,47,r/BlueMidterm2018,6,2018-05-16 22:26:52,3,0,7,0
8jxxwb,2018-05-16 19:52:40,47,r/BlueMidterm2018,6,2018-05-16 23:47:41,1,0,3,0
8jxxwb,2018-05-16 19:52:40,47,r/BlueMidterm2018,6,2018-05-16 21:50:09,1,1,2,0
8jxxwb,2018-05-16 19:52:40,47,r/BlueMidterm2018,6,2018-05-16 21:59:41,2,1,18,0
8jxxwb,2018-05-16 19:52:40,47,r/BlueMidterm2018,6,2018-05-16 23:31:20,3,1,5,0
8jxxwb,2018-05-16 19:52:40,47,r/BlueMidterm2018,6,2018-05-16 23:45:27,4,1,4,0
8jxxwb,2018-05-16 19:52:40,47,r/BlueMidterm2018,6,2018-05-17 00:50:28,5,0,1,0
8jxxwb,2018-05-16 19:52:40,47,r/BlueMidterm2018,6,2018-05-17 00:11:06,1,0,1,0
8jxxwb,2018-05-16 19:52:40,47,r/BlueMidterm2018,7,2018-05-16 20:56:20,0,2,76,0
8jxxwb,2018-05-16 19:52:40,47,r/BlueMidterm2018,7,2018-05-16 21:08:23,1,1,23,0
8jxxwb,2018-05-16 19:52:40,47,r/BlueMidterm2018,7,2018-05-16 21:28:37,2,2,26,0
8jxxwb,2018-05-16 19:52:40,47,r/BlueMidterm2018,7,2018-05-16 21:50:25,3,1,16,0
8jxxwb,2018-05-16 19:52:40,47,r/BlueMidterm2018,7,2018-05-16 22:24:21,3,1,9,0
8jxxwb,2018-05-16 19:52:40,47,r/BlueMidterm2018,7,2018-05-16 23:09:31,4,0,1,0
8jxxwb,2018-05-16 19:52:40,47,r/BlueMidterm2018,8,2018-05-16 20:48:32,0,4,286,0
8jxxwb,2018-05-16 19:52:40,47,r/BlueMidterm2018,8,2018-05-16 21:16:46,1,1,89,0
8jxxwb,2018-05-16 19:52:40,47,r/BlueMidterm2018,8,2018-05-16 23:52:03,2,2,4,0
8jxxwb,2018-05-16 19:52:40,47,r/BlueMidterm2018,8,2018-05-17 00:28:53,3,0,1,0
8jxxwb,2018-05-16 19:52:40,47,r/BlueMidterm2018,8,2018-05-16 22:29:52,1,0,24,0
8jxxwb,2018-05-16 19:52:40,47,r/BlueMidterm2018,8,2018-05-16 23:34:34,1,0,3,0
8jxxwb,2018-05-16 19:52:40,47,r/BlueMidterm2018,9,2018-05-16 20:17:44,0,3,71,0
8jxxwb,2018-05-16 19:52:40,47,r/BlueMidterm2018,9,2018-05-16 20:30:44,1,1,44,0
8jxxwb,2018-05-16 19:52:40,47,r/BlueMidterm2018,9,2018-05-16 20:35:43,2,2,13,0
8jxxwb,2018-05-16 19:52:40,47,r/BlueMidterm2018,9,2018-05-16 20:43:50,3,0,27,0
8jxxwb,2018-05-16 19:52:40,47,r/BlueMidterm2018,9,2018-05-16 20:44:11,3,0,8,0
8jxxwb,2018-05-16 19:52:40,47,r/BlueMidterm2018,9,2018-05-16 20:59:39,1,0,11,0
8jxxwb,2018-05-16 19:52:40,47,r/BlueMidterm2018,9,2018-05-17 00:38:01,1,0,1,0
8jxxwb,2018-05-16 19:52:40,47,r/BlueMidterm2018,10,2018-05-16 21:48:51,0,3,12,0
8jxxwb,2018-05-16 19:52:40,47,r/BlueMidterm2018,10,2018-05-16 21:51:43,1,2,19,0
8jxxwb,2018-05-16 19:52:40,47,r/BlueMidterm2018,10,2018-05-16 22:56:51,2,1,14,0
8jxxwb,2018-05-16 19:52:40,47,r/BlueMidterm2018,10,2018-05-16 23:25:57,3,1,5,0
8jxxwb,2018-05-16 19:52:40,47,r/BlueMidterm2018,10,2018-05-16 23:33:46,4,0,1,0
8jxxwb,2018-05-16 19:52:40,47,r/BlueMidterm2018,10,2018-05-17 01:48:35,2,1,1,0
8jxxwb,2018-05-16 19:52:40,47,r/BlueMidterm2018,10,2018-05-17 01:50:12,3,1,1,0
8jxxwb,2018-05-16 19:52:40,47,r/BlueMidterm2018,10,2018-05-17 02:11:49,4,1,1,0
8jxxwb,2018-05-16 19:52:40,47,r/BlueMidterm2018,10,2018-05-17 02:13:11,5,0,1,0
8jxxwb,2018-05-16 19:52:40,47,r/BlueMidterm2018,10,2018-05-16 23:42:02,1,1,3,0
8jxxwb,2018-05-16 19:52:40,47,r/BlueMidterm2018,10,2018-05-17 02:17:50,2,1,1,0
8jxxwb,2018-05-16 19:52:40,47,r/BlueMidterm2018,10,2018-05-17 03:41:50,3,0,1,0
8jxxwb,2018-05-16 19:52:40,47,r/BlueMidterm2018,10,2018-05-16 23:44:10,1,0,3,0
8jxxwb,2018-05-16 19:52:40,47,r/BlueMidterm2018,11,2018-05-16 21:06:18,0,4,57,0
8jxxwb,2018-05-16 19:52:40,47,r/BlueMidterm2018,11,2018-05-16 22:23:05,1,0,16,0
8jxxwb,2018-05-16 19:52:40,47,r/BlueMidterm2018,11,2018-05-17 00:39:54,1,0,1,0
8jxxwb,2018-05-16 19:52:40,47,r/BlueMidterm2018,11,2018-05-17 01:14:00,1,0,1,0
8jxxwb,2018-05-16 19:52:40,47,r/BlueMidterm2018,12,2018-05-16 22:45:30,0,0,10,0
8jxxwb,2018-05-16 19:52:40,47,r/BlueMidterm2018,13,2018-05-16 20:24:56,0,0,14,0
8jxxwb,2018-05-16 19:52:40,47,r/BlueMidterm2018,14,2018-05-16 21:26:17,0,0,8,0
8jxxwb,2018-05-16 19:52:40,47,r/BlueMidterm2018,15,2018-05-16 20:39:48,0,2,4,0
8jxxwb,2018-05-16 19:52:40,47,r/BlueMidterm2018,15,2018-05-16 21:18:15,1,0,3,0
8jxxwb,2018-05-16 19:52:40,47,r/BlueMidterm2018,15,2018-05-17 01:26:25,1,0,1,0
8jxxwb,2018-05-16 19:52:40,47,r/BlueMidterm2018,16,2018-05-16 21:35:11,0,1,6,0
8jxxwb,2018-05-16 19:52:40,47,r/BlueMidterm2018,16,2018-05-17 00:22:39,1,0,1,0
8jxxwb,2018-05-16 19:52:40,47,r/BlueMidterm2018,17,2018-05-16 22:35:51,0,0,6,0
8jxxwb,2018-05-16 19:52:40,47,r/BlueMidterm2018,18,2018-05-17 01:27:47,0,0,1,0
8jxxwb,2018-05-16 19:52:40,47,r/BlueMidterm2018,19,2018-05-17 01:33:11,0,0,1,0
8jxxwb,2018-05-16 19:52:40,47,r/BlueMidterm2018,20,2018-05-16 21:08:21,0,0,7,0
8jxxwb,2018-05-16 19:52:40,47,r/BlueMidterm2018,21,2018-05-16 20:17:32,0,1,3,0
8jxxwb,2018-05-16 19:52:40,47,r/BlueMidterm2018,21,2018-05-16 20:19:01,1,1,5,0
8jxxwb,2018-05-16 19:52:40,47,r/BlueMidterm2018,21,2018-05-16 20:34:16,2,2,4,0
8jxxwb,2018-05-16 19:52:40,47,r/BlueMidterm2018,21,2018-05-16 23:27:21,3,1,3,0
8jxxwb,2018-05-16 19:52:40,47,r/BlueMidterm2018,21,2018-05-16 23:59:59,4,1,1,0
8jxxwb,2018-05-16 19:52:40,47,r/BlueMidterm2018,21,2018-05-17 01:30:31,5,0,1,0
8jxxwb,2018-05-16 19:52:40,47,r/BlueMidterm2018,21,2018-05-16 20:57:46,3,2,1,0
8jxxwb,2018-05-16 19:52:40,47,r/BlueMidterm2018,21,2018-05-16 21:16:04,4,1,4,0
8jxxwb,2018-05-16 19:52:40,47,r/BlueMidterm2018,21,2018-05-16 21:18:26,5,1,1,0
8jxxwb,2018-05-16 19:52:40,47,r/BlueMidterm2018,21,2018-05-16 21:30:03,6,0,5,0
8jxxwb,2018-05-16 19:52:40,47,r/BlueMidterm2018,21,2018-05-16 21:18:44,4,0,3,0
8jxxwb,2018-05-16 19:52:40,47,r/BlueMidterm2018,22,2018-05-16 22:21:46,0,1,5,0
8jxxwb,2018-05-16 19:52:40,47,r/BlueMidterm2018,22,2018-05-16 22:24:34,1,1,6,0
8jxxwb,2018-05-16 19:52:40,47,r/BlueMidterm2018,22,2018-05-17 03:43:16,2,1,1,0
8jxxwb,2018-05-16 19:52:40,47,r/BlueMidterm2018,22,2018-05-17 03:45:39,3,1,1,0
8jxxwb,2018-05-16 19:52:40,47,r/BlueMidterm2018,22,2018-05-17 03:47:43,4,1,1,0
8jxxwb,2018-05-16 19:52:40,47,r/BlueMidterm2018,22,2018-05-17 03:49:13,5,0,1,0
8jxxwb,2018-05-16 19:52:40,47,r/BlueMidterm2018,23,2018-05-16 22:58:55,0,0,4,0
8jxxwb,2018-05-16 19:52:40,47,r/BlueMidterm2018,24,2018-05-16 20:58:39,0,0,7,0
8jxxwb,2018-05-16 19:52:40,47,r/BlueMidterm2018,25,2018-05-16 21:06:27,0,2,20,0
8jxxwb,2018-05-16 19:52:40,47,r/BlueMidterm2018,25,2018-05-16 21:08:53,1,2,9,0
8jxxwb,2018-05-16 19:52:40,47,r/BlueMidterm2018,25,2018-05-16 21:56:44,2,1,7,0
8jxxwb,2018-05-16 19:52:40,47,r/BlueMidterm2018,25,2018-05-17 01:24:37,2,1,1,0
8jxxwb,2018-05-16 19:52:40,47,r/BlueMidterm2018,25,2018-05-17 01:29:23,3,0,1,0
8jxxwb,2018-05-16 19:52:40,47,r/BlueMidterm2018,25,2018-05-17 01:16:53,1,1,1,0
8jxxwb,2018-05-16 19:52:40,47,r/BlueMidterm2018,25,2018-05-17 01:26:33,2,0,1,0
8jxxwb,2018-05-16 19:52:40,47,r/BlueMidterm2018,26,2018-05-16 20:25:36,0,0,3,0
8jxxwb,2018-05-16 19:52:40,47,r/BlueMidterm2018,27,2018-05-16 20:57:54,0,1,3,0
8jxxwb,2018-05-16 19:52:40,47,r/BlueMidterm2018,27,2018-05-17 01:34:08,1,0,1,0
8jxxwb,2018-05-16 19:52:40,47,r/BlueMidterm2018,28,2018-05-16 20:58:23,0,3,3,0
8jxxwb,2018-05-16 19:52:40,47,r/BlueMidterm2018,28,2018-05-16 21:05:06,1,0,2,0
8jxxwb,2018-05-16 19:52:40,47,r/BlueMidterm2018,28,2018-05-17 01:38:04,1,0,1,0
8jxxwb,2018-05-16 19:52:40,47,r/BlueMidterm2018,29,2018-05-16 21:49:25,0,1,3,0
8jxxwb,2018-05-16 19:52:40,47,r/BlueMidterm2018,29,2018-05-17 01:38:24,1,0,1,0
8jxxwb,2018-05-16 19:52:40,47,r/BlueMidterm2018,30,2018-05-16 22:24:10,0,0,3,0
8jxxwb,2018-05-16 19:52:40,47,r/BlueMidterm2018,31,2018-05-16 22:32:43,0,0,3,0
8jxxwb,2018-05-16 19:52:40,47,r/BlueMidterm2018,32,2018-05-16 23:28:46,0,0,3,0
8jxxwb,2018-05-16 19:52:40,47,r/BlueMidterm2018,33,2018-05-16 23:29:42,0,0,3,0
8jxxwb,2018-05-16 19:52:40,47,r/BlueMidterm2018,34,2018-05-16 23:55:09,0,0,3,0
8jxxwb,2018-05-16 19:52:40,47,r/BlueMidterm2018,35,2018-05-16 23:56:09,0,0,3,0
8jxxwb,2018-05-16 19:52:40,47,r/BlueMidterm2018,36,2018-05-16 23:56:47,0,0,3,0
8jxxwb,2018-05-16 19:52:40,47,r/BlueMidterm2018,37,2018-05-16 21:23:16,0,0,3,0
8jxxwb,2018-05-16 19:52:40,47,r/BlueMidterm2018,38,2018-05-16 20:49:18,0,0,7,0
8jxxwb,2018-05-16 19:52:40,47,r/BlueMidterm2018,39,2018-05-16 21:03:48,0,0,2,0
8jxxwb,2018-05-16 19:52:40,47,r/BlueMidterm2018,40,2018-05-16 21:44:51,0,0,2,0
8jxxwb,2018-05-16 19:52:40,47,r/BlueMidterm2018,41,2018-05-16 21:58:13,0,0,2,0
8jxxwb,2018-05-16 19:52:40,47,r/BlueMidterm2018,42,2018-05-16 22:12:01,0,0,2,0
8jxxwb,2018-05-16 19:52:40,47,r/BlueMidterm2018,43,2018-05-16 22:27:45,0,0,2,0
8jxxwb,2018-05-16 19:52:40,47,r/BlueMidterm2018,44,2018-05-16 22:27:52,0,0,2,0
8jxxwb,2018-05-16 19:52:40,47,r/BlueMidterm2018,45,2018-05-16 22:29:06,0,0,2,0
8jxxwb,2018-05-16 19:52:40,47,r/BlueMidterm2018,46,2018-05-16 22:42:04,0,0,2,0
8jxxwb,2018-05-16 19:52:40,47,r/BlueMidterm2018,47,2018-05-16 22:57:47,0,0,2,0
8jxxwb,2018-05-16 19:52:40,47,r/BlueMidterm2018,48,2018-05-16 22:58:31,0,0,2,0
8jxxwb,2018-05-16 19:52:40,47,r/BlueMidterm2018,49,2018-05-16 22:58:53,0,0,2,0
8jxxwb,2018-05-16 19:52:40,47,r/BlueMidterm2018,50,2018-05-16 22:59:36,0,0,2,0
8jxxwb,2018-05-16 19:52:40,47,r/BlueMidterm2018,51,2018-05-16 23:01:51,0,0,2,0
8jxxwb,2018-05-16 19:52:40,47,r/BlueMidterm2018,52,2018-05-16 23:02:16,0,0,2,0
8jxxwb,2018-05-16 19:52:40,47,r/BlueMidterm2018,53,2018-05-16 23:06:31,0,0,2,0
8jxxwb,2018-05-16 19:52:40,47,r/BlueMidterm2018,54,2018-05-16 23:25:25,0,0,2,0
8jxxwb,2018-05-16 19:52:40,47,r/BlueMidterm2018,55,2018-05-17 00:40:46,0,0,1,0
8jxxwb,2018-05-16 19:52:40,47,r/BlueMidterm2018,56,2018-05-17 01:10:40,0,0,1,0
8jxxwb,2018-05-16 19:52:40,47,r/BlueMidterm2018,57,2018-05-17 01:23:26,0,0,1,0
8jxxwb,2018-05-16 19:52:40,47,r/BlueMidterm2018,58,2018-05-17 01:27:23,0,0,1,0
8jxxwb,2018-05-16 19:52:40,47,r/BlueMidterm2018,59,2018-05-17 01:32:27,0,0,1,0
8jxxwb,2018-05-16 19:52:40,47,r/BlueMidterm2018,60,2018-05-17 02:06:32,0,0,1,0
8jxxwb,2018-05-16 19:52:40,47,r/BlueMidterm2018,61,2018-05-16 22:30:15,0,2,6,0
8jxxwb,2018-05-16 19:52:40,47,r/BlueMidterm2018,61,2018-05-16 22:47:37,1,0,5,0
8jxxwb,2018-05-16 19:52:40,47,r/BlueMidterm2018,62,2018-05-16 22:12:42,0,0,4,0
8jxxwb,2018-05-16 19:52:40,47,r/BlueMidterm2018,63,2018-05-16 22:49:10,0,2,4,0
8jxxwb,2018-05-16 19:52:40,47,r/BlueMidterm2018,63,2018-05-16 23:26:48,1,1,5,0
8jxxwb,2018-05-16 19:52:40,47,r/BlueMidterm2018,63,2018-05-16 23:39:58,1,1,6,0
8jxxwb,2018-05-16 19:52:40,47,r/BlueMidterm2018,63,2018-05-17 00:15:12,2,0,1,0
8jxxwb,2018-05-16 19:52:40,47,r/BlueMidterm2018,64,2018-05-16 22:36:32,0,0,3,0
8jxxwb,2018-05-16 19:52:40,47,r/BlueMidterm2018,65,2018-05-16 22:25:00,0,0,5,0
8jxxwb,2018-05-16 19:52:40,47,r/BlueMidterm2018,66,2018-05-16 22:59:01,0,4,6,0
8jxxwb,2018-05-16 19:52:40,47,r/BlueMidterm2018,66,2018-05-16 23:56:35,1,1,8,0
8jxxwb,2018-05-16 19:52:40,47,r/BlueMidterm2018,66,2018-05-17 00:31:37,1,0,1,0
8jxxwb,2018-05-16 19:52:40,47,r/BlueMidterm2018,66,2018-05-17 01:01:47,1,1,1,0
8jxxwb,2018-05-16 19:52:40,47,r/BlueMidterm2018,66,2018-05-17 01:18:00,1,0,1,0
8jxxwb,2018-05-16 19:52:40,47,r/BlueMidterm2018,67,2018-05-16 22:59:34,0,0,3,0
8jxxwb,2018-05-16 19:52:40,47,r/BlueMidterm2018,68,2018-05-16 22:55:56,0,0,2,0
8jxxwb,2018-05-16 19:52:40,47,r/BlueMidterm2018,69,2018-05-16 23:09:24,0,0,2,0
8jxxwb,2018-05-16 19:52:40,47,r/BlueMidterm2018,70,2018-05-16 23:09:51,0,0,2,0
8jxxwb,2018-05-16 19:52:40,47,r/BlueMidterm2018,71,2018-05-16 20:53:46,0,0,1,0
8jxxwb,2018-05-16 19:52:40,47,r/BlueMidterm2018,72,2018-05-16 21:34:34,0,0,1,0
8jxxwb,2018-05-16 19:52:40,47,r/BlueMidterm2018,73,2018-05-16 21:56:06,0,0,1,0
8jxxwb,2018-05-16 19:52:40,47,r/BlueMidterm2018,74,2018-05-16 22:14:05,0,0,1,0
8jxxwb,2018-05-16 19:52:40,47,r/BlueMidterm2018,75,2018-05-16 22:14:15,0,0,1,0
8jxxwb,2018-05-16 19:52:40,47,r/BlueMidterm2018,76,2018-05-16 22:18:45,0,1,1,0
8jxxwb,2018-05-16 19:52:40,47,r/BlueMidterm2018,76,2018-05-16 23:56:36,1,0,1,0
8jxxwb,2018-05-16 19:52:40,47,r/BlueMidterm2018,77,2018-05-16 22:50:49,0,0,1,0
8jxxwb,2018-05-16 19:52:40,47,r/BlueMidterm2018,78,2018-05-16 22:51:41,0,0,1,0
8jxxwb,2018-05-16 19:52:40,47,r/BlueMidterm2018,79,2018-05-16 22:53:35,0,0,1,0
8jxxwb,2018-05-16 19:52:40,47,r/BlueMidterm2018,80,2018-05-16 22:53:35,0,0,1,0
8jxxwb,2018-05-16 19:52:40,47,r/BlueMidterm2018,81,2018-05-16 22:53:57,0,1,1,0
8jxxwb,2018-05-16 19:52:40,47,r/BlueMidterm2018,81,2018-05-16 23:49:07,1,0,1,0
8jxxwb,2018-05-16 19:52:40,47,r/BlueMidterm2018,82,2018-05-16 23:04:37,0,0,1,0
8jxxwb,2018-05-16 19:52:40,47,r/BlueMidterm2018,83,2018-05-16 23:06:35,0,0,1,0
8jxxwb,2018-05-16 19:52:40,47,r/BlueMidterm2018,84,2018-05-16 23:07:26,0,0,1,0
8jxxwb,2018-05-16 19:52:40,47,r/BlueMidterm2018,85,2018-05-16 23:08:32,0,0,1,0
8jxxwb,2018-05-16 19:52:40,47,r/BlueMidterm2018,86,2018-05-16 23:11:28,0,0,1,0
8jxxwb,2018-05-16 19:52:40,47,r/BlueMidterm2018,87,2018-05-16 23:12:53,0,0,1,0
8jxxwb,2018-05-16 19:52:40,47,r/BlueMidterm2018,88,2018-05-16 23:16:09,0,0,1,0
8jxxwb,2018-05-16 19:52:40,47,r/BlueMidterm2018,89,2018-05-16 23:16:13,0,0,1,0
8jxxwb,2018-05-16 19:52:40,47,r/BlueMidterm2018,90,2018-05-16 23:20:45,0,0,1,0
8jxxwb,2018-05-16 19:52:40,47,r/BlueMidterm2018,91,2018-05-16 23:22:46,0,0,1,0
8jxxwb,2018-05-16 19:52:40,47,r/BlueMidterm2018,92,2018-05-16 23:23:34,0,0,1,0
8jxxwb,2018-05-16 19:52:40,47,r/BlueMidterm2018,93,2018-05-16 23:23:36,0,0,1,0
8jxxwb,2018-05-16 19:52:40,47,r/BlueMidterm2018,94,2018-05-16 23:24:22,0,0,1,0
8jxxwb,2018-05-16 19:52:40,47,r/BlueMidterm2018,95,2018-05-16 23:26:50,0,0,1,0
8jxxwb,2018-05-16 19:52:40,47,r/BlueMidterm2018,96,2018-05-16 23:30:55,0,0,1,0
8jxxwb,2018-05-16 19:52:40,47,r/BlueMidterm2018,97,2018-05-16 23:33:40,0,0,1,0
8jxxwb,2018-05-16 19:52:40,47,r/BlueMidterm2018,98,2018-05-16 23:35:25,0,0,1,0
8jxxwb,2018-05-16 19:52:40,47,r/BlueMidterm2018,99,2018-05-16 23:38:47,0,0,1,0
8jxxwb,2018-05-16 19:52:40,47,r/BlueMidterm2018,100,2018-05-16 23:40:03,0,0,1,0
8jxxwb,2018-05-16 19:52:40,47,r/BlueMidterm2018,101,2018-05-16 23:42:10,0,0,1,0
8jxxwb,2018-05-16 19:52:40,47,r/BlueMidterm2018,102,2018-05-16 23:43:00,0,0,1,0
8jxxwb,2018-05-16 19:52:40,47,r/BlueMidterm2018,103,2018-05-16 23:45:01,0,0,1,0
8jxxwb,2018-05-16 19:52:40,47,r/BlueMidterm2018,104,2018-05-16 23:46:34,0,0,1,0
8jxxwb,2018-05-16 19:52:40,47,r/BlueMidterm2018,105,2018-05-16 23:47:34,0,0,1,0
8jxxwb,2018-05-16 19:52:40,47,r/BlueMidterm2018,106,2018-05-16 23:47:52,0,0,1,0
8jxxwb,2018-05-16 19:52:40,47,r/BlueMidterm2018,107,2018-05-16 23:55:47,0,0,1,0
8jxxwb,2018-05-16 19:52:40,47,r/BlueMidterm2018,108,2018-05-16 23:58:38,0,0,1,0
8jxxwb,2018-05-16 19:52:40,47,r/BlueMidterm2018,109,2018-05-17 00:02:15,0,0,1,0
8jxxwb,2018-05-16 19:52:40,47,r/BlueMidterm2018,110,2018-05-17 00:03:38,0,0,1,0
8jxxwb,2018-05-16 19:52:40,47,r/BlueMidterm2018,111,2018-05-17 00:04:28,0,0,1,0
8jxxwb,2018-05-16 19:52:40,47,r/BlueMidterm2018,112,2018-05-17 00:07:52,0,0,1,0
8jxxwb,2018-05-16 19:52:40,47,r/BlueMidterm2018,113,2018-05-17 00:10:07,0,0,1,0
8jxxwb,2018-05-16 19:52:40,47,r/BlueMidterm2018,114,2018-05-17 00:10:07,0,0,1,0
8jxxwb,2018-05-16 19:52:40,47,r/BlueMidterm2018,115,2018-05-17 00:13:18,0,0,1,0
8jxxwb,2018-05-16 19:52:40,47,r/BlueMidterm2018,116,2018-05-17 00:14:07,0,0,1,0
8jxxwb,2018-05-16 19:52:40,47,r/BlueMidterm2018,117,2018-05-17 00:21:04,0,0,1,0
8jxxwb,2018-05-16 19:52:40,47,r/BlueMidterm2018,118,2018-05-17 00:24:08,0,0,1,0
8jxxwb,2018-05-16 19:52:40,47,r/BlueMidterm2018,119,2018-05-17 00:24:53,0,0,1,0
8jxxwb,2018-05-16 19:52:40,47,r/BlueMidterm2018,120,2018-05-17 00:29:27,0,0,1,0
8jxxwb,2018-05-16 19:52:40,47,r/BlueMidterm2018,121,2018-05-17 00:30:37,0,0,1,0
8jxxwb,2018-05-16 19:52:40,47,r/BlueMidterm2018,122,2018-05-17 00:30:49,0,0,1,0
8jxxwb,2018-05-16 19:52:40,47,r/BlueMidterm2018,123,2018-05-17 00:31:46,0,0,1,0
8jxxwb,2018-05-16 19:52:40,47,r/BlueMidterm2018,124,2018-05-17 00:32:46,0,0,1,0
8jxxwb,2018-05-16 19:52:40,47,r/BlueMidterm2018,125,2018-05-17 00:33:08,0,0,1,0
8jxxwb,2018-05-16 19:52:40,47,r/BlueMidterm2018,126,2018-05-17 00:34:12,0,0,1,0
8jxxwb,2018-05-16 19:52:40,47,r/BlueMidterm2018,127,2018-05-17 00:35:11,0,0,1,0
8jxxwb,2018-05-16 19:52:40,47,r/BlueMidterm2018,128,2018-05-17 00:36:44,0,0,1,0
8jxxwb,2018-05-16 19:52:40,47,r/BlueMidterm2018,129,2018-05-17 00:40:01,0,0,1,0
8jxxwb,2018-05-16 19:52:40,47,r/BlueMidterm2018,130,2018-05-17 00:47:04,0,0,1,0
8jxxwb,2018-05-16 19:52:40,47,r/BlueMidterm2018,131,2018-05-17 00:56:11,0,0,1,0
8jxxwb,2018-05-16 19:52:40,47,r/BlueMidterm2018,132,2018-05-17 01:01:01,0,0,1,0
8jxxwb,2018-05-16 19:52:40,47,r/BlueMidterm2018,133,2018-05-17 01:04:35,0,0,1,0
8jxxwb,2018-05-16 19:52:40,47,r/BlueMidterm2018,134,2018-05-17 01:05:09,0,0,1,0
8jxxwb,2018-05-16 19:52:40,47,r/BlueMidterm2018,135,2018-05-17 01:08:00,0,0,1,0
8jxxwb,2018-05-16 19:52:40,47,r/BlueMidterm2018,136,2018-05-17 01:13:24,0,1,1,0
8jxxwb,2018-05-16 19:52:40,47,r/BlueMidterm2018,136,2018-05-17 01:22:24,1,0,1,0
8jxxwb,2018-05-16 19:52:40,47,r/BlueMidterm2018,137,2018-05-17 01:14:10,0,0,1,0
8jxxwb,2018-05-16 19:52:40,47,r/BlueMidterm2018,138,2018-05-17 01:23:44,0,0,1,0
8jxxwb,2018-05-16 19:52:40,47,r/BlueMidterm2018,139,2018-05-17 01:24:52,0,0,1,0
8jxxwb,2018-05-16 19:52:40,47,r/BlueMidterm2018,140,2018-05-17 01:53:12,0,1,1,0
8jxxwb,2018-05-16 19:52:40,47,r/BlueMidterm2018,140,2018-05-17 01:59:25,1,0,1,0
8jxxwb,2018-05-16 19:52:40,47,r/BlueMidterm2018,141,2018-05-17 01:54:00,0,0,1,0
8jxxwb,2018-05-16 19:52:40,47,r/BlueMidterm2018,142,2018-05-17 02:01:27,0,0,1,0
8jxxwb,2018-05-16 19:52:40,47,r/BlueMidterm2018,143,2018-05-17 02:02:14,0,0,1,0
8jxxwb,2018-05-16 19:52:40,47,r/BlueMidterm2018,144,2018-05-17 02:03:50,0,0,1,0
8jzk91,2018-05-16 23:33:20,48,r/tattoos,0,2018-05-16 23:33:21,0,0,1,0
8jzk91,2018-05-16 23:33:20,48,r/tattoos,1,2018-05-16 23:34:13,0,0,140,0
8jzk91,2018-05-16 23:33:20,48,r/tattoos,2,2018-05-17 00:31:33,0,0,48,0
8jzk91,2018-05-16 23:33:20,48,r/tattoos,3,2018-05-17 02:49:08,0,1,83,0
8jzk91,2018-05-16 23:33:20,48,r/tattoos,3,2018-05-17 04:39:02,1,0,14,0
8jzk91,2018-05-16 23:33:20,48,r/tattoos,4,2018-05-16 23:40:25,0,0,23,0
8jzk91,2018-05-16 23:33:20,48,r/tattoos,5,2018-05-16 23:49:21,0,0,22,0
8jzk91,2018-05-16 23:33:20,48,r/tattoos,6,2018-05-17 03:34:58,0,0,18,0
8jzk91,2018-05-16 23:33:20,48,r/tattoos,7,2018-05-17 01:05:01,0,1,31,0
8jzk91,2018-05-16 23:33:20,48,r/tattoos,7,2018-05-17 03:33:48,1,0,28,0
8jzk91,2018-05-16 23:33:20,48,r/tattoos,8,2018-05-17 02:23:09,0,0,8,0
8jzk91,2018-05-16 23:33:20,48,r/tattoos,9,2018-05-17 02:23:16,0,0,7,0
8jzk91,2018-05-16 23:33:20,48,r/tattoos,10,2018-05-17 02:30:00,0,0,8,0
8jzk91,2018-05-16 23:33:20,48,r/tattoos,11,2018-05-17 01:10:48,0,0,6,0
8jzk91,2018-05-16 23:33:20,48,r/tattoos,12,2018-05-17 03:33:08,0,0,6,0
8jzk91,2018-05-16 23:33:20,48,r/tattoos,13,2018-05-17 03:11:37,0,0,11,0
8jzk91,2018-05-16 23:33:20,48,r/tattoos,14,2018-05-17 00:54:12,0,0,15,0
8jzk91,2018-05-16 23:33:20,48,r/tattoos,15,2018-05-17 02:49:13,0,0,5,0
8jzk91,2018-05-16 23:33:20,48,r/tattoos,16,2018-05-17 02:56:05,0,0,5,0
8jzk91,2018-05-16 23:33:20,48,r/tattoos,17,2018-05-17 03:12:18,0,0,4,0
8jzk91,2018-05-16 23:33:20,48,r/tattoos,18,2018-05-17 03:18:13,0,0,6,0
8jzk91,2018-05-16 23:33:20,48,r/tattoos,19,2018-05-17 02:51:01,0,0,3,0
8jzk91,2018-05-16 23:33:20,48,r/tattoos,20,2018-05-17 03:25:29,0,0,4,0
8jzk91,2018-05-16 23:33:20,48,r/tattoos,21,2018-05-17 03:39:19,0,0,4,0
8jzk91,2018-05-16 23:33:20,48,r/tattoos,22,2018-05-17 03:39:41,0,0,4,0
8jzk91,2018-05-16 23:33:20,48,r/tattoos,23,2018-05-17 03:46:50,0,0,3,0
8jzk91,2018-05-16 23:33:20,48,r/tattoos,24,2018-05-17 04:16:00,0,0,4,0
8jzk91,2018-05-16 23:33:20,48,r/tattoos,25,2018-05-17 03:00:44,0,0,6,0
8jzk91,2018-05-16 23:33:20,48,r/tattoos,26,2018-05-17 03:56:55,0,0,9,0
8jzk91,2018-05-16 23:33:20,48,r/tattoos,27,2018-05-17 01:43:00,0,0,6,0
8jzk91,2018-05-16 23:33:20,48,r/tattoos,28,2018-05-17 04:14:49,0,0,3,0
8jzk91,2018-05-16 23:33:20,48,r/tattoos,29,2018-05-17 04:24:24,0,0,3,0
8jzk91,2018-05-16 23:33:20,48,r/tattoos,30,2018-05-17 04:04:31,0,0,5,0
8jzk91,2018-05-16 23:33:20,48,r/tattoos,31,2018-05-17 03:48:05,0,0,3,0
8jzk91,2018-05-16 23:33:20,48,r/tattoos,32,2018-05-17 03:50:03,0,0,3,0
8jzk91,2018-05-16 23:33:20,48,r/tattoos,33,2018-05-17 03:56:53,0,0,3,0
8jzk91,2018-05-16 23:33:20,48,r/tattoos,34,2018-05-17 04:11:16,0,0,4,0
8jzk91,2018-05-16 23:33:20,48,r/tattoos,35,2018-05-17 03:18:05,0,1,7,0
8jzk91,2018-05-16 23:33:20,48,r/tattoos,35,2018-05-17 05:19:39,1,0,1,0
8jzk91,2018-05-16 23:33:20,48,r/tattoos,36,2018-05-17 04:26:09,0,0,2,0
8jzk91,2018-05-16 23:33:20,48,r/tattoos,37,2018-05-17 04:32:46,0,0,2,0
8jzk91,2018-05-16 23:33:20,48,r/tattoos,38,2018-05-17 04:35:28,0,0,2,0
8jzk91,2018-05-16 23:33:20,48,r/tattoos,39,2018-05-17 04:37:57,0,0,2,0
8jzk91,2018-05-16 23:33:20,48,r/tattoos,40,2018-05-17 04:54:49,0,1,2,0
8jzk91,2018-05-16 23:33:20,48,r/tattoos,40,2018-05-17 05:00:35,1,0,2,0
8jzk91,2018-05-16 23:33:20,48,r/tattoos,41,2018-05-17 04:56:45,0,0,2,0
8jzk91,2018-05-16 23:33:20,48,r/tattoos,42,2018-05-17 05:15:53,0,0,2,0
8jzk91,2018-05-16 23:33:20,48,r/tattoos,43,2018-05-17 03:29:43,0,0,4,0
8jzk91,2018-05-16 23:33:20,48,r/tattoos,44,2018-05-17 04:33:40,0,0,1,0
8jzk91,2018-05-16 23:33:20,48,r/tattoos,45,2018-05-17 05:00:27,0,0,1,0
8jzk91,2018-05-16 23:33:20,48,r/tattoos,46,2018-05-17 05:04:48,0,0,1,0
8jzk91,2018-05-16 23:33:20,48,r/tattoos,47,2018-05-17 05:05:25,0,0,1,0
8jzk91,2018-05-16 23:33:20,48,r/tattoos,48,2018-05-17 05:12:27,0,0,1,0
8jzk91,2018-05-16 23:33:20,48,r/tattoos,49,2018-05-17 05:15:41,0,0,1,0
8jzk91,2018-05-16 23:33:20,48,r/tattoos,50,2018-05-17 04:25:36,0,0,1,0
8jzk91,2018-05-16 23:33:20,48,r/tattoos,51,2018-05-17 03:21:41,0,0,-18,0
8jy3jt,2018-05-16 20:12:00,49,r/Whatcouldgowrong,0,2018-05-16 20:39:15,0,29,6584,0
8jy3jt,2018-05-16 20:12:00,49,r/Whatcouldgowrong,0,2018-05-16 21:03:07,1,6,3036,0
8jy3jt,2018-05-16 20:12:00,49,r/Whatcouldgowrong,0,2018-05-16 22:34:47,2,4,1711,0
8jy3jt,2018-05-16 20:12:00,49,r/Whatcouldgowrong,0,2018-05-17 01:16:06,3,1,197,0
8jy3jt,2018-05-16 20:12:00,49,r/Whatcouldgowrong,0,2018-05-17 01:59:43,4,0,27,0
8jy3jt,2018-05-16 20:12:00,49,r/Whatcouldgowrong,0,2018-05-17 03:26:25,3,3,20,0
8jy3jt,2018-05-16 20:12:00,49,r/Whatcouldgowrong,0,2018-05-17 04:01:14,4,0,14,0
8jy3jt,2018-05-16 20:12:00,49,r/Whatcouldgowrong,0,2018-05-17 04:56:00,4,0,0,0
8jy3jt,2018-05-16 20:12:00,49,r/Whatcouldgowrong,0,2018-05-17 05:16:29,4,0,1,0
8jy3jt,2018-05-16 20:12:00,49,r/Whatcouldgowrong,0,2018-05-17 04:49:13,3,0,1,0
8jy3jt,2018-05-16 20:12:00,49,r/Whatcouldgowrong,0,2018-05-17 03:05:24,2,2,39,0
8jy3jt,2018-05-16 20:12:00,49,r/Whatcouldgowrong,0,2018-05-17 03:09:59,3,0,30,0
8jy3jt,2018-05-16 20:12:00,49,r/Whatcouldgowrong,0,2018-05-17 05:09:38,3,0,1,0
8jy3jt,2018-05-16 20:12:00,49,r/Whatcouldgowrong,0,2018-05-17 04:28:14,2,0,2,0
8jy3jt,2018-05-16 20:12:00,49,r/Whatcouldgowrong,0,2018-05-17 02:17:28,2,0,3,0
8jy3jt,2018-05-16 20:12:00,49,r/Whatcouldgowrong,0,2018-05-17 03:12:34,2,0,1,0
8jy3jt,2018-05-16 20:12:00,49,r/Whatcouldgowrong,0,2018-05-17 04:10:10,2,0,1,0
8jy3jt,2018-05-16 20:12:00,49,r/Whatcouldgowrong,0,2018-05-17 01:26:04,1,5,416,0
8jy3jt,2018-05-16 20:12:00,49,r/Whatcouldgowrong,0,2018-05-17 01:39:01,2,0,110,0
8jy3jt,2018-05-16 20:12:00,49,r/Whatcouldgowrong,0,2018-05-17 02:15:34,2,1,34,0
8jy3jt,2018-05-16 20:12:00,49,r/Whatcouldgowrong,0,2018-05-17 02:55:52,3,0,7,0
8jy3jt,2018-05-16 20:12:00,49,r/Whatcouldgowrong,0,2018-05-17 01:56:59,2,2,34,0
8jy3jt,2018-05-16 20:12:00,49,r/Whatcouldgowrong,0,2018-05-17 01:58:12,3,1,41,0
8jy3jt,2018-05-16 20:12:00,49,r/Whatcouldgowrong,0,2018-05-17 03:21:41,4,0,9,0
8jy3jt,2018-05-16 20:12:00,49,r/Whatcouldgowrong,0,2018-05-17 03:23:09,3,0,8,0
8jy3jt,2018-05-16 20:12:00,49,r/Whatcouldgowrong,0,2018-05-17 02:25:22,2,0,6,0
8jy3jt,2018-05-16 20:12:00,49,r/Whatcouldgowrong,0,2018-05-17 04:04:13,2,0,1,0
8jy3jt,2018-05-16 20:12:00,49,r/Whatcouldgowrong,0,2018-05-17 02:00:33,1,2,123,0
8jy3jt,2018-05-16 20:12:00,49,r/Whatcouldgowrong,0,2018-05-17 02:45:15,2,1,29,0
8jy3jt,2018-05-16 20:12:00,49,r/Whatcouldgowrong,0,2018-05-17 02:59:15,3,0,13,0
8jy3jt,2018-05-16 20:12:00,49,r/Whatcouldgowrong,0,2018-05-17 02:25:01,2,1,5,0
8jy3jt,2018-05-16 20:12:00,49,r/Whatcouldgowrong,0,2018-05-17 03:27:05,3,0,2,0
8jy3jt,2018-05-16 20:12:00,49,r/Whatcouldgowrong,0,2018-05-17 00:55:03,1,6,327,0
8jy3jt,2018-05-16 20:12:00,49,r/Whatcouldgowrong,0,2018-05-17 01:46:19,2,1,135,0
8jy3jt,2018-05-16 20:12:00,49,r/Whatcouldgowrong,0,2018-05-17 03:36:51,3,0,2,0
8jy3jt,2018-05-16 20:12:00,49,r/Whatcouldgowrong,0,2018-05-17 02:20:04,2,0,16,0
8jy3jt,2018-05-16 20:12:00,49,r/Whatcouldgowrong,0,2018-05-17 02:25:56,2,0,8,0
8jy3jt,2018-05-16 20:12:00,49,r/Whatcouldgowrong,0,2018-05-17 02:45:41,2,2,4,0
8jy3jt,2018-05-16 20:12:00,49,r/Whatcouldgowrong,0,2018-05-17 02:47:21,3,1,10,0
8jy3jt,2018-05-16 20:12:00,49,r/Whatcouldgowrong,0,2018-05-17 02:48:39,4,0,4,0
8jy3jt,2018-05-16 20:12:00,49,r/Whatcouldgowrong,0,2018-05-17 02:55:38,3,0,1,0
8jy3jt,2018-05-16 20:12:00,49,r/Whatcouldgowrong,0,2018-05-17 01:27:21,2,1,18,0
8jy3jt,2018-05-16 20:12:00,49,r/Whatcouldgowrong,0,2018-05-17 03:12:56,3,0,5,0
8jy3jt,2018-05-16 20:12:00,49,r/Whatcouldgowrong,0,2018-05-17 03:29:48,2,0,2,0
8jy3jt,2018-05-16 20:12:00,49,r/Whatcouldgowrong,0,2018-05-17 01:57:22,1,3,70,0
8jy3jt,2018-05-16 20:12:00,49,r/Whatcouldgowrong,0,2018-05-17 02:17:10,2,0,15,0
8jy3jt,2018-05-16 20:12:00,49,r/Whatcouldgowrong,0,2018-05-17 04:19:40,2,0,4,0
8jy3jt,2018-05-16 20:12:00,49,r/Whatcouldgowrong,0,2018-05-17 04:52:44,2,0,1,0
8jy3jt,2018-05-16 20:12:00,49,r/Whatcouldgowrong,0,2018-05-17 00:08:18,1,1,22,0
8jy3jt,2018-05-16 20:12:00,49,r/Whatcouldgowrong,0,2018-05-17 05:09:32,2,0,1,0
8jy3jt,2018-05-16 20:12:00,49,r/Whatcouldgowrong,0,2018-05-17 02:28:23,1,1,6,0
8jy3jt,2018-05-16 20:12:00,49,r/Whatcouldgowrong,0,2018-05-17 04:04:41,2,0,2,0
8jy3jt,2018-05-16 20:12:00,49,r/Whatcouldgowrong,0,2018-05-17 01:57:02,1,0,10,0
8jy3jt,2018-05-16 20:12:00,49,r/Whatcouldgowrong,0,2018-05-17 02:01:43,1,2,15,0
8jy3jt,2018-05-16 20:12:00,49,r/Whatcouldgowrong,0,2018-05-17 02:28:50,2,0,9,0
8jy3jt,2018-05-16 20:12:00,49,r/Whatcouldgowrong,0,2018-05-17 02:44:10,2,1,4,0
8jy3jt,2018-05-16 20:12:00,49,r/Whatcouldgowrong,0,2018-05-17 03:24:26,3,0,0,0
8jy3jt,2018-05-16 20:12:00,49,r/Whatcouldgowrong,0,2018-05-17 01:07:36,1,3,17,0
8jy3jt,2018-05-16 20:12:00,49,r/Whatcouldgowrong,0,2018-05-17 02:13:00,2,0,4,0
8jy3jt,2018-05-16 20:12:00,49,r/Whatcouldgowrong,0,2018-05-17 03:01:48,2,0,3,0
8jy3jt,2018-05-16 20:12:00,49,r/Whatcouldgowrong,0,2018-05-17 02:17:55,2,1,6,0
8jy3jt,2018-05-16 20:12:00,49,r/Whatcouldgowrong,0,2018-05-17 02:56:22,3,1,22,0
8jy3jt,2018-05-16 20:12:00,49,r/Whatcouldgowrong,0,2018-05-17 03:02:20,4,3,9,0
8jy3jt,2018-05-16 20:12:00,49,r/Whatcouldgowrong,0,2018-05-17 03:34:47,5,0,11,0
8jy3jt,2018-05-16 20:12:00,49,r/Whatcouldgowrong,0,2018-05-17 03:20:05,5,1,15,0
8jy3jt,2018-05-16 20:12:00,49,r/Whatcouldgowrong,0,2018-05-17 03:42:27,6,0,4,0
8jy3jt,2018-05-16 20:12:00,49,r/Whatcouldgowrong,0,2018-05-17 04:21:28,5,0,2,0
8jy3jt,2018-05-16 20:12:00,49,r/Whatcouldgowrong,0,2018-05-17 01:58:26,1,0,2,0
8jy3jt,2018-05-16 20:12:00,49,r/Whatcouldgowrong,0,2018-05-17 03:30:04,1,0,2,0
8jy3jt,2018-05-16 20:12:00,49,r/Whatcouldgowrong,0,2018-05-17 03:35:04,1,0,2,0
8jy3jt,2018-05-16 20:12:00,49,r/Whatcouldgowrong,0,2018-05-17 03:47:11,1,0,2,0
8jy3jt,2018-05-16 20:12:00,49,r/Whatcouldgowrong,0,2018-05-17 04:34:04,1,0,2,0
8jy3jt,2018-05-16 20:12:00,49,r/Whatcouldgowrong,0,2018-05-17 01:48:35,1,5,3,0
8jy3jt,2018-05-16 20:12:00,49,r/Whatcouldgowrong,0,2018-05-17 02:06:24,2,1,47,0
8jy3jt,2018-05-16 20:12:00,49,r/Whatcouldgowrong,0,2018-05-17 03:35:17,3,0,1,0
8jy3jt,2018-05-16 20:12:00,49,r/Whatcouldgowrong,0,2018-05-17 02:09:42,2,2,74,0
8jy3jt,2018-05-16 20:12:00,49,r/Whatcouldgowrong,0,2018-05-17 02:11:57,3,0,29,0
8jy3jt,2018-05-16 20:12:00,49,r/Whatcouldgowrong,0,2018-05-17 02:57:42,2,0,1,0
8jy3jt,2018-05-16 20:12:00,49,r/Whatcouldgowrong,0,2018-05-17 05:12:52,2,0,1,0
8jy3jt,2018-05-16 20:12:00,49,r/Whatcouldgowrong,0,2018-05-17 02:14:21,2,0,-3,0
8jy3jt,2018-05-16 20:12:00,49,r/Whatcouldgowrong,0,2018-05-17 02:34:43,1,0,1,0
8jy3jt,2018-05-16 20:12:00,49,r/Whatcouldgowrong,0,2018-05-17 03:11:25,1,0,1,0
8jy3jt,2018-05-16 20:12:00,49,r/Whatcouldgowrong,0,2018-05-17 03:35:16,1,0,1,0
8jy3jt,2018-05-16 20:12:00,49,r/Whatcouldgowrong,0,2018-05-17 04:07:20,1,0,1,0
8jy3jt,2018-05-16 20:12:00,49,r/Whatcouldgowrong,0,2018-05-17 04:10:55,1,0,1,0
8jy3jt,2018-05-16 20:12:00,49,r/Whatcouldgowrong,0,2018-05-17 04:11:25,1,0,1,0
8jy3jt,2018-05-16 20:12:00,49,r/Whatcouldgowrong,0,2018-05-17 04:24:24,1,0,1,0
8jy3jt,2018-05-16 20:12:00,49,r/Whatcouldgowrong,0,2018-05-17 04:45:11,1,0,1,0
8jy3jt,2018-05-16 20:12:00,49,r/Whatcouldgowrong,0,2018-05-17 04:46:05,1,0,1,0
8jy3jt,2018-05-16 20:12:00,49,r/Whatcouldgowrong,0,2018-05-17 04:50:10,1,0,1,0
8jy3jt,2018-05-16 20:12:00,49,r/Whatcouldgowrong,0,2018-05-17 05:05:46,1,0,1,0
8jy3jt,2018-05-16 20:12:00,49,r/Whatcouldgowrong,0,2018-05-17 05:08:38,1,0,1,0
8jy3jt,2018-05-16 20:12:00,49,r/Whatcouldgowrong,1,2018-05-16 20:12:44,0,4,4916,0
8jy3jt,2018-05-16 20:12:00,49,r/Whatcouldgowrong,1,2018-05-16 20:22:14,1,2,1062,0
8jy3jt,2018-05-16 20:12:00,49,r/Whatcouldgowrong,1,2018-05-16 21:13:39,2,3,928,0
8jy3jt,2018-05-16 20:12:00,49,r/Whatcouldgowrong,1,2018-05-17 01:03:41,3,8,391,0
8jy3jt,2018-05-16 20:12:00,49,r/Whatcouldgowrong,1,2018-05-17 01:11:57,4,2,222,0
8jy3jt,2018-05-16 20:12:00,49,r/Whatcouldgowrong,1,2018-05-17 01:28:21,5,4,83,0
8jy3jt,2018-05-16 20:12:00,49,r/Whatcouldgowrong,1,2018-05-17 02:04:46,6,0,49,0
8jy3jt,2018-05-16 20:12:00,49,r/Whatcouldgowrong,1,2018-05-17 01:52:03,6,1,12,0
8jy3jt,2018-05-16 20:12:00,49,r/Whatcouldgowrong,1,2018-05-17 02:20:44,7,1,4,0
8jy3jt,2018-05-16 20:12:00,49,r/Whatcouldgowrong,1,2018-05-17 04:05:38,8,0,2,0
8jy3jt,2018-05-16 20:12:00,49,r/Whatcouldgowrong,1,2018-05-17 02:57:26,6,0,1,0
8jy3jt,2018-05-16 20:12:00,49,r/Whatcouldgowrong,1,2018-05-17 03:12:47,6,0,1,0
8jy3jt,2018-05-16 20:12:00,49,r/Whatcouldgowrong,1,2018-05-17 02:35:14,5,0,1,0
8jy3jt,2018-05-16 20:12:00,49,r/Whatcouldgowrong,1,2018-05-17 03:07:04,4,0,2,0
8jy3jt,2018-05-16 20:12:00,49,r/Whatcouldgowrong,1,2018-05-17 02:08:09,4,0,1,0
8jy3jt,2018-05-16 20:12:00,49,r/Whatcouldgowrong,1,2018-05-17 02:20:48,4,0,1,0
8jy3jt,2018-05-16 20:12:00,49,r/Whatcouldgowrong,1,2018-05-17 04:04:57,4,0,1,0
8jy3jt,2018-05-16 20:12:00,49,r/Whatcouldgowrong,1,2018-05-17 04:11:41,4,0,1,0
8jy3jt,2018-05-16 20:12:00,49,r/Whatcouldgowrong,1,2018-05-17 01:42:57,4,1,1,0
8jy3jt,2018-05-16 20:12:00,49,r/Whatcouldgowrong,1,2018-05-17 02:18:11,5,1,6,0
8jy3jt,2018-05-16 20:12:00,49,r/Whatcouldgowrong,1,2018-05-17 04:36:47,6,1,2,0
8jy3jt,2018-05-16 20:12:00,49,r/Whatcouldgowrong,1,2018-05-17 05:06:30,7,0,1,0
8jy3jt,2018-05-16 20:12:00,49,r/Whatcouldgowrong,1,2018-05-17 02:00:16,3,3,29,0
8jy3jt,2018-05-16 20:12:00,49,r/Whatcouldgowrong,1,2018-05-17 02:11:52,4,0,24,0
8jy3jt,2018-05-16 20:12:00,49,r/Whatcouldgowrong,1,2018-05-17 04:06:29,4,0,4,0
8jy3jt,2018-05-16 20:12:00,49,r/Whatcouldgowrong,1,2018-05-17 05:15:19,4,0,1,0
8jy3jt,2018-05-16 20:12:00,49,r/Whatcouldgowrong,1,2018-05-17 01:47:00,3,0,2,0
8jy3jt,2018-05-16 20:12:00,49,r/Whatcouldgowrong,1,2018-05-17 02:36:01,1,1,3,0
8jy3jt,2018-05-16 20:12:00,49,r/Whatcouldgowrong,1,2018-05-17 03:01:26,2,1,6,0
8jy3jt,2018-05-16 20:12:00,49,r/Whatcouldgowrong,1,2018-05-17 03:01:48,3,0,3,0
8jy3jt,2018-05-16 20:12:00,49,r/Whatcouldgowrong,1,2018-05-17 04:22:36,1,0,1,0
8jy3jt,2018-05-16 20:12:00,49,r/Whatcouldgowrong,2,2018-05-16 20:26:36,0,3,2006,0
8jy3jt,2018-05-16 20:12:00,49,r/Whatcouldgowrong,2,2018-05-16 23:41:06,1,3,282,0
8jy3jt,2018-05-16 20:12:00,49,r/Whatcouldgowrong,2,2018-05-17 02:15:37,2,5,59,0
8jy3jt,2018-05-16 20:12:00,49,r/Whatcouldgowrong,2,2018-05-17 02:52:27,3,1,31,0
8jy3jt,2018-05-16 20:12:00,49,r/Whatcouldgowrong,2,2018-05-17 02:56:29,4,1,2,0
8jy3jt,2018-05-16 20:12:00,49,r/Whatcouldgowrong,2,2018-05-17 03:38:11,5,1,2,0
8jy3jt,2018-05-16 20:12:00,49,r/Whatcouldgowrong,2,2018-05-17 03:50:54,6,1,2,0
8jy3jt,2018-05-16 20:12:00,49,r/Whatcouldgowrong,2,2018-05-17 04:05:35,7,0,5,0
8jy3jt,2018-05-16 20:12:00,49,r/Whatcouldgowrong,2,2018-05-17 03:19:48,3,2,6,0
8jy3jt,2018-05-16 20:12:00,49,r/Whatcouldgowrong,2,2018-05-17 03:45:58,4,1,6,0
8jy3jt,2018-05-16 20:12:00,49,r/Whatcouldgowrong,2,2018-05-17 04:43:12,5,1,3,0
8jy3jt,2018-05-16 20:12:00,49,r/Whatcouldgowrong,2,2018-05-17 04:51:27,6,1,3,0
8jy3jt,2018-05-16 20:12:00,49,r/Whatcouldgowrong,2,2018-05-17 04:53:06,7,1,2,0
8jy3jt,2018-05-16 20:12:00,49,r/Whatcouldgowrong,2,2018-05-17 05:04:13,8,0,4,0
8jy3jt,2018-05-16 20:12:00,49,r/Whatcouldgowrong,2,2018-05-17 03:53:28,4,1,1,0
8jy3jt,2018-05-16 20:12:00,49,r/Whatcouldgowrong,2,2018-05-17 03:54:37,5,1,0,0
8jy3jt,2018-05-16 20:12:00,49,r/Whatcouldgowrong,2,2018-05-17 03:55:52,6,1,2,0
8jy3jt,2018-05-16 20:12:00,49,r/Whatcouldgowrong,2,2018-05-17 04:17:31,7,1,0,0
8jy3jt,2018-05-16 20:12:00,49,r/Whatcouldgowrong,2,2018-05-17 04:21:21,8,0,1,0
8jy3jt,2018-05-16 20:12:00,49,r/Whatcouldgowrong,2,2018-05-17 03:29:11,3,0,2,0
8jy3jt,2018-05-16 20:12:00,49,r/Whatcouldgowrong,2,2018-05-17 03:17:14,3,1,2,0
8jy3jt,2018-05-16 20:12:00,49,r/Whatcouldgowrong,2,2018-05-17 03:39:09,4,0,0,0
8jy3jt,2018-05-16 20:12:00,49,r/Whatcouldgowrong,2,2018-05-17 04:25:38,3,0,1,0
8jy3jt,2018-05-16 20:12:00,49,r/Whatcouldgowrong,2,2018-05-17 01:07:49,2,13,158,0
8jy3jt,2018-05-16 20:12:00,49,r/Whatcouldgowrong,2,2018-05-17 01:36:13,3,2,320,0
8jy3jt,2018-05-16 20:12:00,49,r/Whatcouldgowrong,2,2018-05-17 02:56:51,4,0,56,0
8jy3jt,2018-05-16 20:12:00,49,r/Whatcouldgowrong,2,2018-05-17 04:25:38,4,0,2,0
8jy3jt,2018-05-16 20:12:00,49,r/Whatcouldgowrong,2,2018-05-17 02:21:04,3,1,36,0
8jy3jt,2018-05-16 20:12:00,49,r/Whatcouldgowrong,2,2018-05-17 02:56:17,4,3,16,0
8jy3jt,2018-05-16 20:12:00,49,r/Whatcouldgowrong,2,2018-05-17 03:26:55,5,0,12,0
8jy3jt,2018-05-16 20:12:00,49,r/Whatcouldgowrong,2,2018-05-17 04:23:53,5,2,2,0
8jy3jt,2018-05-16 20:12:00,49,r/Whatcouldgowrong,2,2018-05-17 05:12:35,6,1,1,0
8jy3jt,2018-05-16 20:12:00,49,r/Whatcouldgowrong,2,2018-05-17 05:13:30,7,1,1,0
8jy3jt,2018-05-16 20:12:00,49,r/Whatcouldgowrong,2,2018-05-17 05:17:50,8,0,1,0
8jy3jt,2018-05-16 20:12:00,49,r/Whatcouldgowrong,2,2018-05-17 04:35:40,6,2,0,0
8jy3jt,2018-05-16 20:12:00,49,r/Whatcouldgowrong,2,2018-05-17 04:38:25,7,2,1,0
8jy3jt,2018-05-16 20:12:00,49,r/Whatcouldgowrong,2,2018-05-17 05:16:08,8,0,1,0
8jy3jt,2018-05-16 20:12:00,49,r/Whatcouldgowrong,2,2018-05-17 04:42:39,8,0,0,0
8jy3jt,2018-05-16 20:12:00,49,r/Whatcouldgowrong,2,2018-05-17 04:09:42,5,1,1,0
8jy3jt,2018-05-16 20:12:00,49,r/Whatcouldgowrong,2,2018-05-17 04:12:13,6,0,1,0
8jy3jt,2018-05-16 20:12:00,49,r/Whatcouldgowrong,2,2018-05-17 01:17:18,3,1,32,0
8jy3jt,2018-05-16 20:12:00,49,r/Whatcouldgowrong,2,2018-05-17 01:26:26,4,3,18,0
8jy3jt,2018-05-16 20:12:00,49,r/Whatcouldgowrong,2,2018-05-17 02:37:15,5,0,6,0
8jy3jt,2018-05-16 20:12:00,49,r/Whatcouldgowrong,2,2018-05-17 01:28:03,5,1,-1,0
8jy3jt,2018-05-16 20:12:00,49,r/Whatcouldgowrong,2,2018-05-17 02:48:06,6,1,0,0
8jy3jt,2018-05-16 20:12:00,49,r/Whatcouldgowrong,2,2018-05-17 02:52:24,7,0,4,0
8jy3jt,2018-05-16 20:12:00,49,r/Whatcouldgowrong,2,2018-05-17 02:04:29,5,0,-2,0
8jy3jt,2018-05-16 20:12:00,49,r/Whatcouldgowrong,2,2018-05-17 01:17:25,3,8,91,0
8jy3jt,2018-05-16 20:12:00,49,r/Whatcouldgowrong,2,2018-05-17 01:24:59,4,5,167,0
8jy3jt,2018-05-16 20:12:00,49,r/Whatcouldgowrong,2,2018-05-17 02:24:40,5,3,15,0
8jy3jt,2018-05-16 20:12:00,49,r/Whatcouldgowrong,2,2018-05-17 02:37:07,6,0,29,0
8jy3jt,2018-05-16 20:12:00,49,r/Whatcouldgowrong,2,2018-05-17 02:36:40,6,1,54,0
8jy3jt,2018-05-16 20:12:00,49,r/Whatcouldgowrong,2,2018-05-17 03:05:47,7,2,34,0
8jy3jt,2018-05-16 20:12:00,49,r/Whatcouldgowrong,2,2018-05-17 03:15:37,8,0,3,0
8jy3jt,2018-05-16 20:12:00,49,r/Whatcouldgowrong,2,2018-05-17 03:17:39,8,0,2,0
8jy3jt,2018-05-16 20:12:00,49,r/Whatcouldgowrong,2,2018-05-17 02:53:32,6,1,12,0
8jy3jt,2018-05-16 20:12:00,49,r/Whatcouldgowrong,2,2018-05-17 03:06:48,7,0,1,0
8jy3jt,2018-05-16 20:12:00,49,r/Whatcouldgowrong,2,2018-05-17 02:35:57,5,2,10,0
8jy3jt,2018-05-16 20:12:00,49,r/Whatcouldgowrong,2,2018-05-17 02:50:07,6,1,7,0
8jy3jt,2018-05-16 20:12:00,49,r/Whatcouldgowrong,2,2018-05-17 03:14:09,7,0,7,0
8jy3jt,2018-05-16 20:12:00,49,r/Whatcouldgowrong,2,2018-05-17 02:18:45,5,0,4,0
8jy3jt,2018-05-16 20:12:00,49,r/Whatcouldgowrong,2,2018-05-17 02:10:42,5,0,-17,0
8jy3jt,2018-05-16 20:12:00,49,r/Whatcouldgowrong,2,2018-05-17 01:35:19,5,1,-37,0
8jy3jt,2018-05-16 20:12:00,49,r/Whatcouldgowrong,2,2018-05-17 01:45:22,6,1,22,0
8jy3jt,2018-05-16 20:12:00,49,r/Whatcouldgowrong,2,2018-05-17 01:56:41,7,0,5,0
8jy3jt,2018-05-16 20:12:00,49,r/Whatcouldgowrong,2,2018-05-17 01:47:15,4,2,27,0
8jy3jt,2018-05-16 20:12:00,49,r/Whatcouldgowrong,2,2018-05-17 02:30:45,5,1,5,0
8jy3jt,2018-05-16 20:12:00,49,r/Whatcouldgowrong,2,2018-05-17 02:33:38,6,1,16,0
8jy3jt,2018-05-16 20:12:00,49,r/Whatcouldgowrong,2,2018-05-17 04:47:17,7,0,1,0
8jy3jt,2018-05-16 20:12:00,49,r/Whatcouldgowrong,2,2018-05-17 02:31:54,5,1,4,0
8jy3jt,2018-05-16 20:12:00,49,r/Whatcouldgowrong,2,2018-05-17 02:34:36,6,1,1,0
8jy3jt,2018-05-16 20:12:00,49,r/Whatcouldgowrong,2,2018-05-17 03:04:32,4,0,2,0
8jy3jt,2018-05-16 20:12:00,49,r/Whatcouldgowrong,2,2018-05-17 02:43:30,4,0,0,0
8jy3jt,2018-05-16 20:12:00,49,r/Whatcouldgowrong,2,2018-05-17 01:45:40,4,0,-2,0
8jy3jt,2018-05-16 20:12:00,49,r/Whatcouldgowrong,2,2018-05-17 01:41:11,4,0,0,0
8jy3jt,2018-05-16 20:12:00,49,r/Whatcouldgowrong,2,2018-05-17 02:26:56,4,0,0,0
8jy3jt,2018-05-16 20:12:00,49,r/Whatcouldgowrong,2,2018-05-17 02:59:46,3,0,2,0
8jy3jt,2018-05-16 20:12:00,49,r/Whatcouldgowrong,2,2018-05-17 03:00:01,3,0,2,0
8jy3jt,2018-05-16 20:12:00,49,r/Whatcouldgowrong,2,2018-05-17 02:13:53,3,0,6,0
8jy3jt,2018-05-16 20:12:00,49,r/Whatcouldgowrong,2,2018-05-17 02:44:29,3,0,1,0
8jy3jt,2018-05-16 20:12:00,49,r/Whatcouldgowrong,2,2018-05-17 01:56:49,3,0,1,0
8jy3jt,2018-05-16 20:12:00,49,r/Whatcouldgowrong,2,2018-05-17 02:59:15,3,0,1,0
8jy3jt,2018-05-16 20:12:00,49,r/Whatcouldgowrong,2,2018-05-17 03:02:37,3,0,1,0
8jy3jt,2018-05-16 20:12:00,49,r/Whatcouldgowrong,2,2018-05-17 01:21:55,3,1,-10,0
8jy3jt,2018-05-16 20:12:00,49,r/Whatcouldgowrong,2,2018-05-17 01:24:50,4,2,15,0
8jy3jt,2018-05-16 20:12:00,49,r/Whatcouldgowrong,2,2018-05-17 04:43:45,5,0,1,0
8jy3jt,2018-05-16 20:12:00,49,r/Whatcouldgowrong,2,2018-05-17 02:19:38,2,1,6,0
8jy3jt,2018-05-16 20:12:00,49,r/Whatcouldgowrong,2,2018-05-17 02:39:02,3,1,1,0
8jy3jt,2018-05-16 20:12:00,49,r/Whatcouldgowrong,2,2018-05-17 02:52:36,4,0,2,0
8jy3jt,2018-05-16 20:12:00,49,r/Whatcouldgowrong,2,2018-05-17 00:42:24,1,0,18,0
8jy3jt,2018-05-16 20:12:00,49,r/Whatcouldgowrong,3,2018-05-16 20:49:34,0,2,1136,0
8jy3jt,2018-05-16 20:12:00,49,r/Whatcouldgowrong,3,2018-05-17 01:45:07,1,6,108,0
8jy3jt,2018-05-16 20:12:00,49,r/Whatcouldgowrong,3,2018-05-17 02:58:42,2,1,50,0
8jy3jt,2018-05-16 20:12:00,49,r/Whatcouldgowrong,3,2018-05-17 02:59:24,3,1,10,0
8jy3jt,2018-05-16 20:12:00,49,r/Whatcouldgowrong,3,2018-05-17 03:33:25,4,1,5,0
8jy3jt,2018-05-16 20:12:00,49,r/Whatcouldgowrong,3,2018-05-17 03:35:48,5,1,7,0
8jy3jt,2018-05-16 20:12:00,49,r/Whatcouldgowrong,3,2018-05-17 03:43:32,6,1,4,0
8jy3jt,2018-05-16 20:12:00,49,r/Whatcouldgowrong,3,2018-05-17 03:44:51,7,1,3,0
8jy3jt,2018-05-16 20:12:00,49,r/Whatcouldgowrong,3,2018-05-17 03:46:36,8,0,4,0
8jy3jt,2018-05-16 20:12:00,49,r/Whatcouldgowrong,3,2018-05-17 02:59:21,2,2,12,0
8jy3jt,2018-05-16 20:12:00,49,r/Whatcouldgowrong,3,2018-05-17 04:43:48,3,0,3,0
8jy3jt,2018-05-16 20:12:00,49,r/Whatcouldgowrong,3,2018-05-17 04:46:27,3,0,1,0
8jy3jt,2018-05-16 20:12:00,49,r/Whatcouldgowrong,3,2018-05-17 02:59:34,2,1,8,0
8jy3jt,2018-05-16 20:12:00,49,r/Whatcouldgowrong,3,2018-05-17 03:10:55,3,1,3,0
8jy3jt,2018-05-16 20:12:00,49,r/Whatcouldgowrong,3,2018-05-17 03:29:55,4,0,3,0
8jy3jt,2018-05-16 20:12:00,49,r/Whatcouldgowrong,3,2018-05-17 03:26:35,2,1,3,0
8jy3jt,2018-05-16 20:12:00,49,r/Whatcouldgowrong,3,2018-05-17 03:28:13,3,0,1,0
8jy3jt,2018-05-16 20:12:00,49,r/Whatcouldgowrong,3,2018-05-17 03:38:55,2,1,2,0
8jy3jt,2018-05-16 20:12:00,49,r/Whatcouldgowrong,3,2018-05-17 03:39:15,3,0,1,0
8jy3jt,2018-05-16 20:12:00,49,r/Whatcouldgowrong,3,2018-05-17 03:07:17,2,1,1,0
8jy3jt,2018-05-16 20:12:00,49,r/Whatcouldgowrong,3,2018-05-17 03:09:26,3,1,1,0
8jy3jt,2018-05-16 20:12:00,49,r/Whatcouldgowrong,3,2018-05-17 03:12:18,4,1,3,0
8jy3jt,2018-05-16 20:12:00,49,r/Whatcouldgowrong,3,2018-05-17 03:13:30,5,1,1,0
8jy3jt,2018-05-16 20:12:00,49,r/Whatcouldgowrong,3,2018-05-17 03:15:18,6,1,3,0
8jy3jt,2018-05-16 20:12:00,49,r/Whatcouldgowrong,3,2018-05-17 03:15:57,7,1,2,0
8jy3jt,2018-05-16 20:12:00,49,r/Whatcouldgowrong,3,2018-05-17 03:17:17,8,1,2,0
8jy3jt,2018-05-16 20:12:00,49,r/Whatcouldgowrong,3,2018-05-17 03:17:39,9,1,2,0
8jy3jt,2018-05-16 20:12:00,49,r/Whatcouldgowrong,4,2018-05-16 20:28:53,0,6,417,0
8jy3jt,2018-05-16 20:12:00,49,r/Whatcouldgowrong,4,2018-05-16 21:00:36,1,1,737,0
8jy3jt,2018-05-16 20:12:00,49,r/Whatcouldgowrong,4,2018-05-16 21:49:05,2,3,303,0
8jy3jt,2018-05-16 20:12:00,49,r/Whatcouldgowrong,4,2018-05-16 22:00:58,3,3,727,1
8jy3jt,2018-05-16 20:12:00,49,r/Whatcouldgowrong,4,2018-05-16 22:06:47,4,8,278,0
8jy3jt,2018-05-16 20:12:00,49,r/Whatcouldgowrong,4,2018-05-17 01:50:08,5,2,54,0
8jy3jt,2018-05-16 20:12:00,49,r/Whatcouldgowrong,4,2018-05-17 03:09:08,6,1,16,0
8jy3jt,2018-05-16 20:12:00,49,r/Whatcouldgowrong,4,2018-05-17 03:49:31,7,1,2,0
8jy3jt,2018-05-16 20:12:00,49,r/Whatcouldgowrong,4,2018-05-16 22:33:02,5,1,68,0
8jy3jt,2018-05-16 20:12:00,49,r/Whatcouldgowrong,4,2018-05-17 01:19:06,6,1,25,0
8jy3jt,2018-05-16 20:12:00,49,r/Whatcouldgowrong,4,2018-05-17 01:44:53,7,2,19,0
8jy3jt,2018-05-16 20:12:00,49,r/Whatcouldgowrong,4,2018-05-17 03:35:46,8,0,4,0
8jy3jt,2018-05-16 20:12:00,49,r/Whatcouldgowrong,4,2018-05-17 01:14:48,5,0,3,0
8jy3jt,2018-05-16 20:12:00,49,r/Whatcouldgowrong,4,2018-05-17 00:08:28,5,0,3,0
8jy3jt,2018-05-16 20:12:00,49,r/Whatcouldgowrong,4,2018-05-17 02:30:24,5,0,1,0
8jy3jt,2018-05-16 20:12:00,49,r/Whatcouldgowrong,4,2018-05-17 02:55:11,5,0,1,0
8jy3jt,2018-05-16 20:12:00,49,r/Whatcouldgowrong,4,2018-05-17 03:30:35,5,0,1,0
8jy3jt,2018-05-16 20:12:00,49,r/Whatcouldgowrong,4,2018-05-17 05:11:32,5,0,1,0
8jy3jt,2018-05-16 20:12:00,49,r/Whatcouldgowrong,4,2018-05-16 23:07:54,4,0,7,0
8jy3jt,2018-05-16 20:12:00,49,r/Whatcouldgowrong,4,2018-05-17 03:29:58,4,0,1,0
8jy3jt,2018-05-16 20:12:00,49,r/Whatcouldgowrong,4,2018-05-17 00:56:34,3,2,7,0
8jy3jt,2018-05-16 20:12:00,49,r/Whatcouldgowrong,4,2018-05-17 00:58:39,4,0,10,0
8jy3jt,2018-05-16 20:12:00,49,r/Whatcouldgowrong,4,2018-05-17 02:16:22,4,0,3,0
8jy3jt,2018-05-16 20:12:00,49,r/Whatcouldgowrong,4,2018-05-17 04:37:42,3,0,2,0
8jy3jt,2018-05-16 20:12:00,49,r/Whatcouldgowrong,4,2018-05-17 02:14:38,1,1,78,0
8jy3jt,2018-05-16 20:12:00,49,r/Whatcouldgowrong,4,2018-05-17 04:13:05,2,0,8,0
8jy3jt,2018-05-16 20:12:00,49,r/Whatcouldgowrong,4,2018-05-16 21:25:47,1,7,193,0
8jy3jt,2018-05-16 20:12:00,49,r/Whatcouldgowrong,4,2018-05-16 21:34:22,2,1,117,0
8jy3jt,2018-05-16 20:12:00,49,r/Whatcouldgowrong,4,2018-05-17 00:11:41,2,0,37,0
8jy3jt,2018-05-16 20:12:00,49,r/Whatcouldgowrong,4,2018-05-17 03:06:05,2,0,27,0
8jy3jt,2018-05-16 20:12:00,49,r/Whatcouldgowrong,4,2018-05-17 04:22:14,2,0,14,0
8jy3jt,2018-05-16 20:12:00,49,r/Whatcouldgowrong,4,2018-05-17 02:28:47,2,0,10,0
8jy3jt,2018-05-16 20:12:00,49,r/Whatcouldgowrong,4,2018-05-17 05:13:06,2,0,1,0
8jy3jt,2018-05-16 20:12:00,49,r/Whatcouldgowrong,4,2018-05-17 03:02:51,1,0,8,0
8jy3jt,2018-05-16 20:12:00,49,r/Whatcouldgowrong,4,2018-05-17 03:17:18,1,0,2,0
8jy3jt,2018-05-16 20:12:00,49,r/Whatcouldgowrong,5,2018-05-16 21:14:12,0,6,461,0
8jy3jt,2018-05-16 20:12:00,49,r/Whatcouldgowrong,5,2018-05-16 22:13:52,1,2,147,0
8jy3jt,2018-05-16 20:12:00,49,r/Whatcouldgowrong,5,2018-05-16 23:53:55,2,0,48,0
8jy3jt,2018-05-16 20:12:00,49,r/Whatcouldgowrong,5,2018-05-17 03:35:02,2,0,5,0
8jy3jt,2018-05-16 20:12:00,49,r/Whatcouldgowrong,5,2018-05-17 02:15:09,1,1,14,0
8jy3jt,2018-05-16 20:12:00,49,r/Whatcouldgowrong,5,2018-05-17 02:30:10,1,0,11,0
8jy3jt,2018-05-16 20:12:00,49,r/Whatcouldgowrong,5,2018-05-17 03:58:24,1,0,2,0
8jy3jt,2018-05-16 20:12:00,49,r/Whatcouldgowrong,5,2018-05-17 00:21:59,1,2,-14,0
8jy3jt,2018-05-16 20:12:00,49,r/Whatcouldgowrong,5,2018-05-17 02:16:40,2,2,10,0
8jy3jt,2018-05-16 20:12:00,49,r/Whatcouldgowrong,5,2018-05-17 02:58:02,3,1,4,0
8jy3jt,2018-05-16 20:12:00,49,r/Whatcouldgowrong,5,2018-05-17 02:58:24,4,0,-4,0
8jy3jt,2018-05-16 20:12:00,49,r/Whatcouldgowrong,5,2018-05-17 04:43:52,1,0,1,0
8jy3jt,2018-05-16 20:12:00,49,r/Whatcouldgowrong,6,2018-05-16 21:37:26,0,2,168,0
8jy3jt,2018-05-16 20:12:00,49,r/Whatcouldgowrong,6,2018-05-17 02:04:50,1,10,184,0
8jy3jt,2018-05-16 20:12:00,49,r/Whatcouldgowrong,6,2018-05-17 02:20:03,2,0,36,0
8jy3jt,2018-05-16 20:12:00,49,r/Whatcouldgowrong,6,2018-05-17 02:39:50,2,0,18,0
8jy3jt,2018-05-16 20:12:00,49,r/Whatcouldgowrong,6,2018-05-17 02:49:50,2,0,5,0
8jy3jt,2018-05-16 20:12:00,49,r/Whatcouldgowrong,6,2018-05-17 02:15:43,2,3,14,0
8jy3jt,2018-05-16 20:12:00,49,r/Whatcouldgowrong,6,2018-05-17 02:18:32,3,0,6,0
8jy3jt,2018-05-16 20:12:00,49,r/Whatcouldgowrong,6,2018-05-17 04:26:12,3,0,3,0
8jy3jt,2018-05-16 20:12:00,49,r/Whatcouldgowrong,6,2018-05-17 04:50:18,3,0,2,0
8jy3jt,2018-05-16 20:12:00,49,r/Whatcouldgowrong,6,2018-05-17 03:41:52,2,0,3,0
8jy3jt,2018-05-16 20:12:00,49,r/Whatcouldgowrong,6,2018-05-17 03:45:16,2,0,2,0
8jy3jt,2018-05-16 20:12:00,49,r/Whatcouldgowrong,6,2018-05-17 03:56:59,2,0,2,0
8jy3jt,2018-05-16 20:12:00,49,r/Whatcouldgowrong,6,2018-05-17 04:13:33,2,0,2,0
8jy3jt,2018-05-16 20:12:00,49,r/Whatcouldgowrong,6,2018-05-17 04:54:58,2,0,1,0
8jy3jt,2018-05-16 20:12:00,49,r/Whatcouldgowrong,6,2018-05-17 05:12:04,2,0,1,0
8jy3jt,2018-05-16 20:12:00,49,r/Whatcouldgowrong,6,2018-05-17 02:00:39,1,1,7,0
8jy3jt,2018-05-16 20:12:00,49,r/Whatcouldgowrong,6,2018-05-17 04:51:14,2,0,1,0
8jy3jt,2018-05-16 20:12:00,49,r/Whatcouldgowrong,7,2018-05-17 00:07:13,0,9,774,0
8jy3jt,2018-05-16 20:12:00,49,r/Whatcouldgowrong,7,2018-05-17 01:00:24,1,10,157,0
8jy3jt,2018-05-16 20:12:00,49,r/Whatcouldgowrong,7,2018-05-17 01:25:22,2,1,61,0
8jy3jt,2018-05-16 20:12:00,49,r/Whatcouldgowrong,7,2018-05-17 03:39:51,3,0,22,0
8jy3jt,2018-05-16 20:12:00,49,r/Whatcouldgowrong,7,2018-05-17 01:10:32,2,2,92,0
8jy3jt,2018-05-16 20:12:00,49,r/Whatcouldgowrong,7,2018-05-17 01:53:43,3,2,30,0
8jy3jt,2018-05-16 20:12:00,49,r/Whatcouldgowrong,7,2018-05-17 02:01:29,4,0,27,0
8jy3jt,2018-05-16 20:12:00,49,r/Whatcouldgowrong,7,2018-05-17 02:41:06,4,0,1,0
8jy3jt,2018-05-16 20:12:00,49,r/Whatcouldgowrong,7,2018-05-17 03:19:02,3,0,1,0
8jy3jt,2018-05-16 20:12:00,49,r/Whatcouldgowrong,7,2018-05-17 01:26:46,2,0,9,0
8jy3jt,2018-05-16 20:12:00,49,r/Whatcouldgowrong,7,2018-05-17 01:08:23,2,1,12,0
8jy3jt,2018-05-16 20:12:00,49,r/Whatcouldgowrong,7,2018-05-17 02:04:02,3,0,4,0
8jy3jt,2018-05-16 20:12:00,49,r/Whatcouldgowrong,7,2018-05-17 02:01:32,2,0,1,0
8jy3jt,2018-05-16 20:12:00,49,r/Whatcouldgowrong,7,2018-05-17 02:26:41,2,0,1,0
8jy3jt,2018-05-16 20:12:00,49,r/Whatcouldgowrong,7,2018-05-17 03:57:23,2,0,1,0
8jy3jt,2018-05-16 20:12:00,49,r/Whatcouldgowrong,7,2018-05-17 04:08:12,2,0,1,0
8jy3jt,2018-05-16 20:12:00,49,r/Whatcouldgowrong,7,2018-05-17 05:15:19,2,0,1,0
8jy3jt,2018-05-16 20:12:00,49,r/Whatcouldgowrong,7,2018-05-17 01:32:27,2,0,1,0
8jy3jt,2018-05-16 20:12:00,49,r/Whatcouldgowrong,7,2018-05-17 01:54:25,1,1,25,0
8jy3jt,2018-05-16 20:12:00,49,r/Whatcouldgowrong,7,2018-05-17 03:31:05,2,0,2,0
8jy3jt,2018-05-16 20:12:00,49,r/Whatcouldgowrong,7,2018-05-17 03:25:47,1,1,2,0
8jy3jt,2018-05-16 20:12:00,49,r/Whatcouldgowrong,7,2018-05-17 04:09:58,2,0,1,0
8jy3jt,2018-05-16 20:12:00,49,r/Whatcouldgowrong,7,2018-05-17 03:54:15,1,0,2,0
8jy3jt,2018-05-16 20:12:00,49,r/Whatcouldgowrong,7,2018-05-17 04:14:50,1,0,1,0
8jy3jt,2018-05-16 20:12:00,49,r/Whatcouldgowrong,7,2018-05-17 04:24:48,1,0,1,0
8jy3jt,2018-05-16 20:12:00,49,r/Whatcouldgowrong,7,2018-05-17 05:12:45,1,0,1,0
8jy3jt,2018-05-16 20:12:00,49,r/Whatcouldgowrong,7,2018-05-17 02:18:23,1,0,1,0
8jy3jt,2018-05-16 20:12:00,49,r/Whatcouldgowrong,8,2018-05-16 22:40:05,0,5,163,0
8jy3jt,2018-05-16 20:12:00,49,r/Whatcouldgowrong,8,2018-05-17 02:17:26,1,1,41,0
8jy3jt,2018-05-16 20:12:00,49,r/Whatcouldgowrong,8,2018-05-17 02:23:34,2,1,24,0
8jy3jt,2018-05-16 20:12:00,49,r/Whatcouldgowrong,8,2018-05-17 04:13:50,3,0,1,0
8jy3jt,2018-05-16 20:12:00,49,r/Whatcouldgowrong,8,2018-05-17 03:36:55,1,0,6,0
8jy3jt,2018-05-16 20:12:00,49,r/Whatcouldgowrong,8,2018-05-17 03:48:28,1,0,2,0
8jy3jt,2018-05-16 20:12:00,49,r/Whatcouldgowrong,8,2018-05-17 04:59:38,1,1,3,0
8jy3jt,2018-05-16 20:12:00,49,r/Whatcouldgowrong,8,2018-05-17 05:02:57,2,0,1,0
8jy3jt,2018-05-16 20:12:00,49,r/Whatcouldgowrong,8,2018-05-17 04:37:48,1,0,1,0
8jy3jt,2018-05-16 20:12:00,49,r/Whatcouldgowrong,9,2018-05-17 00:53:01,0,4,108,0
8jy3jt,2018-05-16 20:12:00,49,r/Whatcouldgowrong,9,2018-05-17 02:06:55,1,0,8,0
8jy3jt,2018-05-16 20:12:00,49,r/Whatcouldgowrong,9,2018-05-17 01:46:39,1,0,5,0
8jy3jt,2018-05-16 20:12:00,49,r/Whatcouldgowrong,9,2018-05-17 02:35:14,1,0,2,0
8jy3jt,2018-05-16 20:12:00,49,r/Whatcouldgowrong,10,2018-05-17 02:38:47,0,0,12,0
8jy3jt,2018-05-16 20:12:00,49,r/Whatcouldgowrong,11,2018-05-17 00:20:34,0,1,109,0
8jy3jt,2018-05-16 20:12:00,49,r/Whatcouldgowrong,11,2018-05-17 00:30:35,1,2,70,0
8jy3jt,2018-05-16 20:12:00,49,r/Whatcouldgowrong,11,2018-05-17 00:33:47,2,1,16,0
8jy3jt,2018-05-16 20:12:00,49,r/Whatcouldgowrong,11,2018-05-17 00:40:35,3,1,17,0
8jy3jt,2018-05-16 20:12:00,49,r/Whatcouldgowrong,11,2018-05-17 04:29:17,4,0,1,0
8jy3jt,2018-05-16 20:12:00,49,r/Whatcouldgowrong,11,2018-05-17 01:46:44,2,0,5,0
8jy3jt,2018-05-16 20:12:00,49,r/Whatcouldgowrong,12,2018-05-17 02:46:42,0,0,41,0
8jy3jt,2018-05-16 20:12:00,49,r/Whatcouldgowrong,13,2018-05-17 02:42:06,0,0,10,0
8jy3jt,2018-05-16 20:12:00,49,r/Whatcouldgowrong,14,2018-05-16 20:40:51,0,1,60,0
8jy3jt,2018-05-16 20:12:00,49,r/Whatcouldgowrong,14,2018-05-16 23:21:30,1,1,-13,0
8jy3jt,2018-05-16 20:12:00,49,r/Whatcouldgowrong,14,2018-05-17 01:59:12,2,2,4,0
8jy3jt,2018-05-16 20:12:00,49,r/Whatcouldgowrong,14,2018-05-17 02:28:25,3,0,1,0
8jy3jt,2018-05-16 20:12:00,49,r/Whatcouldgowrong,15,2018-05-17 01:33:17,0,2,93,0
8jy3jt,2018-05-16 20:12:00,49,r/Whatcouldgowrong,15,2018-05-17 05:01:07,1,0,1,0
8jy3jt,2018-05-16 20:12:00,49,r/Whatcouldgowrong,16,2018-05-16 20:25:44,0,3,43,0
8jy3jt,2018-05-16 20:12:00,49,r/Whatcouldgowrong,16,2018-05-16 20:34:47,1,1,44,0
8jy3jt,2018-05-16 20:12:00,49,r/Whatcouldgowrong,16,2018-05-17 00:46:21,2,0,6,0
8jy3jt,2018-05-16 20:12:00,49,r/Whatcouldgowrong,16,2018-05-16 20:58:16,1,2,85,0
8jy3jt,2018-05-16 20:12:00,49,r/Whatcouldgowrong,16,2018-05-16 21:08:08,2,1,32,0
8jy3jt,2018-05-16 20:12:00,49,r/Whatcouldgowrong,16,2018-05-17 00:59:04,3,0,9,0
8jy3jt,2018-05-16 20:12:00,49,r/Whatcouldgowrong,16,2018-05-17 03:25:37,2,0,1,0
8jy3jt,2018-05-16 20:12:00,49,r/Whatcouldgowrong,16,2018-05-16 23:19:37,1,0,23,0
8jy3jt,2018-05-16 20:12:00,49,r/Whatcouldgowrong,17,2018-05-16 21:26:42,0,2,23,0
8jy3jt,2018-05-16 20:12:00,49,r/Whatcouldgowrong,17,2018-05-17 00:05:14,1,0,84,0
8jy3jt,2018-05-16 20:12:00,49,r/Whatcouldgowrong,17,2018-05-16 21:51:00,1,1,51,0
8jy3jt,2018-05-16 20:12:00,49,r/Whatcouldgowrong,17,2018-05-16 22:38:08,2,1,4,0
8jy3jt,2018-05-16 20:12:00,49,r/Whatcouldgowrong,18,2018-05-17 01:26:21,0,1,16,0
8jy3jt,2018-05-16 20:12:00,49,r/Whatcouldgowrong,18,2018-05-17 03:44:50,1,0,1,0
8jy3jt,2018-05-16 20:12:00,49,r/Whatcouldgowrong,19,2018-05-17 02:57:55,0,4,17,0
8jy3jt,2018-05-16 20:12:00,49,r/Whatcouldgowrong,19,2018-05-17 03:37:52,1,0,12,0
8jy3jt,2018-05-16 20:12:00,49,r/Whatcouldgowrong,19,2018-05-17 03:24:14,1,0,2,0
8jy3jt,2018-05-16 20:12:00,49,r/Whatcouldgowrong,19,2018-05-17 04:32:14,1,0,2,0
8jy3jt,2018-05-16 20:12:00,49,r/Whatcouldgowrong,19,2018-05-17 04:06:17,1,0,0,0
8jy3jt,2018-05-16 20:12:00,49,r/Whatcouldgowrong,20,2018-05-17 03:10:31,0,0,6,0
8jy3jt,2018-05-16 20:12:00,49,r/Whatcouldgowrong,21,2018-05-17 03:16:09,0,0,5,0
8jy3jt,2018-05-16 20:12:00,49,r/Whatcouldgowrong,22,2018-05-17 03:44:59,0,0,5,0
8jy3jt,2018-05-16 20:12:00,49,r/Whatcouldgowrong,23,2018-05-17 01:55:50,0,0,8,0
8jy3jt,2018-05-16 20:12:00,49,r/Whatcouldgowrong,24,2018-05-17 02:37:20,0,2,8,0
8jy3jt,2018-05-16 20:12:00,49,r/Whatcouldgowrong,24,2018-05-17 02:57:00,1,0,1,0
8jy3jt,2018-05-16 20:12:00,49,r/Whatcouldgowrong,24,2018-05-17 02:57:49,1,0,1,0
8jy3jt,2018-05-16 20:12:00,49,r/Whatcouldgowrong,25,2018-05-17 00:49:03,0,0,14,0
8jy3jt,2018-05-16 20:12:00,49,r/Whatcouldgowrong,26,2018-05-17 03:09:18,0,0,4,0
8jy3jt,2018-05-16 20:12:00,49,r/Whatcouldgowrong,27,2018-05-16 22:38:39,0,0,8,0
8jy3jt,2018-05-16 20:12:00,49,r/Whatcouldgowrong,28,2018-05-17 00:58:46,0,0,7,0
8jy3jt,2018-05-16 20:12:00,49,r/Whatcouldgowrong,29,2018-05-17 02:49:10,0,0,3,0
8jy3jt,2018-05-16 20:12:00,49,r/Whatcouldgowrong,30,2018-05-17 02:49:30,0,0,3,0
8jy3jt,2018-05-16 20:12:00,49,r/Whatcouldgowrong,31,2018-05-17 03:21:58,0,0,3,0
8jy3jt,2018-05-16 20:12:00,49,r/Whatcouldgowrong,32,2018-05-17 04:35:13,0,0,3,0
8jy3jt,2018-05-16 20:12:00,49,r/Whatcouldgowrong,33,2018-05-17 05:16:24,0,0,3,0
8jy3jt,2018-05-16 20:12:00,49,r/Whatcouldgowrong,34,2018-05-17 02:03:27,0,1,4,0
8jy3jt,2018-05-16 20:12:00,49,r/Whatcouldgowrong,34,2018-05-17 04:23:49,1,0,2,0
8jy3jt,2018-05-16 20:12:00,49,r/Whatcouldgowrong,35,2018-05-17 01:52:12,0,0,5,0
8jy3jt,2018-05-16 20:12:00,49,r/Whatcouldgowrong,36,2018-05-17 02:07:14,0,1,5,0
8jy3jt,2018-05-16 20:12:00,49,r/Whatcouldgowrong,36,2018-05-17 02:24:11,1,2,1,0
8jy3jt,2018-05-16 20:12:00,49,r/Whatcouldgowrong,36,2018-05-17 02:26:38,2,0,3,0
8jy3jt,2018-05-16 20:12:00,49,r/Whatcouldgowrong,36,2018-05-17 04:35:22,2,1,1,0
8jy3jt,2018-05-16 20:12:00,49,r/Whatcouldgowrong,37,2018-05-16 20:38:08,0,2,14,0
8jy3jt,2018-05-16 20:12:00,49,r/Whatcouldgowrong,37,2018-05-17 00:23:17,1,1,11,0
8jy3jt,2018-05-16 20:12:00,49,r/Whatcouldgowrong,37,2018-05-17 00:51:17,2,1,9,0
8jy3jt,2018-05-16 20:12:00,49,r/Whatcouldgowrong,37,2018-05-17 00:55:22,3,1,12,0
8jy3jt,2018-05-16 20:12:00,49,r/Whatcouldgowrong,37,2018-05-17 05:10:57,4,0,1,0
8jy3jt,2018-05-16 20:12:00,49,r/Whatcouldgowrong,38,2018-05-17 02:09:39,0,0,2,0
8jy3jt,2018-05-16 20:12:00,49,r/Whatcouldgowrong,39,2018-05-17 02:12:24,0,1,2,0
8jy3jt,2018-05-16 20:12:00,49,r/Whatcouldgowrong,40,2018-05-17 02:17:55,0,0,2,0
8jy3jt,2018-05-16 20:12:00,49,r/Whatcouldgowrong,41,2018-05-17 02:21:59,0,0,2,0
8jy3jt,2018-05-16 20:12:00,49,r/Whatcouldgowrong,42,2018-05-17 02:25:00,0,0,2,0
8jy3jt,2018-05-16 20:12:00,49,r/Whatcouldgowrong,43,2018-05-17 02:25:43,0,0,2,0
8jy3jt,2018-05-16 20:12:00,49,r/Whatcouldgowrong,44,2018-05-17 03:08:44,0,0,2,0
8jy3jt,2018-05-16 20:12:00,49,r/Whatcouldgowrong,45,2018-05-17 03:47:07,0,1,2,0
8jy3jt,2018-05-16 20:12:00,49,r/Whatcouldgowrong,45,2018-05-17 04:46:26,1,0,2,0
8jy3jt,2018-05-16 20:12:00,49,r/Whatcouldgowrong,46,2018-05-17 04:28:10,0,0,2,0
8jy3jt,2018-05-16 20:12:00,49,r/Whatcouldgowrong,47,2018-05-17 04:28:47,0,0,2,0
8jy3jt,2018-05-16 20:12:00,49,r/Whatcouldgowrong,48,2018-05-17 05:18:23,0,0,2,0
8jy3jt,2018-05-16 20:12:00,49,r/Whatcouldgowrong,49,2018-05-17 02:25:32,0,0,2,0
8jy3jt,2018-05-16 20:12:00,49,r/Whatcouldgowrong,50,2018-05-17 01:44:24,0,0,1,0
8jy3jt,2018-05-16 20:12:00,49,r/Whatcouldgowrong,51,2018-05-17 03:22:37,0,1,2,0
8jy3jt,2018-05-16 20:12:00,49,r/Whatcouldgowrong,51,2018-05-17 04:51:18,1,0,1,0
8jy3jt,2018-05-16 20:12:00,49,r/Whatcouldgowrong,52,2018-05-16 21:10:36,0,0,0,0
8jy3jt,2018-05-16 20:12:00,49,r/Whatcouldgowrong,53,2018-05-17 01:40:13,0,0,0,0
8jy3jt,2018-05-16 20:12:00,49,r/Whatcouldgowrong,54,2018-05-17 01:58:31,0,0,2,0
8jy3jt,2018-05-16 20:12:00,49,r/Whatcouldgowrong,55,2018-05-17 02:19:45,0,0,1,0
8jy3jt,2018-05-16 20:12:00,49,r/Whatcouldgowrong,56,2018-05-17 03:11:15,0,1,3,0
8jy3jt,2018-05-16 20:12:00,49,r/Whatcouldgowrong,56,2018-05-17 04:50:20,1,1,1,0
8jy3jt,2018-05-16 20:12:00,49,r/Whatcouldgowrong,57,2018-05-16 22:33:54,0,4,2,0
8jy3jt,2018-05-16 20:12:00,49,r/Whatcouldgowrong,57,2018-05-16 22:57:03,1,0,10,0
8jy3jt,2018-05-16 20:12:00,49,r/Whatcouldgowrong,57,2018-05-17 00:24:01,1,0,5,0
8jy3jt,2018-05-16 20:12:00,49,r/Whatcouldgowrong,57,2018-05-17 00:31:22,1,0,7,0
8jy3jt,2018-05-16 20:12:00,49,r/Whatcouldgowrong,58,2018-05-16 22:21:45,0,0,2,0
8jy3jt,2018-05-16 20:12:00,49,r/Whatcouldgowrong,59,2018-05-17 02:51:20,0,1,1,0
8jy3jt,2018-05-16 20:12:00,49,r/Whatcouldgowrong,59,2018-05-17 02:52:24,1,0,1,0
8jy3jt,2018-05-16 20:12:00,49,r/Whatcouldgowrong,60,2018-05-17 02:55:52,0,1,1,0
8jy3jt,2018-05-16 20:12:00,49,r/Whatcouldgowrong,60,2018-05-17 04:47:51,1,0,1,0
8jy3jt,2018-05-16 20:12:00,49,r/Whatcouldgowrong,61,2018-05-17 04:08:43,0,0,1,0
8jy3jt,2018-05-16 20:12:00,49,r/Whatcouldgowrong,62,2018-05-17 04:08:54,0,0,1,0
8jy3jt,2018-05-16 20:12:00,49,r/Whatcouldgowrong,63,2018-05-17 04:13:40,0,0,1,0
8jy3jt,2018-05-16 20:12:00,49,r/Whatcouldgowrong,64,2018-05-17 04:14:32,0,0,1,0
8jy3jt,2018-05-16 20:12:00,49,r/Whatcouldgowrong,65,2018-05-17 04:15:07,0,0,1,0
8jy3jt,2018-05-16 20:12:00,49,r/Whatcouldgowrong,66,2018-05-17 04:16:49,0,1,1,0
8jy3jt,2018-05-16 20:12:00,49,r/Whatcouldgowrong,66,2018-05-17 05:03:49,1,0,1,0
8jy3jt,2018-05-16 20:12:00,49,r/Whatcouldgowrong,67,2018-05-17 04:20:08,0,0,1,0
8jy3jt,2018-05-16 20:12:00,49,r/Whatcouldgowrong,68,2018-05-17 04:21:08,0,1,1,0
8jy3jt,2018-05-16 20:12:00,49,r/Whatcouldgowrong,68,2018-05-17 05:04:17,1,0,1,0
8jy3jt,2018-05-16 20:12:00,49,r/Whatcouldgowrong,69,2018-05-17 04:22:20,0,0,1,0
8jy3jt,2018-05-16 20:12:00,49,r/Whatcouldgowrong,70,2018-05-17 04:27:36,0,0,1,0
8jy3jt,2018-05-16 20:12:00,49,r/Whatcouldgowrong,71,2018-05-17 04:31:13,0,0,1,0
8jy3jt,2018-05-16 20:12:00,49,r/Whatcouldgowrong,72,2018-05-17 04:33:44,0,0,1,0
8jy3jt,2018-05-16 20:12:00,49,r/Whatcouldgowrong,73,2018-05-17 04:38:08,0,0,1,0
8jy3jt,2018-05-16 20:12:00,49,r/Whatcouldgowrong,74,2018-05-17 04:38:47,0,0,1,0
8jy3jt,2018-05-16 20:12:00,49,r/Whatcouldgowrong,75,2018-05-17 04:41:45,0,0,1,0
8jy3jt,2018-05-16 20:12:00,49,r/Whatcouldgowrong,76,2018-05-17 04:42:50,0,0,1,0
8jy3jt,2018-05-16 20:12:00,49,r/Whatcouldgowrong,77,2018-05-17 05:04:29,0,0,1,0
8jy3jt,2018-05-16 20:12:00,49,r/Whatcouldgowrong,78,2018-05-17 05:05:44,0,0,1,0
8jy3jt,2018-05-16 20:12:00,49,r/Whatcouldgowrong,79,2018-05-17 05:09:12,0,0,1,0
8jy3jt,2018-05-16 20:12:00,49,r/Whatcouldgowrong,80,2018-05-17 05:11:07,0,0,1,0
8jy3jt,2018-05-16 20:12:00,49,r/Whatcouldgowrong,81,2018-05-17 02:05:42,0,0,2,0
8jy3jt,2018-05-16 20:12:00,49,r/Whatcouldgowrong,82,2018-05-17 02:14:19,0,0,1,0
8jy3jt,2018-05-16 20:12:00,49,r/Whatcouldgowrong,83,2018-05-17 04:24:44,0,0,1,0
8jy3jt,2018-05-16 20:12:00,49,r/Whatcouldgowrong,84,2018-05-17 02:46:43,0,2,1,0
8jy3jt,2018-05-16 20:12:00,49,r/Whatcouldgowrong,84,2018-05-17 03:12:13,1,1,3,0
8jy3jt,2018-05-16 20:12:00,49,r/Whatcouldgowrong,84,2018-05-17 03:16:14,2,0,3,0
8jy3jt,2018-05-16 20:12:00,49,r/Whatcouldgowrong,84,2018-05-17 03:45:52,1,1,1,0
8jy3jt,2018-05-16 20:12:00,49,r/Whatcouldgowrong,84,2018-05-17 03:52:57,2,0,2,0
8jy3jt,2018-05-16 20:12:00,49,r/Whatcouldgowrong,85,2018-05-17 00:18:40,0,0,0,0
8jy3jt,2018-05-16 20:12:00,49,r/Whatcouldgowrong,86,2018-05-17 02:32:32,0,0,1,0
8jy3jt,2018-05-16 20:12:00,49,r/Whatcouldgowrong,87,2018-05-17 02:41:18,0,0,1,0
8jy3jt,2018-05-16 20:12:00,49,r/Whatcouldgowrong,88,2018-05-17 02:50:54,0,0,1,0
8jy3jt,2018-05-16 20:12:00,49,r/Whatcouldgowrong,89,2018-05-17 02:54:34,0,0,1,0
8jy3jt,2018-05-16 20:12:00,49,r/Whatcouldgowrong,90,2018-05-17 02:58:59,0,0,1,0
8jy3jt,2018-05-16 20:12:00,49,r/Whatcouldgowrong,91,2018-05-17 03:20:16,0,0,1,0
8jy3jt,2018-05-16 20:12:00,49,r/Whatcouldgowrong,92,2018-05-17 03:50:27,0,0,1,0
8jy3jt,2018-05-16 20:12:00,49,r/Whatcouldgowrong,93,2018-05-17 04:04:18,0,1,1,0
8jy3jt,2018-05-16 20:12:00,49,r/Whatcouldgowrong,93,2018-05-17 04:44:59,1,0,1,0
8jy3jt,2018-05-16 20:12:00,49,r/Whatcouldgowrong,94,2018-05-17 04:50:28,0,0,1,0
8jy3jt,2018-05-16 20:12:00,49,r/Whatcouldgowrong,95,2018-05-17 00:23:23,0,0,0,0
8jy3jt,2018-05-16 20:12:00,49,r/Whatcouldgowrong,96,2018-05-17 02:04:08,0,0,0,0
8jy3jt,2018-05-16 20:12:00,49,r/Whatcouldgowrong,97,2018-05-17 02:05:39,0,0,0,0
8jy3jt,2018-05-16 20:12:00,49,r/Whatcouldgowrong,98,2018-05-17 02:42:05,0,1,0,0
8jy3jt,2018-05-16 20:12:00,49,r/Whatcouldgowrong,99,2018-05-17 03:38:41,0,0,0,0
8jy3jt,2018-05-16 20:12:00,49,r/Whatcouldgowrong,100,2018-05-17 03:51:11,0,1,-5,0
8jz8a1,2018-05-16 22:44:53,50,r/pics,0,2018-05-16 23:17:39,0,12,1386,0
8jz8a1,2018-05-16 22:44:53,50,r/pics,0,2018-05-17 02:14:36,1,10,759,0
8jz8a1,2018-05-16 22:44:53,50,r/pics,0,2018-05-17 02:23:51,2,6,667,0
8jz8a1,2018-05-16 22:44:53,50,r/pics,0,2018-05-17 02:35:07,3,7,588,0
8jz8a1,2018-05-16 22:44:53,50,r/pics,0,2018-05-17 03:11:57,4,1,94,0
8jz8a1,2018-05-16 22:44:53,50,r/pics,0,2018-05-17 04:10:51,5,2,43,0
8jz8a1,2018-05-16 22:44:53,50,r/pics,0,2018-05-17 04:22:06,6,0,1,0
8jz8a1,2018-05-16 22:44:53,50,r/pics,0,2018-05-17 04:48:41,6,0,1,0
8jz8a1,2018-05-16 22:44:53,50,r/pics,0,2018-05-17 03:13:57,4,2,31,0
8jz8a1,2018-05-16 22:44:53,50,r/pics,0,2018-05-17 03:58:57,5,0,6,0
8jz8a1,2018-05-16 22:44:53,50,r/pics,0,2018-05-17 05:12:49,5,0,1,0
8jz8a1,2018-05-16 22:44:53,50,r/pics,0,2018-05-17 03:49:17,4,1,8,0
8jz8a1,2018-05-16 22:44:53,50,r/pics,0,2018-05-17 05:20:35,5,0,1,0
8jz8a1,2018-05-16 22:44:53,50,r/pics,0,2018-05-17 03:57:40,4,1,8,0
8jz8a1,2018-05-16 22:44:53,50,r/pics,0,2018-05-17 05:12:29,5,0,1,0
8jz8a1,2018-05-16 22:44:53,50,r/pics,0,2018-05-17 03:44:05,4,1,15,0
8jz8a1,2018-05-16 22:44:53,50,r/pics,0,2018-05-17 04:30:24,5,0,1,0
8jz8a1,2018-05-16 22:44:53,50,r/pics,0,2018-05-17 03:57:35,4,0,2,0
8jz8a1,2018-05-16 22:44:53,50,r/pics,0,2018-05-17 05:16:23,4,0,1,0
8jz8a1,2018-05-16 22:44:53,50,r/pics,0,2018-05-17 03:32:31,3,1,37,0
8jz8a1,2018-05-16 22:44:53,50,r/pics,0,2018-05-17 04:00:54,4,1,15,0
8jz8a1,2018-05-16 22:44:53,50,r/pics,0,2018-05-17 05:17:33,5,0,1,0
8jz8a1,2018-05-16 22:44:53,50,r/pics,0,2018-05-17 03:02:55,3,0,7,0
8jz8a1,2018-05-16 22:44:53,50,r/pics,0,2018-05-17 05:10:18,3,0,1,0
8jz8a1,2018-05-16 22:44:53,50,r/pics,0,2018-05-17 03:52:15,3,0,2,0
8jz8a1,2018-05-16 22:44:53,50,r/pics,0,2018-05-17 05:02:22,3,0,1,0
8jz8a1,2018-05-16 22:44:53,50,r/pics,0,2018-05-17 04:07:00,2,2,32,0
8jz8a1,2018-05-16 22:44:53,50,r/pics,0,2018-05-17 04:52:12,3,0,1,0
8jz8a1,2018-05-16 22:44:53,50,r/pics,0,2018-05-17 05:06:58,3,0,1,0
8jz8a1,2018-05-16 22:44:53,50,r/pics,0,2018-05-17 03:34:59,2,2,41,0
8jz8a1,2018-05-16 22:44:53,50,r/pics,0,2018-05-17 04:04:45,3,1,56,0
8jz8a1,2018-05-16 22:44:53,50,r/pics,0,2018-05-17 04:09:41,4,4,7,0
8jz8a1,2018-05-16 22:44:53,50,r/pics,0,2018-05-17 04:18:34,5,1,39,0
8jz8a1,2018-05-16 22:44:53,50,r/pics,0,2018-05-17 05:08:52,6,2,1,0
8jz8a1,2018-05-16 22:44:53,50,r/pics,0,2018-05-17 05:13:58,7,0,1,0
8jz8a1,2018-05-16 22:44:53,50,r/pics,0,2018-05-17 05:19:18,7,0,1,0
8jz8a1,2018-05-16 22:44:53,50,r/pics,0,2018-05-17 04:20:37,5,2,18,0
8jz8a1,2018-05-16 22:44:53,50,r/pics,0,2018-05-17 05:04:44,6,1,1,0
8jz8a1,2018-05-16 22:44:53,50,r/pics,0,2018-05-17 05:15:32,7,1,1,0
8jz8a1,2018-05-16 22:44:53,50,r/pics,0,2018-05-17 05:18:46,8,0,1,0
8jz8a1,2018-05-16 22:44:53,50,r/pics,0,2018-05-17 05:07:59,6,1,1,0
8jz8a1,2018-05-16 22:44:53,50,r/pics,0,2018-05-17 05:17:24,7,0,1,0
8jz8a1,2018-05-16 22:44:53,50,r/pics,0,2018-05-17 05:05:05,5,0,1,0
8jz8a1,2018-05-16 22:44:53,50,r/pics,0,2018-05-17 04:18:38,5,2,0,0
8jz8a1,2018-05-16 22:44:53,50,r/pics,0,2018-05-17 04:22:43,6,1,1,0
8jz8a1,2018-05-16 22:44:53,50,r/pics,0,2018-05-17 04:34:08,7,0,1,0
8jz8a1,2018-05-16 22:44:53,50,r/pics,0,2018-05-17 04:52:33,6,1,1,0
8jz8a1,2018-05-16 22:44:53,50,r/pics,0,2018-05-17 04:54:46,7,0,1,0
8jz8a1,2018-05-16 22:44:53,50,r/pics,0,2018-05-17 04:50:30,3,0,1,0
8jz8a1,2018-05-16 22:44:53,50,r/pics,0,2018-05-17 03:46:11,2,0,2,0
8jz8a1,2018-05-16 22:44:53,50,r/pics,0,2018-05-17 03:48:49,2,1,2,0
8jz8a1,2018-05-16 22:44:53,50,r/pics,0,2018-05-17 04:33:29,3,1,1,0
8jz8a1,2018-05-16 22:44:53,50,r/pics,0,2018-05-17 04:45:08,4,0,1,0
8jz8a1,2018-05-16 22:44:53,50,r/pics,0,2018-05-17 04:01:47,2,0,2,0
8jz8a1,2018-05-16 22:44:53,50,r/pics,0,2018-05-17 03:40:03,2,0,1,0
8jz8a1,2018-05-16 22:44:53,50,r/pics,0,2018-05-17 04:48:43,2,2,1,0
8jz8a1,2018-05-16 22:44:53,50,r/pics,0,2018-05-17 04:54:40,3,0,1,0
8jz8a1,2018-05-16 22:44:53,50,r/pics,0,2018-05-17 04:55:21,3,0,1,0
8jz8a1,2018-05-16 22:44:53,50,r/pics,0,2018-05-17 05:14:37,2,0,1,0
8jz8a1,2018-05-16 22:44:53,50,r/pics,0,2018-05-17 03:36:40,2,0,1,0
8jz8a1,2018-05-16 22:44:53,50,r/pics,0,2018-05-17 00:23:55,1,4,155,0
8jz8a1,2018-05-16 22:44:53,50,r/pics,0,2018-05-17 01:14:45,2,1,41,0
8jz8a1,2018-05-16 22:44:53,50,r/pics,0,2018-05-17 02:53:55,3,1,2,0
8jz8a1,2018-05-16 22:44:53,50,r/pics,0,2018-05-17 03:01:25,4,0,4,0
8jz8a1,2018-05-16 22:44:53,50,r/pics,0,2018-05-17 01:16:07,2,1,8,0
8jz8a1,2018-05-16 22:44:53,50,r/pics,0,2018-05-17 02:30:13,3,0,5,0
8jz8a1,2018-05-16 22:44:53,50,r/pics,0,2018-05-17 02:10:04,2,1,6,0
8jz8a1,2018-05-16 22:44:53,50,r/pics,0,2018-05-17 02:24:14,3,2,6,0
8jz8a1,2018-05-16 22:44:53,50,r/pics,0,2018-05-17 02:47:42,4,0,3,0
8jz8a1,2018-05-16 22:44:53,50,r/pics,0,2018-05-17 03:29:29,4,0,1,0
8jz8a1,2018-05-16 22:44:53,50,r/pics,0,2018-05-17 02:28:10,2,0,1,0
8jz8a1,2018-05-16 22:44:53,50,r/pics,0,2018-05-17 02:18:20,1,1,11,0
8jz8a1,2018-05-16 22:44:53,50,r/pics,0,2018-05-17 02:43:05,2,2,29,0
8jz8a1,2018-05-16 22:44:53,50,r/pics,0,2018-05-17 03:17:54,3,1,11,0
8jz8a1,2018-05-16 22:44:53,50,r/pics,0,2018-05-17 03:43:35,4,2,19,0
8jz8a1,2018-05-16 22:44:53,50,r/pics,0,2018-05-17 04:19:20,5,0,9,0
8jz8a1,2018-05-16 22:44:53,50,r/pics,0,2018-05-17 03:55:41,5,0,1,0
8jz8a1,2018-05-16 22:44:53,50,r/pics,0,2018-05-17 04:03:47,3,0,3,0
8jz8a1,2018-05-16 22:44:53,50,r/pics,0,2018-05-17 02:40:13,1,1,11,0
8jz8a1,2018-05-16 22:44:53,50,r/pics,0,2018-05-17 03:28:33,2,1,15,0
8jz8a1,2018-05-16 22:44:53,50,r/pics,0,2018-05-17 03:59:42,3,0,6,0
8jz8a1,2018-05-16 22:44:53,50,r/pics,0,2018-05-17 02:17:08,1,1,8,0
8jz8a1,2018-05-16 22:44:53,50,r/pics,0,2018-05-17 04:25:54,2,0,1,0
8jz8a1,2018-05-16 22:44:53,50,r/pics,0,2018-05-17 01:10:44,1,0,3,0
8jz8a1,2018-05-16 22:44:53,50,r/pics,0,2018-05-17 03:08:06,1,1,3,0
8jz8a1,2018-05-16 22:44:53,50,r/pics,0,2018-05-17 03:57:14,2,0,3,0
8jz8a1,2018-05-16 22:44:53,50,r/pics,0,2018-05-17 02:48:36,1,0,3,0
8jz8a1,2018-05-16 22:44:53,50,r/pics,0,2018-05-17 02:04:47,1,0,3,0
8jz8a1,2018-05-16 22:44:53,50,r/pics,0,2018-05-17 04:13:38,1,0,1,0
8jz8a1,2018-05-16 22:44:53,50,r/pics,0,2018-05-17 04:30:22,1,0,1,0
8jz8a1,2018-05-16 22:44:53,50,r/pics,0,2018-05-17 02:19:41,1,3,-4,0
8jz8a1,2018-05-16 22:44:53,50,r/pics,0,2018-05-17 02:25:20,2,0,27,0
8jz8a1,2018-05-16 22:44:53,50,r/pics,0,2018-05-17 02:27:09,2,1,10,0
8jz8a1,2018-05-16 22:44:53,50,r/pics,0,2018-05-17 03:53:53,3,1,0,0
8jz8a1,2018-05-16 22:44:53,50,r/pics,0,2018-05-17 04:37:25,4,1,1,0
8jz8a1,2018-05-16 22:44:53,50,r/pics,0,2018-05-17 04:54:04,5,0,1,0
8jz8a1,2018-05-16 22:44:53,50,r/pics,0,2018-05-17 03:33:52,2,0,1,0
8jz8a1,2018-05-16 22:44:53,50,r/pics,1,2018-05-16 23:02:19,0,3,392,0
8jz8a1,2018-05-16 22:44:53,50,r/pics,1,2018-05-17 03:40:38,1,0,10,0
8jz8a1,2018-05-16 22:44:53,50,r/pics,1,2018-05-16 23:06:08,1,0,53,0
8jz8a1,2018-05-16 22:44:53,50,r/pics,1,2018-05-17 03:45:04,1,0,0,0
8jz8a1,2018-05-16 22:44:53,50,r/pics,2,2018-05-16 23:20:28,0,11,351,0
8jz8a1,2018-05-16 22:44:53,50,r/pics,2,2018-05-17 01:42:45,1,5,120,0
8jz8a1,2018-05-16 22:44:53,50,r/pics,2,2018-05-17 02:35:01,2,0,53,0
8jz8a1,2018-05-16 22:44:53,50,r/pics,2,2018-05-17 02:12:48,2,0,43,0
8jz8a1,2018-05-16 22:44:53,50,r/pics,2,2018-05-17 02:57:25,2,0,28,0
8jz8a1,2018-05-16 22:44:53,50,r/pics,2,2018-05-17 03:00:50,2,1,23,0
8jz8a1,2018-05-16 22:44:53,50,r/pics,2,2018-05-17 03:44:57,3,0,11,0
8jz8a1,2018-05-16 22:44:53,50,r/pics,2,2018-05-17 03:27:07,2,0,11,0
8jz8a1,2018-05-16 22:44:53,50,r/pics,2,2018-05-17 00:03:31,1,2,48,0
8jz8a1,2018-05-16 22:44:53,50,r/pics,2,2018-05-17 00:54:58,2,1,31,0
8jz8a1,2018-05-16 22:44:53,50,r/pics,2,2018-05-17 01:58:33,3,6,-19,0
8jz8a1,2018-05-16 22:44:53,50,r/pics,2,2018-05-17 02:13:32,4,1,20,0
8jz8a1,2018-05-16 22:44:53,50,r/pics,2,2018-05-17 02:16:43,5,2,-14,0
8jz8a1,2018-05-16 22:44:53,50,r/pics,2,2018-05-17 03:21:50,6,0,6,0
8jz8a1,2018-05-16 22:44:53,50,r/pics,2,2018-05-17 02:39:55,6,0,6,0
8jz8a1,2018-05-16 22:44:53,50,r/pics,2,2018-05-17 02:31:46,4,1,6,0
8jz8a1,2018-05-16 22:44:53,50,r/pics,2,2018-05-17 03:08:21,5,1,5,0
8jz8a1,2018-05-16 22:44:53,50,r/pics,2,2018-05-17 03:30:04,6,1,3,0
8jz8a1,2018-05-16 22:44:53,50,r/pics,2,2018-05-17 03:31:08,7,0,5,0
8jz8a1,2018-05-16 22:44:53,50,r/pics,2,2018-05-17 02:28:54,4,0,5,0
8jz8a1,2018-05-16 22:44:53,50,r/pics,2,2018-05-17 02:38:19,4,0,5,0
8jz8a1,2018-05-16 22:44:53,50,r/pics,2,2018-05-17 03:02:12,4,0,3,0
8jz8a1,2018-05-16 22:44:53,50,r/pics,2,2018-05-17 02:20:45,4,0,6,0
8jz8a1,2018-05-16 22:44:53,50,r/pics,2,2018-05-17 02:40:55,2,1,14,0
8jz8a1,2018-05-16 22:44:53,50,r/pics,2,2018-05-17 04:02:14,3,0,3,0
8jz8a1,2018-05-16 22:44:53,50,r/pics,2,2018-05-16 23:31:22,1,1,74,0
8jz8a1,2018-05-16 22:44:53,50,r/pics,2,2018-05-17 02:43:20,2,0,13,0
8jz8a1,2018-05-16 22:44:53,50,r/pics,2,2018-05-17 00:07:50,1,0,10,0
8jz8a1,2018-05-16 22:44:53,50,r/pics,2,2018-05-17 03:31:18,1,0,3,0
8jz8a1,2018-05-16 22:44:53,50,r/pics,2,2018-05-17 04:23:48,1,0,1,0
8jz8a1,2018-05-16 22:44:53,50,r/pics,2,2018-05-17 04:33:08,1,1,1,0
8jz8a1,2018-05-16 22:44:53,50,r/pics,2,2018-05-17 05:10:09,2,0,1,0
8jz8a1,2018-05-16 22:44:53,50,r/pics,2,2018-05-17 03:39:14,1,0,1,0
8jz8a1,2018-05-16 22:44:53,50,r/pics,2,2018-05-17 04:42:16,1,0,1,0
8jz8a1,2018-05-16 22:44:53,50,r/pics,2,2018-05-17 05:10:07,1,0,1,0
8jz8a1,2018-05-16 22:44:53,50,r/pics,2,2018-05-17 05:17:52,1,0,1,0
8jz8a1,2018-05-16 22:44:53,50,r/pics,3,2018-05-16 23:26:36,0,2,175,0
8jz8a1,2018-05-16 22:44:53,50,r/pics,3,2018-05-17 00:57:44,1,1,34,0
8jz8a1,2018-05-16 22:44:53,50,r/pics,3,2018-05-17 02:20:40,2,3,25,0
8jz8a1,2018-05-16 22:44:53,50,r/pics,3,2018-05-17 03:39:21,3,0,8,0
8jz8a1,2018-05-16 22:44:53,50,r/pics,3,2018-05-17 03:28:38,3,0,4,0
8jz8a1,2018-05-16 22:44:53,50,r/pics,3,2018-05-17 04:20:31,3,0,1,0
8jz8a1,2018-05-16 22:44:53,50,r/pics,3,2018-05-17 05:10:09,1,0,1,0
8jz8a1,2018-05-16 22:44:53,50,r/pics,4,2018-05-17 00:47:20,0,2,68,0
8jz8a1,2018-05-16 22:44:53,50,r/pics,4,2018-05-17 04:47:13,1,0,1,0
8jz8a1,2018-05-16 22:44:53,50,r/pics,4,2018-05-17 05:06:45,1,0,1,0
8jz8a1,2018-05-16 22:44:53,50,r/pics,5,2018-05-17 00:44:19,0,6,92,0
8jz8a1,2018-05-16 22:44:53,50,r/pics,5,2018-05-17 03:26:08,1,3,12,0
8jz8a1,2018-05-16 22:44:53,50,r/pics,5,2018-05-17 03:34:10,2,1,5,0
8jz8a1,2018-05-16 22:44:53,50,r/pics,5,2018-05-17 04:10:57,3,0,3,0
8jz8a1,2018-05-16 22:44:53,50,r/pics,5,2018-05-17 04:55:51,2,0,1,0
8jz8a1,2018-05-16 22:44:53,50,r/pics,5,2018-05-17 03:41:45,2,0,-1,0
8jz8a1,2018-05-16 22:44:53,50,r/pics,5,2018-05-17 01:57:49,1,0,9,0
8jz8a1,2018-05-16 22:44:53,50,r/pics,5,2018-05-17 04:58:51,1,0,1,0
8jz8a1,2018-05-16 22:44:53,50,r/pics,5,2018-05-17 04:54:43,1,0,1,0
8jz8a1,2018-05-16 22:44:53,50,r/pics,5,2018-05-17 05:08:54,1,0,1,0
8jz8a1,2018-05-16 22:44:53,50,r/pics,5,2018-05-17 05:11:55,1,0,1,0
8jz8a1,2018-05-16 22:44:53,50,r/pics,6,2018-05-16 22:48:19,0,5,129,0
8jz8a1,2018-05-16 22:44:53,50,r/pics,6,2018-05-16 23:55:49,1,0,67,0
8jz8a1,2018-05-16 22:44:53,50,r/pics,6,2018-05-17 02:18:10,1,1,87,0
8jz8a1,2018-05-16 22:44:53,50,r/pics,6,2018-05-17 02:26:22,2,0,27,0
8jz8a1,2018-05-16 22:44:53,50,r/pics,6,2018-05-17 00:05:41,1,0,10,0
8jz8a1,2018-05-16 22:44:53,50,r/pics,6,2018-05-17 03:49:07,1,0,3,0
8jz8a1,2018-05-16 22:44:53,50,r/pics,6,2018-05-16 23:24:41,1,1,6,0
8jz8a1,2018-05-16 22:44:53,50,r/pics,6,2018-05-17 01:14:18,2,1,14,0
8jz8a1,2018-05-16 22:44:53,50,r/pics,6,2018-05-17 04:45:44,3,0,1,0
8jz8a1,2018-05-16 22:44:53,50,r/pics,7,2018-05-16 22:59:16,0,1,90,0
8jz8a1,2018-05-16 22:44:53,50,r/pics,7,2018-05-17 04:01:46,1,0,4,0
8jz8a1,2018-05-16 22:44:53,50,r/pics,8,2018-05-17 00:55:31,0,1,14,0
8jz8a1,2018-05-16 22:44:53,50,r/pics,8,2018-05-17 05:06:02,1,0,1,0
8jz8a1,2018-05-16 22:44:53,50,r/pics,9,2018-05-16 22:47:51,0,2,53,0
8jz8a1,2018-05-16 22:44:53,50,r/pics,9,2018-05-17 01:51:59,1,1,13,0
8jz8a1,2018-05-16 22:44:53,50,r/pics,9,2018-05-17 03:17:26,2,1,1,0
8jz8a1,2018-05-16 22:44:53,50,r/pics,9,2018-05-17 04:22:48,3,0,1,0
8jz8a1,2018-05-16 22:44:53,50,r/pics,9,2018-05-17 01:52:01,1,1,-13,0
8jz8a1,2018-05-16 22:44:53,50,r/pics,9,2018-05-17 03:16:34,2,0,2,0
8jz8a1,2018-05-16 22:44:53,50,r/pics,10,2018-05-16 23:36:33,0,2,9,0
8jz8a1,2018-05-16 22:44:53,50,r/pics,10,2018-05-17 03:33:58,1,0,5,0
8jz8a1,2018-05-16 22:44:53,50,r/pics,10,2018-05-17 04:24:04,1,0,1,0
8jz8a1,2018-05-16 22:44:53,50,r/pics,11,2018-05-17 01:17:52,0,1,8,0
8jz8a1,2018-05-16 22:44:53,50,r/pics,11,2018-05-17 01:29:18,1,1,8,0
8jz8a1,2018-05-16 22:44:53,50,r/pics,11,2018-05-17 05:10:07,2,0,1,0
8jz8a1,2018-05-16 22:44:53,50,r/pics,12,2018-05-17 01:52:58,0,0,7,0
8jz8a1,2018-05-16 22:44:53,50,r/pics,13,2018-05-16 23:10:12,0,0,14,0
8jz8a1,2018-05-16 22:44:53,50,r/pics,14,2018-05-17 00:03:37,0,0,7,0
8jz8a1,2018-05-16 22:44:53,50,r/pics,15,2018-05-16 22:48:10,0,1,6,0
8jz8a1,2018-05-16 22:44:53,50,r/pics,15,2018-05-17 04:46:57,1,0,1,0
8jz8a1,2018-05-16 22:44:53,50,r/pics,16,2018-05-17 01:28:13,0,0,6,0
8jz8a1,2018-05-16 22:44:53,50,r/pics,17,2018-05-16 23:30:53,0,0,10,0
8jz8a1,2018-05-16 22:44:53,50,r/pics,18,2018-05-16 23:47:42,0,2,8,0
8jz8a1,2018-05-16 22:44:53,50,r/pics,18,2018-05-17 00:15:34,1,1,12,0
8jz8a1,2018-05-16 22:44:53,50,r/pics,18,2018-05-17 00:57:52,2,1,8,0
8jz8a1,2018-05-16 22:44:53,50,r/pics,18,2018-05-17 03:56:01,3,0,3,0
8jz8a1,2018-05-16 22:44:53,50,r/pics,18,2018-05-17 01:51:24,1,0,4,0
8jz8a1,2018-05-16 22:44:53,50,r/pics,19,2018-05-17 00:37:38,0,0,4,0
8jz8a1,2018-05-16 22:44:53,50,r/pics,20,2018-05-16 23:04:46,0,0,3,0
8jz8a1,2018-05-16 22:44:53,50,r/pics,21,2018-05-16 23:35:45,0,0,3,0
8jz8a1,2018-05-16 22:44:53,50,r/pics,22,2018-05-17 00:45:28,0,0,3,0
8jz8a1,2018-05-16 22:44:53,50,r/pics,23,2018-05-17 01:35:45,0,2,3,0
8jz8a1,2018-05-16 22:44:53,50,r/pics,23,2018-05-17 03:48:59,1,0,1,0
8jz8a1,2018-05-16 22:44:53,50,r/pics,23,2018-05-17 01:37:25,1,0,1,0
8jz8a1,2018-05-16 22:44:53,50,r/pics,24,2018-05-17 03:41:38,0,0,3,0
8jz8a1,2018-05-16 22:44:53,50,r/pics,25,2018-05-17 04:34:35,0,0,1,0
8jz8a1,2018-05-16 22:44:53,50,r/pics,26,2018-05-17 04:35:33,0,0,1,0
8jz8a1,2018-05-16 22:44:53,50,r/pics,27,2018-05-16 23:36:34,0,0,2,0
8jz8a1,2018-05-16 22:44:53,50,r/pics,28,2018-05-16 23:33:35,0,1,2,0
8jz8a1,2018-05-16 22:44:53,50,r/pics,28,2018-05-17 04:25:14,1,0,1,0
8jz8a1,2018-05-16 22:44:53,50,r/pics,29,2018-05-17 01:43:23,0,0,2,0
8jz8a1,2018-05-16 22:44:53,50,r/pics,30,2018-05-17 01:43:52,0,0,2,0
8jz8a1,2018-05-16 22:44:53,50,r/pics,31,2018-05-17 01:47:01,0,0,2,0
8jz8a1,2018-05-16 22:44:53,50,r/pics,32,2018-05-17 01:49:28,0,0,2,0
8jz8a1,2018-05-16 22:44:53,50,r/pics,33,2018-05-17 01:51:30,0,0,2,0
8jz8a1,2018-05-16 22:44:53,50,r/pics,34,2018-05-17 01:52:52,0,0,2,0
8jz8a1,2018-05-16 22:44:53,50,r/pics,35,2018-05-17 01:55:38,0,0,2,0
8jz8a1,2018-05-16 22:44:53,50,r/pics,36,2018-05-17 01:59:07,0,0,2,0
8jz8a1,2018-05-16 22:44:53,50,r/pics,37,2018-05-17 02:05:49,0,0,2,0
8jz8a1,2018-05-16 22:44:53,50,r/pics,38,2018-05-17 02:37:51,0,0,2,0
8jz8a1,2018-05-16 22:44:53,50,r/pics,39,2018-05-17 03:21:06,0,0,2,0
8jz8a1,2018-05-16 22:44:53,50,r/pics,40,2018-05-17 03:21:44,0,0,2,0
8jz8a1,2018-05-16 22:44:53,50,r/pics,41,2018-05-17 03:36:19,0,0,2,0
8jz8a1,2018-05-16 22:44:53,50,r/pics,42,2018-05-17 03:36:50,0,0,2,0
8jz8a1,2018-05-16 22:44:53,50,r/pics,43,2018-05-17 03:40:28,0,0,2,0
8jz8a1,2018-05-16 22:44:53,50,r/pics,44,2018-05-17 04:13:01,0,0,2,0
8jz8a1,2018-05-16 22:44:53,50,r/pics,45,2018-05-17 04:13:13,0,0,2,0
8jz8a1,2018-05-16 22:44:53,50,r/pics,46,2018-05-17 04:32:30,0,0,1,0
8jz8a1,2018-05-16 22:44:53,50,r/pics,47,2018-05-17 02:01:24,0,0,2,0
8jz8a1,2018-05-16 22:44:53,50,r/pics,48,2018-05-16 23:38:35,0,0,1,0
8jz8a1,2018-05-16 22:44:53,50,r/pics,49,2018-05-16 23:58:59,0,0,1,0
8jz8a1,2018-05-16 22:44:53,50,r/pics,50,2018-05-17 00:18:59,0,0,1,0
8jz8a1,2018-05-16 22:44:53,50,r/pics,51,2018-05-17 00:25:47,0,0,1,0
8jz8a1,2018-05-16 22:44:53,50,r/pics,52,2018-05-17 00:34:46,0,0,1,0
8jz8a1,2018-05-16 22:44:53,50,r/pics,53,2018-05-17 00:39:21,0,1,1,0
8jz8a1,2018-05-16 22:44:53,50,r/pics,53,2018-05-17 04:24:57,1,0,1,0
8jz8a1,2018-05-16 22:44:53,50,r/pics,54,2018-05-17 00:52:36,0,0,1,0
8jz8a1,2018-05-16 22:44:53,50,r/pics,55,2018-05-17 00:53:10,0,0,1,0
8jz8a1,2018-05-16 22:44:53,50,r/pics,56,2018-05-17 00:57:30,0,0,1,0
8jz8a1,2018-05-16 22:44:53,50,r/pics,57,2018-05-17 01:22:55,0,0,1,0
8jz8a1,2018-05-16 22:44:53,50,r/pics,58,2018-05-17 01:40:02,0,0,1,0
8jz8a1,2018-05-16 22:44:53,50,r/pics,59,2018-05-17 01:40:02,0,0,1,0
8jz8a1,2018-05-16 22:44:53,50,r/pics,60,2018-05-17 01:40:23,0,0,1,0
8jz8a1,2018-05-16 22:44:53,50,r/pics,61,2018-05-17 01:43:24,0,1,1,0
8jz8a1,2018-05-16 22:44:53,50,r/pics,61,2018-05-17 04:24:47,1,0,1,0
8jz8a1,2018-05-16 22:44:53,50,r/pics,62,2018-05-17 01:44:30,0,0,1,0
8jz8a1,2018-05-16 22:44:53,50,r/pics,63,2018-05-17 01:45:21,0,1,1,0
8jz8a1,2018-05-16 22:44:53,50,r/pics,63,2018-05-17 02:35:50,1,0,1,0
8jz8a1,2018-05-16 22:44:53,50,r/pics,64,2018-05-17 01:48:51,0,1,1,0
8jz8a1,2018-05-16 22:44:53,50,r/pics,64,2018-05-17 01:51:29,1,0,1,0
8jz8a1,2018-05-16 22:44:53,50,r/pics,65,2018-05-17 01:50:38,0,0,1,0
8jz8a1,2018-05-16 22:44:53,50,r/pics,66,2018-05-17 01:53:27,0,0,1,0
8jz8a1,2018-05-16 22:44:53,50,r/pics,67,2018-05-17 02:02:20,0,0,1,0
8jz8a1,2018-05-16 22:44:53,50,r/pics,68,2018-05-17 02:02:38,0,0,1,0
8jz8a1,2018-05-16 22:44:53,50,r/pics,69,2018-05-17 02:03:36,0,0,1,0
8jz8a1,2018-05-16 22:44:53,50,r/pics,70,2018-05-17 02:03:47,0,0,1,0
8jz8a1,2018-05-16 22:44:53,50,r/pics,71,2018-05-17 02:05:47,0,0,1,0
8jz8a1,2018-05-16 22:44:53,50,r/pics,72,2018-05-17 02:06:11,0,0,1,0
8jz8a1,2018-05-16 22:44:53,50,r/pics,73,2018-05-17 02:06:40,0,0,1,0
8jz8a1,2018-05-16 22:44:53,50,r/pics,74,2018-05-17 02:08:16,0,0,1,0
8jz8a1,2018-05-16 22:44:53,50,r/pics,75,2018-05-17 02:08:35,0,0,1,0
8jz8a1,2018-05-16 22:44:53,50,r/pics,76,2018-05-17 02:09:39,0,0,1,0
8jz8a1,2018-05-16 22:44:53,50,r/pics,77,2018-05-17 02:11:29,0,0,1,0
8jz8a1,2018-05-16 22:44:53,50,r/pics,78,2018-05-17 02:12:32,0,0,1,0
8jz8a1,2018-05-16 22:44:53,50,r/pics,79,2018-05-17 02:12:43,0,0,1,0
8jz8a1,2018-05-16 22:44:53,50,r/pics,80,2018-05-17 02:13:19,0,0,1,0
8jz8a1,2018-05-16 22:44:53,50,r/pics,81,2018-05-17 02:13:27,0,0,1,0
8jz8a1,2018-05-16 22:44:53,50,r/pics,82,2018-05-17 02:15:31,0,0,1,0
8jz8a1,2018-05-16 22:44:53,50,r/pics,83,2018-05-17 02:16:28,0,0,1,0
8jz8a1,2018-05-16 22:44:53,50,r/pics,84,2018-05-17 02:17:08,0,0,1,0
8jz8a1,2018-05-16 22:44:53,50,r/pics,85,2018-05-17 02:17:38,0,0,1,0
8jz8a1,2018-05-16 22:44:53,50,r/pics,86,2018-05-17 02:19:25,0,0,1,0
8jz8a1,2018-05-16 22:44:53,50,r/pics,87,2018-05-17 02:19:31,0,0,1,0
8jz8a1,2018-05-16 22:44:53,50,r/pics,88,2018-05-17 02:19:41,0,0,1,0
8jz8a1,2018-05-16 22:44:53,50,r/pics,89,2018-05-17 02:20:52,0,0,1,0
8jz8a1,2018-05-16 22:44:53,50,r/pics,90,2018-05-17 02:22:10,0,0,1,0
8jz8a1,2018-05-16 22:44:53,50,r/pics,91,2018-05-17 02:24:09,0,0,1,0
8jz8a1,2018-05-16 22:44:53,50,r/pics,92,2018-05-17 02:26:11,0,0,1,0
8jz8a1,2018-05-16 22:44:53,50,r/pics,93,2018-05-17 02:26:50,0,0,1,0
8jz8a1,2018-05-16 22:44:53,50,r/pics,94,2018-05-17 02:28:10,0,0,1,0
8jz8a1,2018-05-16 22:44:53,50,r/pics,95,2018-05-17 02:32:56,0,0,1,0
8jz8a1,2018-05-16 22:44:53,50,r/pics,96,2018-05-17 02:35:51,0,0,1,0
8jz8a1,2018-05-16 22:44:53,50,r/pics,97,2018-05-17 02:38:12,0,0,1,0
8jz8a1,2018-05-16 22:44:53,50,r/pics,98,2018-05-17 02:39:00,0,0,1,0
8jz8a1,2018-05-16 22:44:53,50,r/pics,99,2018-05-17 02:41:25,0,0,1,0
8jz8a1,2018-05-16 22:44:53,50,r/pics,100,2018-05-17 02:44:21,0,0,1,0
8jz8a1,2018-05-16 22:44:53,50,r/pics,101,2018-05-17 02:51:24,0,0,1,0
8jz8a1,2018-05-16 22:44:53,50,r/pics,102,2018-05-17 02:53:34,0,0,1,0
8jz8a1,2018-05-16 22:44:53,50,r/pics,103,2018-05-17 02:53:47,0,1,1,0
8jz8a1,2018-05-16 22:44:53,50,r/pics,103,2018-05-17 04:24:21,1,0,1,0
8jz8a1,2018-05-16 22:44:53,50,r/pics,104,2018-05-17 02:53:58,0,0,1,0
8jz8a1,2018-05-16 22:44:53,50,r/pics,105,2018-05-17 02:54:49,0,0,1,0
8jz8a1,2018-05-16 22:44:53,50,r/pics,106,2018-05-17 02:55:45,0,0,1,0
8jz8a1,2018-05-16 22:44:53,50,r/pics,107,2018-05-17 02:56:45,0,0,1,0
8jz8a1,2018-05-16 22:44:53,50,r/pics,108,2018-05-17 02:59:36,0,0,1,0
8jz8a1,2018-05-16 22:44:53,50,r/pics,109,2018-05-17 03:02:09,0,0,1,0
8jz8a1,2018-05-16 22:44:53,50,r/pics,110,2018-05-17 03:03:56,0,0,1,0
8jz8a1,2018-05-16 22:44:53,50,r/pics,111,2018-05-17 03:04:32,0,0,1,0
8jz8a1,2018-05-16 22:44:53,50,r/pics,112,2018-05-17 03:04:45,0,0,1,0
8jz8a1,2018-05-16 22:44:53,50,r/pics,113,2018-05-17 03:05:28,0,1,1,0
8jz8a1,2018-05-16 22:44:53,50,r/pics,113,2018-05-17 04:24:10,1,0,1,0
8jz8a1,2018-05-16 22:44:53,50,r/pics,114,2018-05-17 03:07:30,0,0,1,0
8jz8a1,2018-05-16 22:44:53,50,r/pics,115,2018-05-17 03:08:15,0,0,1,0
8jz8a1,2018-05-16 22:44:53,50,r/pics,116,2018-05-17 03:08:26,0,0,1,0
8jz8a1,2018-05-16 22:44:53,50,r/pics,117,2018-05-17 03:08:50,0,0,1,0
8jz8a1,2018-05-16 22:44:53,50,r/pics,118,2018-05-17 03:08:58,0,0,1,0
8jz8a1,2018-05-16 22:44:53,50,r/pics,119,2018-05-17 03:09:09,0,0,1,0
8jz8a1,2018-05-16 22:44:53,50,r/pics,120,2018-05-17 03:09:44,0,0,1,0
8jz8a1,2018-05-16 22:44:53,50,r/pics,121,2018-05-17 03:13:06,0,0,1,0
8jz8a1,2018-05-16 22:44:53,50,r/pics,122,2018-05-17 03:14:38,0,0,1,0
8jz8a1,2018-05-16 22:44:53,50,r/pics,123,2018-05-17 03:15:08,0,1,1,0
8jz8a1,2018-05-16 22:44:53,50,r/pics,123,2018-05-17 04:23:55,1,0,1,0
8jz8a1,2018-05-16 22:44:53,50,r/pics,124,2018-05-17 03:18:52,0,1,1,0
8jz8a1,2018-05-16 22:44:53,50,r/pics,124,2018-05-17 03:27:57,1,0,1,0
8jz8a1,2018-05-16 22:44:53,50,r/pics,125,2018-05-17 03:21:10,0,0,1,0
8jz8a1,2018-05-16 22:44:53,50,r/pics,126,2018-05-17 03:21:25,0,0,1,0
8jz8a1,2018-05-16 22:44:53,50,r/pics,127,2018-05-17 03:22:29,0,0,1,0
8jz8a1,2018-05-16 22:44:53,50,r/pics,128,2018-05-17 03:22:50,0,0,1,0
8jz8a1,2018-05-16 22:44:53,50,r/pics,129,2018-05-17 03:24:01,0,0,1,0
8jz8a1,2018-05-16 22:44:53,50,r/pics,130,2018-05-17 03:25:29,0,0,1,0
8jz8a1,2018-05-16 22:44:53,50,r/pics,131,2018-05-17 03:26:14,0,0,1,0
8jz8a1,2018-05-16 22:44:53,50,r/pics,132,2018-05-17 03:26:43,0,0,1,0
8jz8a1,2018-05-16 22:44:53,50,r/pics,133,2018-05-17 03:27:21,0,0,1,0
8jz8a1,2018-05-16 22:44:53,50,r/pics,134,2018-05-17 03:28:11,0,0,1,0
8jz8a1,2018-05-16 22:44:53,50,r/pics,135,2018-05-17 03:28:46,0,0,1,0
8jz8a1,2018-05-16 22:44:53,50,r/pics,136,2018-05-17 03:30:00,0,0,1,0
8jz8a1,2018-05-16 22:44:53,50,r/pics,137,2018-05-17 03:30:32,0,0,1,0
8jz8a1,2018-05-16 22:44:53,50,r/pics,138,2018-05-17 03:31:53,0,0,1,0
8jz8a1,2018-05-16 22:44:53,50,r/pics,139,2018-05-17 03:32:44,0,0,1,0
8jz8a1,2018-05-16 22:44:53,50,r/pics,140,2018-05-17 03:33:28,0,0,1,0
8jz8a1,2018-05-16 22:44:53,50,r/pics,141,2018-05-17 03:33:30,0,0,1,0
8jz8a1,2018-05-16 22:44:53,50,r/pics,142,2018-05-17 03:33:51,0,0,1,0
8jz8a1,2018-05-16 22:44:53,50,r/pics,143,2018-05-17 03:37:22,0,0,1,0
8jz8a1,2018-05-16 22:44:53,50,r/pics,144,2018-05-17 03:37:23,0,0,1,0
8jz8a1,2018-05-16 22:44:53,50,r/pics,145,2018-05-17 03:37:23,0,0,1,0
8jz8a1,2018-05-16 22:44:53,50,r/pics,146,2018-05-17 03:38:21,0,0,1,0
8jz8a1,2018-05-16 22:44:53,50,r/pics,147,2018-05-17 03:38:28,0,0,1,0
8jz8a1,2018-05-16 22:44:53,50,r/pics,148,2018-05-17 03:39:21,0,0,1,0
8jz8a1,2018-05-16 22:44:53,50,r/pics,149,2018-05-17 03:40:23,0,0,1,0
8jz8a1,2018-05-16 22:44:53,50,r/pics,150,2018-05-17 03:41:24,0,0,1,0
8jz8a1,2018-05-16 22:44:53,50,r/pics,151,2018-05-17 03:41:53,0,0,1,0
8jz8a1,2018-05-16 22:44:53,50,r/pics,152,2018-05-17 03:45:37,0,0,1,0
8jz8a1,2018-05-16 22:44:53,50,r/pics,153,2018-05-17 03:45:50,0,0,1,0
8jz8a1,2018-05-16 22:44:53,50,r/pics,154,2018-05-17 03:47:21,0,0,1,0
8jz8a1,2018-05-16 22:44:53,50,r/pics,155,2018-05-17 03:47:47,0,0,1,0
8jz8a1,2018-05-16 22:44:53,50,r/pics,156,2018-05-17 03:48:25,0,0,1,0
8jz8a1,2018-05-16 22:44:53,50,r/pics,157,2018-05-17 03:53:16,0,0,1,0
8jz8a1,2018-05-16 22:44:53,50,r/pics,158,2018-05-17 03:53:42,0,0,1,0
8jz8a1,2018-05-16 22:44:53,50,r/pics,159,2018-05-17 03:58:03,0,0,1,0
8jz8a1,2018-05-16 22:44:53,50,r/pics,160,2018-05-17 03:59:20,0,0,1,0
8jz8a1,2018-05-16 22:44:53,50,r/pics,161,2018-05-17 04:00:18,0,0,1,0
8jz8a1,2018-05-16 22:44:53,50,r/pics,162,2018-05-17 04:03:20,0,0,1,0
8jz8a1,2018-05-16 22:44:53,50,r/pics,163,2018-05-17 04:03:22,0,0,1,0
8jz8a1,2018-05-16 22:44:53,50,r/pics,164,2018-05-17 04:04:03,0,0,1,0
8jz8a1,2018-05-16 22:44:53,50,r/pics,165,2018-05-17 04:05:06,0,0,1,0
8jz8a1,2018-05-16 22:44:53,50,r/pics,166,2018-05-17 04:08:40,0,0,1,0
8jz8a1,2018-05-16 22:44:53,50,r/pics,167,2018-05-17 04:09:49,0,0,1,0
8jz8a1,2018-05-16 22:44:53,50,r/pics,168,2018-05-17 04:09:53,0,0,1,0
8jz8a1,2018-05-16 22:44:53,50,r/pics,169,2018-05-17 04:10:25,0,0,1,0
8jz8a1,2018-05-16 22:44:53,50,r/pics,170,2018-05-17 04:11:19,0,0,1,0
8jz8a1,2018-05-16 22:44:53,50,r/pics,171,2018-05-17 04:12:59,0,0,1,0
8jz8a1,2018-05-16 22:44:53,50,r/pics,172,2018-05-17 04:13:18,0,0,1,0
8jz8a1,2018-05-16 22:44:53,50,r/pics,173,2018-05-17 04:15:08,0,0,1,0
8jz8a1,2018-05-16 22:44:53,50,r/pics,174,2018-05-17 04:15:26,0,0,1,0
8jz8a1,2018-05-16 22:44:53,50,r/pics,175,2018-05-17 04:15:44,0,0,1,0
8jz8a1,2018-05-16 22:44:53,50,r/pics,176,2018-05-17 04:15:45,0,0,1,0
8jz8a1,2018-05-16 22:44:53,50,r/pics,177,2018-05-17 04:18:32,0,0,1,0
8jz8a1,2018-05-16 22:44:53,50,r/pics,178,2018-05-17 04:18:42,0,0,1,0
8jz8a1,2018-05-16 22:44:53,50,r/pics,179,2018-05-17 04:18:58,0,0,1,0
8jz8a1,2018-05-16 22:44:53,50,r/pics,180,2018-05-17 04:19:48,0,0,1,0
8jz8a1,2018-05-16 22:44:53,50,r/pics,181,2018-05-17 04:22:31,0,0,1,0
8jz8a1,2018-05-16 22:44:53,50,r/pics,182,2018-05-17 04:22:43,0,0,1,0
8jz8a1,2018-05-16 22:44:53,50,r/pics,183,2018-05-17 04:23:42,0,0,1,0
8jz8a1,2018-05-16 22:44:53,50,r/pics,184,2018-05-17 04:24:27,0,0,1,0
8jz8a1,2018-05-16 22:44:53,50,r/pics,185,2018-05-17 04:25:09,0,0,1,0
8jz8a1,2018-05-16 22:44:53,50,r/pics,186,2018-05-17 04:26:46,0,0,1,0
8jz8a1,2018-05-16 22:44:53,50,r/pics,187,2018-05-17 04:26:52,0,0,1,0
8jz8a1,2018-05-16 22:44:53,50,r/pics,188,2018-05-17 04:27:07,0,0,1,0
8jz8a1,2018-05-16 22:44:53,50,r/pics,189,2018-05-17 04:28:21,0,0,1,0
8jz8a1,2018-05-16 22:44:53,50,r/pics,190,2018-05-17 04:28:26,0,0,1,0
8jz8a1,2018-05-16 22:44:53,50,r/pics,191,2018-05-17 04:29:32,0,0,1,0
8jz8a1,2018-05-16 22:44:53,50,r/pics,192,2018-05-17 04:30:37,0,0,1,0
8jz8a1,2018-05-16 22:44:53,50,r/pics,193,2018-05-17 04:31:12,0,0,1,0
8jz8a1,2018-05-16 22:44:53,50,r/pics,194,2018-05-17 04:31:22,0,0,1,0
8jz8a1,2018-05-16 22:44:53,50,r/pics,195,2018-05-17 04:32:14,0,0,1,0
8jz8a1,2018-05-16 22:44:53,50,r/pics,196,2018-05-17 04:32:25,0,0,1,0
8jz8a1,2018-05-16 22:44:53,50,r/pics,197,2018-05-17 04:33:36,0,0,1,0
8jz8a1,2018-05-16 22:44:53,50,r/pics,198,2018-05-17 04:33:59,0,0,1,0
8jz8a1,2018-05-16 22:44:53,50,r/pics,199,2018-05-17 04:35:48,0,0,1,0
8jz8a1,2018-05-16 22:44:53,50,r/pics,200,2018-05-17 04:36:53,0,0,1,0
8jz8a1,2018-05-16 22:44:53,50,r/pics,201,2018-05-17 04:37:54,0,0,1,0
8jz8a1,2018-05-16 22:44:53,50,r/pics,202,2018-05-17 04:38:03,0,0,1,0
8jz8a1,2018-05-16 22:44:53,50,r/pics,203,2018-05-17 04:38:20,0,0,1,0
8jz8a1,2018-05-16 22:44:53,50,r/pics,204,2018-05-17 04:38:40,0,0,1,0
8jz8a1,2018-05-16 22:44:53,50,r/pics,205,2018-05-17 04:40:16,0,0,1,0
8jz8a1,2018-05-16 22:44:53,50,r/pics,206,2018-05-17 04:40:22,0,0,1,0
8jz8a1,2018-05-16 22:44:53,50,r/pics,207,2018-05-17 04:40:59,0,0,1,0
8jz8a1,2018-05-16 22:44:53,50,r/pics,208,2018-05-17 04:41:54,0,0,1,0
8jz8a1,2018-05-16 22:44:53,50,r/pics,209,2018-05-17 04:43:28,0,0,1,0
8jz8a1,2018-05-16 22:44:53,50,r/pics,210,2018-05-17 04:43:28,0,0,1,0
8jz8a1,2018-05-16 22:44:53,50,r/pics,211,2018-05-17 04:43:38,0,0,1,0
8jz8a1,2018-05-16 22:44:53,50,r/pics,212,2018-05-17 04:45:20,0,0,1,0
8jz8a1,2018-05-16 22:44:53,50,r/pics,213,2018-05-17 04:46:46,0,0,1,0
8jz8a1,2018-05-16 22:44:53,50,r/pics,214,2018-05-17 04:48:01,0,0,1,0
8jz8a1,2018-05-16 22:44:53,50,r/pics,215,2018-05-17 04:51:23,0,0,1,0
8jz8a1,2018-05-16 22:44:53,50,r/pics,216,2018-05-17 04:55:40,0,0,1,0
8jz8a1,2018-05-16 22:44:53,50,r/pics,217,2018-05-17 04:59:39,0,0,1,0
8jz8a1,2018-05-16 22:44:53,50,r/pics,218,2018-05-17 05:02:20,0,0,1,0
8jz8a1,2018-05-16 22:44:53,50,r/pics,219,2018-05-17 05:02:56,0,0,1,0
8jz8a1,2018-05-16 22:44:53,50,r/pics,220,2018-05-17 05:05:12,0,0,1,0
8jz8a1,2018-05-16 22:44:53,50,r/pics,221,2018-05-17 05:06:29,0,0,1,0
8jz8a1,2018-05-16 22:44:53,50,r/pics,222,2018-05-17 05:08:06,0,0,1,0
8jz8a1,2018-05-16 22:44:53,50,r/pics,223,2018-05-17 05:08:11,0,0,1,0
8jz8a1,2018-05-16 22:44:53,50,r/pics,224,2018-05-17 05:08:30,0,0,1,0
8jz8a1,2018-05-16 22:44:53,50,r/pics,225,2018-05-17 05:09:09,0,0,1,0
8jz8a1,2018-05-16 22:44:53,50,r/pics,226,2018-05-17 05:09:25,0,0,1,0
8jz8a1,2018-05-16 22:44:53,50,r/pics,227,2018-05-17 05:09:40,0,0,1,0
8jz8a1,2018-05-16 22:44:53,50,r/pics,228,2018-05-17 05:10:51,0,0,1,0
8jz8a1,2018-05-16 22:44:53,50,r/pics,229,2018-05-17 05:12:06,0,0,1,0
8jz8a1,2018-05-16 22:44:53,50,r/pics,230,2018-05-17 05:14:08,0,0,1,0
8jz8a1,2018-05-16 22:44:53,50,r/pics,231,2018-05-17 05:14:35,0,0,1,0
8jz8a1,2018-05-16 22:44:53,50,r/pics,232,2018-05-17 05:16:37,0,0,1,0
8jz8a1,2018-05-16 22:44:53,50,r/pics,233,2018-05-17 05:19:20,0,0,1,0
8jz8a1,2018-05-16 22:44:53,50,r/pics,234,2018-05-17 05:20:37,0,0,1,0
8jz8a1,2018-05-16 22:44:53,50,r/pics,235,2018-05-17 00:56:03,0,0,1,0
8jz8a1,2018-05-16 22:44:53,50,r/pics,236,2018-05-17 01:18:44,0,0,1,0
8jz8a1,2018-05-16 22:44:53,50,r/pics,237,2018-05-17 02:03:12,0,1,1,0
8jz8a1,2018-05-16 22:44:53,50,r/pics,237,2018-05-17 04:00:24,1,0,1,0
8jz8a1,2018-05-16 22:44:53,50,r/pics,238,2018-05-17 03:00:27,0,0,0,0
8jz8a1,2018-05-16 22:44:53,50,r/pics,239,2018-05-17 05:07:05,0,0,1,0
8jz8a1,2018-05-16 22:44:53,50,r/pics,240,2018-05-17 00:59:31,0,2,-6,0
8jz8a1,2018-05-16 22:44:53,50,r/pics,240,2018-05-17 03:58:45,1,0,3,0
8jz8a1,2018-05-16 22:44:53,50,r/pics,240,2018-05-17 02:06:17,1,0,1,0
8jxovx,2018-05-16 19:20:46,51,r/whitepeoplegifs,0,2018-05-16 19:57:37,0,6,5407,0
8jxovx,2018-05-16 19:20:46,51,r/whitepeoplegifs,0,2018-05-16 20:18:59,1,3,1844,0
8jxovx,2018-05-16 19:20:46,51,r/whitepeoplegifs,0,2018-05-16 21:10:07,2,8,393,0
8jxovx,2018-05-16 19:20:46,51,r/whitepeoplegifs,0,2018-05-17 01:11:30,3,2,188,0
8jxovx,2018-05-16 19:20:46,51,r/whitepeoplegifs,0,2018-05-17 01:34:56,4,1,26,0
8jxovx,2018-05-16 19:20:46,51,r/whitepeoplegifs,0,2018-05-17 00:48:04,3,1,53,0
8jxovx,2018-05-16 19:20:46,51,r/whitepeoplegifs,0,2018-05-17 01:14:42,3,0,16,0
8jxovx,2018-05-16 19:20:46,51,r/whitepeoplegifs,0,2018-05-17 02:08:14,3,0,8,0
8jxovx,2018-05-16 19:20:46,51,r/whitepeoplegifs,0,2018-05-17 01:26:18,3,0,13,0
8jxovx,2018-05-16 19:20:46,51,r/whitepeoplegifs,0,2018-05-17 02:07:29,3,0,4,0
8jxovx,2018-05-16 19:20:46,51,r/whitepeoplegifs,0,2018-05-17 02:52:48,3,0,2,0
8jxovx,2018-05-16 19:20:46,51,r/whitepeoplegifs,0,2018-05-16 23:22:45,2,3,143,0
8jxovx,2018-05-16 19:20:46,51,r/whitepeoplegifs,0,2018-05-16 23:30:21,3,2,91,0
8jxovx,2018-05-16 19:20:46,51,r/whitepeoplegifs,0,2018-05-17 00:15:19,4,1,24,0
8jxovx,2018-05-16 19:20:46,51,r/whitepeoplegifs,0,2018-05-17 00:25:44,5,2,49,0
8jxovx,2018-05-16 19:20:46,51,r/whitepeoplegifs,0,2018-05-17 00:29:42,6,5,60,0
8jxovx,2018-05-16 19:20:46,51,r/whitepeoplegifs,0,2018-05-17 01:45:05,7,1,4,0
8jxovx,2018-05-16 19:20:46,51,r/whitepeoplegifs,0,2018-05-17 01:32:35,7,0,3,0
8jxovx,2018-05-16 19:20:46,51,r/whitepeoplegifs,0,2018-05-17 01:41:02,7,0,2,0
8jxovx,2018-05-16 19:20:46,51,r/whitepeoplegifs,0,2018-05-17 01:42:39,7,0,2,0
8jxovx,2018-05-16 19:20:46,51,r/whitepeoplegifs,0,2018-05-17 01:14:51,3,0,2,0
8jxovx,2018-05-16 19:20:46,51,r/whitepeoplegifs,0,2018-05-16 23:29:15,1,3,250,0
8jxovx,2018-05-16 19:20:46,51,r/whitepeoplegifs,0,2018-05-16 23:37:50,2,2,77,0
8jxovx,2018-05-16 19:20:46,51,r/whitepeoplegifs,0,2018-05-17 00:03:01,3,3,79,0
8jxovx,2018-05-16 19:20:46,51,r/whitepeoplegifs,0,2018-05-17 00:16:26,4,1,32,0
8jxovx,2018-05-16 19:20:46,51,r/whitepeoplegifs,0,2018-05-17 01:15:55,4,0,2,0
8jxovx,2018-05-16 19:20:46,51,r/whitepeoplegifs,0,2018-05-17 01:56:05,3,0,3,0
8jxovx,2018-05-16 19:20:46,51,r/whitepeoplegifs,0,2018-05-16 23:50:21,2,2,10,0
8jxovx,2018-05-16 19:20:46,51,r/whitepeoplegifs,0,2018-05-17 00:01:13,3,2,18,0
8jxovx,2018-05-16 19:20:46,51,r/whitepeoplegifs,0,2018-05-17 02:10:44,4,1,12,0
8jxovx,2018-05-16 19:20:46,51,r/whitepeoplegifs,0,2018-05-17 01:59:41,4,0,3,0
8jxovx,2018-05-16 19:20:46,51,r/whitepeoplegifs,0,2018-05-16 23:26:53,1,1,15,0
8jxovx,2018-05-16 19:20:46,51,r/whitepeoplegifs,0,2018-05-16 23:29:47,2,1,104,0
8jxovx,2018-05-16 19:20:46,51,r/whitepeoplegifs,0,2018-05-16 23:46:24,3,1,43,0
8jxovx,2018-05-16 19:20:46,51,r/whitepeoplegifs,0,2018-05-16 23:52:45,4,2,45,0
8jxovx,2018-05-16 19:20:46,51,r/whitepeoplegifs,0,2018-05-17 00:13:04,5,3,44,0
8jxovx,2018-05-16 19:20:46,51,r/whitepeoplegifs,0,2018-05-17 00:45:39,6,1,23,0
8jxovx,2018-05-16 19:20:46,51,r/whitepeoplegifs,0,2018-05-17 02:12:23,7,0,2,0
8jxovx,2018-05-16 19:20:46,51,r/whitepeoplegifs,0,2018-05-17 01:52:31,6,0,2,0
8jxovx,2018-05-16 19:20:46,51,r/whitepeoplegifs,0,2018-05-17 00:14:37,1,0,3,0
8jxovx,2018-05-16 19:20:46,51,r/whitepeoplegifs,0,2018-05-17 01:49:15,1,0,2,0
8jxovx,2018-05-16 19:20:46,51,r/whitepeoplegifs,1,2018-05-16 21:51:48,0,13,3982,0
8jxovx,2018-05-16 19:20:46,51,r/whitepeoplegifs,1,2018-05-16 22:09:24,1,5,1239,0
8jxovx,2018-05-16 19:20:46,51,r/whitepeoplegifs,1,2018-05-16 23:25:01,2,3,508,0
8jxovx,2018-05-16 19:20:46,51,r/whitepeoplegifs,1,2018-05-17 00:25:54,3,1,81,0
8jxovx,2018-05-16 19:20:46,51,r/whitepeoplegifs,1,2018-05-17 01:03:02,4,1,10,0
8jxovx,2018-05-16 19:20:46,51,r/whitepeoplegifs,1,2018-05-17 01:34:32,3,0,5,0
8jxovx,2018-05-16 19:20:46,51,r/whitepeoplegifs,1,2018-05-17 00:37:50,2,7,206,0
8jxovx,2018-05-16 19:20:46,51,r/whitepeoplegifs,1,2018-05-17 00:39:59,3,2,61,0
8jxovx,2018-05-16 19:20:46,51,r/whitepeoplegifs,1,2018-05-17 00:46:49,4,3,81,0
8jxovx,2018-05-16 19:20:46,51,r/whitepeoplegifs,1,2018-05-17 01:04:43,5,0,13,0
8jxovx,2018-05-16 19:20:46,51,r/whitepeoplegifs,1,2018-05-17 01:21:48,5,1,12,0
8jxovx,2018-05-16 19:20:46,51,r/whitepeoplegifs,1,2018-05-17 00:45:12,4,1,16,0
8jxovx,2018-05-16 19:20:46,51,r/whitepeoplegifs,1,2018-05-17 00:55:54,3,4,28,0
8jxovx,2018-05-16 19:20:46,51,r/whitepeoplegifs,1,2018-05-17 02:29:41,4,0,4,0
8jxovx,2018-05-16 19:20:46,51,r/whitepeoplegifs,1,2018-05-17 01:06:34,4,0,3,0
8jxovx,2018-05-16 19:20:46,51,r/whitepeoplegifs,1,2018-05-17 02:08:48,4,1,10,0
8jxovx,2018-05-16 19:20:46,51,r/whitepeoplegifs,1,2018-05-17 03:01:33,5,2,5,0
8jxovx,2018-05-16 19:20:46,51,r/whitepeoplegifs,1,2018-05-17 03:03:27,6,0,3,0
8jxovx,2018-05-16 19:20:46,51,r/whitepeoplegifs,1,2018-05-17 01:11:11,3,1,3,0
8jxovx,2018-05-16 19:20:46,51,r/whitepeoplegifs,1,2018-05-17 01:17:55,4,0,4,0
8jxovx,2018-05-16 19:20:46,51,r/whitepeoplegifs,1,2018-05-17 01:17:46,3,0,3,0
8jxovx,2018-05-16 19:20:46,51,r/whitepeoplegifs,1,2018-05-17 02:03:27,3,1,2,0
8jxovx,2018-05-16 19:20:46,51,r/whitepeoplegifs,1,2018-05-17 02:06:40,3,0,2,0
8jxovx,2018-05-16 19:20:46,51,r/whitepeoplegifs,1,2018-05-17 00:53:40,2,1,7,0
8jxovx,2018-05-16 19:20:46,51,r/whitepeoplegifs,1,2018-05-17 01:34:18,2,0,2,0
8jxovx,2018-05-16 19:20:46,51,r/whitepeoplegifs,1,2018-05-16 23:24:29,1,2,228,0
8jxovx,2018-05-16 19:20:46,51,r/whitepeoplegifs,1,2018-05-17 00:59:15,2,0,5,0
8jxovx,2018-05-16 19:20:46,51,r/whitepeoplegifs,1,2018-05-16 23:43:23,1,1,55,0
8jxovx,2018-05-16 19:20:46,51,r/whitepeoplegifs,1,2018-05-17 00:18:42,1,3,96,0
8jxovx,2018-05-16 19:20:46,51,r/whitepeoplegifs,1,2018-05-17 00:56:58,2,2,71,0
8jxovx,2018-05-16 19:20:46,51,r/whitepeoplegifs,1,2018-05-17 01:27:47,3,4,29,0
8jxovx,2018-05-16 19:20:46,51,r/whitepeoplegifs,1,2018-05-17 02:25:20,4,1,5,0
8jxovx,2018-05-16 19:20:46,51,r/whitepeoplegifs,1,2018-05-17 02:01:37,4,1,3,0
8jxovx,2018-05-16 19:20:46,51,r/whitepeoplegifs,1,2018-05-17 02:59:08,4,0,2,0
8jxovx,2018-05-16 19:20:46,51,r/whitepeoplegifs,1,2018-05-17 02:52:15,2,0,3,0
8jxovx,2018-05-16 19:20:46,51,r/whitepeoplegifs,1,2018-05-16 23:06:46,1,7,158,0
8jxovx,2018-05-16 19:20:46,51,r/whitepeoplegifs,1,2018-05-16 23:09:21,2,4,308,0
8jxovx,2018-05-16 19:20:46,51,r/whitepeoplegifs,1,2018-05-16 23:11:15,3,1,60,0
8jxovx,2018-05-16 19:20:46,51,r/whitepeoplegifs,1,2018-05-17 00:25:07,3,2,8,0
8jxovx,2018-05-16 19:20:46,51,r/whitepeoplegifs,1,2018-05-17 00:54:48,4,1,13,0
8jxovx,2018-05-16 19:20:46,51,r/whitepeoplegifs,1,2018-05-17 02:09:25,3,0,3,0
8jxovx,2018-05-16 19:20:46,51,r/whitepeoplegifs,1,2018-05-17 00:02:34,2,1,46,0
8jxovx,2018-05-16 19:20:46,51,r/whitepeoplegifs,1,2018-05-17 02:27:22,3,0,3,0
8jxovx,2018-05-16 19:20:46,51,r/whitepeoplegifs,1,2018-05-17 00:21:25,2,1,17,0
8jxovx,2018-05-16 19:20:46,51,r/whitepeoplegifs,1,2018-05-17 00:58:11,2,0,3,0
8jxovx,2018-05-16 19:20:46,51,r/whitepeoplegifs,1,2018-05-16 23:38:06,2,1,5,0
8jxovx,2018-05-16 19:20:46,51,r/whitepeoplegifs,1,2018-05-17 00:58:44,2,0,2,0
8jxovx,2018-05-16 19:20:46,51,r/whitepeoplegifs,1,2018-05-16 23:57:55,1,0,3,0
8jxovx,2018-05-16 19:20:46,51,r/whitepeoplegifs,1,2018-05-17 01:25:21,1,0,4,0
8jxovx,2018-05-16 19:20:46,51,r/whitepeoplegifs,1,2018-05-16 23:50:52,1,0,12,0
8jxovx,2018-05-16 19:20:46,51,r/whitepeoplegifs,1,2018-05-17 01:24:53,1,0,3,0
8jxovx,2018-05-16 19:20:46,51,r/whitepeoplegifs,1,2018-05-17 00:52:59,1,0,2,0
8jxovx,2018-05-16 19:20:46,51,r/whitepeoplegifs,1,2018-05-17 01:34:26,1,1,2,0
8jxovx,2018-05-16 19:20:46,51,r/whitepeoplegifs,1,2018-05-17 01:36:04,2,0,2,0
8jxovx,2018-05-16 19:20:46,51,r/whitepeoplegifs,1,2018-05-17 02:23:00,1,0,2,0
8jxovx,2018-05-16 19:20:46,51,r/whitepeoplegifs,2,2018-05-16 22:26:07,0,5,3747,0
8jxovx,2018-05-16 19:20:46,51,r/whitepeoplegifs,2,2018-05-17 00:12:20,1,3,1635,0
8jxovx,2018-05-16 19:20:46,51,r/whitepeoplegifs,2,2018-05-17 00:47:50,2,13,952,1
8jxovx,2018-05-16 19:20:46,51,r/whitepeoplegifs,2,2018-05-17 01:02:35,3,4,425,0
8jxovx,2018-05-16 19:20:46,51,r/whitepeoplegifs,2,2018-05-17 01:32:19,4,2,119,0
8jxovx,2018-05-16 19:20:46,51,r/whitepeoplegifs,2,2018-05-17 02:42:41,5,1,45,0
8jxovx,2018-05-16 19:20:46,51,r/whitepeoplegifs,2,2018-05-17 04:20:39,6,0,4,0
8jxovx,2018-05-16 19:20:46,51,r/whitepeoplegifs,2,2018-05-17 01:17:24,4,1,41,0
8jxovx,2018-05-16 19:20:46,51,r/whitepeoplegifs,2,2018-05-17 01:44:10,5,1,5,0
8jxovx,2018-05-16 19:20:46,51,r/whitepeoplegifs,2,2018-05-17 02:14:37,6,0,3,0
8jxovx,2018-05-16 19:20:46,51,r/whitepeoplegifs,2,2018-05-17 01:38:37,4,1,16,0
8jxovx,2018-05-16 19:20:46,51,r/whitepeoplegifs,2,2018-05-17 01:44:13,5,0,2,0
8jxovx,2018-05-16 19:20:46,51,r/whitepeoplegifs,2,2018-05-17 01:01:45,3,3,24,0
8jxovx,2018-05-16 19:20:46,51,r/whitepeoplegifs,2,2018-05-17 02:12:04,4,3,33,0
8jxovx,2018-05-16 19:20:46,51,r/whitepeoplegifs,2,2018-05-17 02:33:51,5,2,6,0
8jxovx,2018-05-16 19:20:46,51,r/whitepeoplegifs,2,2018-05-17 02:48:24,6,1,3,0
8jxovx,2018-05-16 19:20:46,51,r/whitepeoplegifs,2,2018-05-17 02:49:12,6,0,2,0
8jxovx,2018-05-16 19:20:46,51,r/whitepeoplegifs,2,2018-05-17 02:52:23,5,0,3,0
8jxovx,2018-05-16 19:20:46,51,r/whitepeoplegifs,2,2018-05-17 02:06:08,4,2,8,0
8jxovx,2018-05-16 19:20:46,51,r/whitepeoplegifs,2,2018-05-17 02:19:31,5,0,3,0
8jxovx,2018-05-16 19:20:46,51,r/whitepeoplegifs,2,2018-05-17 02:50:58,5,0,2,0
8jxovx,2018-05-16 19:20:46,51,r/whitepeoplegifs,2,2018-05-17 01:52:04,3,1,27,0
8jxovx,2018-05-16 19:20:46,51,r/whitepeoplegifs,2,2018-05-17 04:02:07,4,0,5,0
8jxovx,2018-05-16 19:20:46,51,r/whitepeoplegifs,2,2018-05-17 01:04:29,3,5,69,0
8jxovx,2018-05-16 19:20:46,51,r/whitepeoplegifs,2,2018-05-17 01:15:57,4,3,84,0
8jxovx,2018-05-16 19:20:46,51,r/whitepeoplegifs,2,2018-05-17 02:15:16,5,0,10,0
8jxovx,2018-05-16 19:20:46,51,r/whitepeoplegifs,2,2018-05-17 03:18:51,5,0,5,0
8jxovx,2018-05-16 19:20:46,51,r/whitepeoplegifs,2,2018-05-17 01:07:25,4,1,67,0
8jxovx,2018-05-16 19:20:46,51,r/whitepeoplegifs,2,2018-05-17 01:17:28,4,1,9,0
8jxovx,2018-05-16 19:20:46,51,r/whitepeoplegifs,2,2018-05-17 02:53:54,5,0,3,0
8jxovx,2018-05-16 19:20:46,51,r/whitepeoplegifs,2,2018-05-17 01:59:11,4,0,2,0
8jxovx,2018-05-16 19:20:46,51,r/whitepeoplegifs,2,2018-05-17 01:13:14,3,1,16,0
8jxovx,2018-05-16 19:20:46,51,r/whitepeoplegifs,2,2018-05-17 01:14:11,3,0,10,0
8jxovx,2018-05-16 19:20:46,51,r/whitepeoplegifs,2,2018-05-17 01:49:54,3,0,3,0
8jxovx,2018-05-16 19:20:46,51,r/whitepeoplegifs,2,2018-05-17 02:31:39,3,0,5,0
8jxovx,2018-05-16 19:20:46,51,r/whitepeoplegifs,2,2018-05-17 01:24:14,3,0,3,0
8jxovx,2018-05-16 19:20:46,51,r/whitepeoplegifs,2,2018-05-17 02:17:45,3,0,3,0
8jxovx,2018-05-16 19:20:46,51,r/whitepeoplegifs,2,2018-05-17 04:28:06,3,1,3,0
8jxovx,2018-05-16 19:20:46,51,r/whitepeoplegifs,2,2018-05-17 01:06:47,3,1,5,0
8jxovx,2018-05-16 19:20:46,51,r/whitepeoplegifs,2,2018-05-17 02:13:20,4,1,7,0
8jxovx,2018-05-16 19:20:46,51,r/whitepeoplegifs,2,2018-05-17 00:24:43,2,6,146,0
8jxovx,2018-05-16 19:20:46,51,r/whitepeoplegifs,2,2018-05-17 00:39:31,3,2,111,0
8jxovx,2018-05-16 19:20:46,51,r/whitepeoplegifs,2,2018-05-17 00:55:48,4,1,35,0
8jxovx,2018-05-16 19:20:46,51,r/whitepeoplegifs,2,2018-05-17 01:03:16,5,2,27,0
8jxovx,2018-05-16 19:20:46,51,r/whitepeoplegifs,2,2018-05-17 01:09:02,6,1,7,0
8jxovx,2018-05-16 19:20:46,51,r/whitepeoplegifs,2,2018-05-17 01:10:06,7,1,6,0
8jxovx,2018-05-16 19:20:46,51,r/whitepeoplegifs,2,2018-05-17 00:45:56,3,3,101,0
8jxovx,2018-05-16 19:20:46,51,r/whitepeoplegifs,2,2018-05-17 00:48:30,4,3,40,0
8jxovx,2018-05-16 19:20:46,51,r/whitepeoplegifs,2,2018-05-17 01:36:19,5,1,12,0
8jxovx,2018-05-16 19:20:46,51,r/whitepeoplegifs,2,2018-05-17 02:50:31,6,0,2,0
8jxovx,2018-05-16 19:20:46,51,r/whitepeoplegifs,2,2018-05-17 01:04:08,5,0,11,0
8jxovx,2018-05-16 19:20:46,51,r/whitepeoplegifs,2,2018-05-17 01:12:08,4,0,3,0
8jxovx,2018-05-16 19:20:46,51,r/whitepeoplegifs,2,2018-05-17 01:02:52,3,0,22,0
8jxovx,2018-05-16 19:20:46,51,r/whitepeoplegifs,2,2018-05-17 01:30:58,3,1,2,0
8jxovx,2018-05-16 19:20:46,51,r/whitepeoplegifs,2,2018-05-17 01:56:33,3,1,2,0
8jxovx,2018-05-16 19:20:46,51,r/whitepeoplegifs,2,2018-05-17 01:13:38,1,4,80,0
8jxovx,2018-05-16 19:20:46,51,r/whitepeoplegifs,2,2018-05-17 01:17:56,2,2,30,0
8jxovx,2018-05-16 19:20:46,51,r/whitepeoplegifs,2,2018-05-17 04:22:29,3,0,4,0
8jxovx,2018-05-16 19:20:46,51,r/whitepeoplegifs,2,2018-05-17 02:15:17,2,1,4,0
8jxovx,2018-05-16 19:20:46,51,r/whitepeoplegifs,2,2018-05-17 02:23:58,3,0,6,0
8jxovx,2018-05-16 19:20:46,51,r/whitepeoplegifs,2,2018-05-17 02:09:50,2,0,3,0
8jxovx,2018-05-16 19:20:46,51,r/whitepeoplegifs,2,2018-05-17 04:28:32,2,0,3,0
8jxovx,2018-05-16 19:20:46,51,r/whitepeoplegifs,2,2018-05-17 00:56:46,1,7,69,0
8jxovx,2018-05-16 19:20:46,51,r/whitepeoplegifs,2,2018-05-17 01:13:20,2,2,46,0
8jxovx,2018-05-16 19:20:46,51,r/whitepeoplegifs,2,2018-05-17 01:52:50,3,0,7,0
8jxovx,2018-05-16 19:20:46,51,r/whitepeoplegifs,2,2018-05-17 01:05:06,2,2,26,0
8jxovx,2018-05-16 19:20:46,51,r/whitepeoplegifs,2,2018-05-17 02:28:49,3,0,16,0
8jxovx,2018-05-16 19:20:46,51,r/whitepeoplegifs,2,2018-05-17 01:19:29,2,0,3,0
8jxovx,2018-05-16 19:20:46,51,r/whitepeoplegifs,2,2018-05-17 03:15:48,2,0,4,0
8jxovx,2018-05-16 19:20:46,51,r/whitepeoplegifs,2,2018-05-17 02:50:01,2,0,2,0
8jxovx,2018-05-16 19:20:46,51,r/whitepeoplegifs,2,2018-05-17 02:56:45,2,0,2,0
8jxovx,2018-05-16 19:20:46,51,r/whitepeoplegifs,2,2018-05-17 01:09:42,1,0,3,0
8jxovx,2018-05-16 19:20:46,51,r/whitepeoplegifs,3,2018-05-16 19:25:22,0,3,1151,0
8jxovx,2018-05-16 19:20:46,51,r/whitepeoplegifs,3,2018-05-17 00:39:35,1,6,246,0
8jxovx,2018-05-16 19:20:46,51,r/whitepeoplegifs,3,2018-05-17 01:00:00,2,1,158,0
8jxovx,2018-05-16 19:20:46,51,r/whitepeoplegifs,3,2018-05-17 03:45:53,3,1,3,0
8jxovx,2018-05-16 19:20:46,51,r/whitepeoplegifs,3,2018-05-17 00:46:41,2,3,262,0
8jxovx,2018-05-16 19:20:46,51,r/whitepeoplegifs,3,2018-05-17 01:33:23,3,2,62,0
8jxovx,2018-05-16 19:20:46,51,r/whitepeoplegifs,3,2018-05-17 02:24:37,4,0,8,0
8jxovx,2018-05-16 19:20:46,51,r/whitepeoplegifs,3,2018-05-17 02:21:48,3,0,3,0
8jxovx,2018-05-16 19:20:46,51,r/whitepeoplegifs,3,2018-05-17 01:33:26,2,0,15,0
8jxovx,2018-05-16 19:20:46,51,r/whitepeoplegifs,3,2018-05-17 01:10:10,2,0,31,0
8jxovx,2018-05-16 19:20:46,51,r/whitepeoplegifs,3,2018-05-17 01:36:44,2,0,3,0
8jxovx,2018-05-16 19:20:46,51,r/whitepeoplegifs,3,2018-05-17 03:47:22,1,1,4,0
8jxovx,2018-05-16 19:20:46,51,r/whitepeoplegifs,3,2018-05-17 04:08:14,2,0,3,0
8jxovx,2018-05-16 19:20:46,51,r/whitepeoplegifs,4,2018-05-16 22:34:07,0,14,1969,0
8jxovx,2018-05-16 19:20:46,51,r/whitepeoplegifs,4,2018-05-17 00:59:08,1,5,232,0
8jxovx,2018-05-16 19:20:46,51,r/whitepeoplegifs,4,2018-05-17 01:16:45,2,2,107,0
8jxovx,2018-05-16 19:20:46,51,r/whitepeoplegifs,4,2018-05-17 01:32:43,3,1,33,0
8jxovx,2018-05-16 19:20:46,51,r/whitepeoplegifs,4,2018-05-17 02:43:15,4,1,10,0
8jxovx,2018-05-16 19:20:46,51,r/whitepeoplegifs,4,2018-05-17 02:59:10,5,1,3,0
8jxovx,2018-05-16 19:20:46,51,r/whitepeoplegifs,4,2018-05-17 03:14:48,6,1,3,0
8jxovx,2018-05-16 19:20:46,51,r/whitepeoplegifs,4,2018-05-17 01:31:12,2,1,4,0
8jxovx,2018-05-16 19:20:46,51,r/whitepeoplegifs,4,2018-05-17 03:23:22,3,0,3,0
8jxovx,2018-05-16 19:20:46,51,r/whitepeoplegifs,4,2018-05-17 01:33:43,2,0,2,0
8jxovx,2018-05-16 19:20:46,51,r/whitepeoplegifs,4,2018-05-17 02:21:49,2,0,2,0
8jxovx,2018-05-16 19:20:46,51,r/whitepeoplegifs,4,2018-05-17 01:02:22,1,1,52,0
8jxovx,2018-05-16 19:20:46,51,r/whitepeoplegifs,4,2018-05-17 01:49:57,2,2,28,0
8jxovx,2018-05-16 19:20:46,51,r/whitepeoplegifs,4,2018-05-17 02:21:27,3,3,28,0
8jxovx,2018-05-16 19:20:46,51,r/whitepeoplegifs,4,2018-05-17 02:35:14,4,4,16,0
8jxovx,2018-05-16 19:20:46,51,r/whitepeoplegifs,4,2018-05-17 02:44:34,5,0,13,0
8jxovx,2018-05-16 19:20:46,51,r/whitepeoplegifs,4,2018-05-17 03:03:01,5,0,5,0
8jxovx,2018-05-16 19:20:46,51,r/whitepeoplegifs,4,2018-05-17 03:28:13,5,1,6,0
8jxovx,2018-05-16 19:20:46,51,r/whitepeoplegifs,4,2018-05-17 03:33:47,6,0,4,0
8jxovx,2018-05-16 19:20:46,51,r/whitepeoplegifs,4,2018-05-17 03:49:25,4,0,3,0
8jxovx,2018-05-16 19:20:46,51,r/whitepeoplegifs,4,2018-05-17 00:36:31,1,9,682,0
8jxovx,2018-05-16 19:20:46,51,r/whitepeoplegifs,4,2018-05-17 00:41:07,2,2,249,0
8jxovx,2018-05-16 19:20:46,51,r/whitepeoplegifs,4,2018-05-17 01:11:35,3,2,124,0
8jxovx,2018-05-16 19:20:46,51,r/whitepeoplegifs,4,2018-05-17 01:57:34,4,0,7,0
8jxovx,2018-05-16 19:20:46,51,r/whitepeoplegifs,4,2018-05-17 01:58:44,4,0,3,0
8jxovx,2018-05-16 19:20:46,51,r/whitepeoplegifs,4,2018-05-17 02:25:57,3,1,6,0
8jxovx,2018-05-16 19:20:46,51,r/whitepeoplegifs,4,2018-05-17 02:55:50,4,0,2,0
8jxovx,2018-05-16 19:20:46,51,r/whitepeoplegifs,4,2018-05-17 01:07:57,2,2,114,0
8jxovx,2018-05-16 19:20:46,51,r/whitepeoplegifs,4,2018-05-17 02:22:25,3,0,38,0
8jxovx,2018-05-16 19:20:46,51,r/whitepeoplegifs,4,2018-05-17 02:02:43,3,0,19,0
8jxovx,2018-05-16 19:20:46,51,r/whitepeoplegifs,4,2018-05-17 00:56:50,2,0,77,0
8jxovx,2018-05-16 19:20:46,51,r/whitepeoplegifs,4,2018-05-17 01:13:09,2,0,7,0
8jxovx,2018-05-16 19:20:46,51,r/whitepeoplegifs,4,2018-05-17 00:59:31,2,0,7,0
8jxovx,2018-05-16 19:20:46,51,r/whitepeoplegifs,4,2018-05-17 01:10:58,2,0,4,0
8jxovx,2018-05-16 19:20:46,51,r/whitepeoplegifs,4,2018-05-17 01:16:37,2,0,4,0
8jxovx,2018-05-16 19:20:46,51,r/whitepeoplegifs,4,2018-05-17 00:43:05,2,0,5,0
8jxovx,2018-05-16 19:20:46,51,r/whitepeoplegifs,4,2018-05-17 00:59:29,1,2,28,0
8jxovx,2018-05-16 19:20:46,51,r/whitepeoplegifs,4,2018-05-17 03:50:59,2,0,6,0
8jxovx,2018-05-16 19:20:46,51,r/whitepeoplegifs,4,2018-05-17 01:01:10,1,1,29,0
8jxovx,2018-05-16 19:20:46,51,r/whitepeoplegifs,4,2018-05-17 01:08:43,2,2,74,0
8jxovx,2018-05-16 19:20:46,51,r/whitepeoplegifs,4,2018-05-17 03:37:17,3,0,8,0
8jxovx,2018-05-16 19:20:46,51,r/whitepeoplegifs,4,2018-05-17 01:35:53,1,1,29,0
8jxovx,2018-05-16 19:20:46,51,r/whitepeoplegifs,4,2018-05-17 01:06:37,1,1,14,0
8jxovx,2018-05-16 19:20:46,51,r/whitepeoplegifs,4,2018-05-17 02:00:00,2,0,5,0
8jxovx,2018-05-16 19:20:46,51,r/whitepeoplegifs,4,2018-05-17 01:44:05,1,1,11,0
8jxovx,2018-05-16 19:20:46,51,r/whitepeoplegifs,4,2018-05-17 03:00:00,2,0,6,0
8jxovx,2018-05-16 19:20:46,51,r/whitepeoplegifs,4,2018-05-17 01:00:50,1,1,23,0
8jxovx,2018-05-16 19:20:46,51,r/whitepeoplegifs,4,2018-05-17 01:59:43,1,0,3,0
8jxovx,2018-05-16 19:20:46,51,r/whitepeoplegifs,4,2018-05-17 03:08:26,1,0,3,0
8jxovx,2018-05-16 19:20:46,51,r/whitepeoplegifs,4,2018-05-17 01:08:56,1,0,2,0
8jxovx,2018-05-16 19:20:46,51,r/whitepeoplegifs,4,2018-05-17 01:29:35,1,0,2,0
8jxovx,2018-05-16 19:20:46,51,r/whitepeoplegifs,5,2018-05-16 19:53:31,0,2,814,0
8jxovx,2018-05-16 19:20:46,51,r/whitepeoplegifs,5,2018-05-17 01:38:45,1,0,64,0
8jxovx,2018-05-16 19:20:46,51,r/whitepeoplegifs,6,2018-05-16 21:49:22,0,1,236,0
8jxovx,2018-05-16 19:20:46,51,r/whitepeoplegifs,7,2018-05-16 19:56:53,0,3,730,0
8jxovx,2018-05-16 19:20:46,51,r/whitepeoplegifs,7,2018-05-16 22:38:07,1,1,448,0
8jxovx,2018-05-16 19:20:46,51,r/whitepeoplegifs,7,2018-05-16 22:54:44,2,2,162,0
8jxovx,2018-05-16 19:20:46,51,r/whitepeoplegifs,7,2018-05-16 23:08:48,3,2,114,0
8jxovx,2018-05-16 19:20:46,51,r/whitepeoplegifs,7,2018-05-16 23:35:41,4,1,99,0
8jxovx,2018-05-16 19:20:46,51,r/whitepeoplegifs,7,2018-05-16 23:38:42,5,1,88,0
8jxovx,2018-05-16 19:20:46,51,r/whitepeoplegifs,7,2018-05-16 23:56:11,6,1,79,0
8jxovx,2018-05-16 19:20:46,51,r/whitepeoplegifs,7,2018-05-17 00:00:24,7,1,74,0
8jxovx,2018-05-16 19:20:46,51,r/whitepeoplegifs,7,2018-05-17 00:07:23,8,4,98,0
8jxovx,2018-05-16 19:20:46,51,r/whitepeoplegifs,7,2018-05-17 00:12:34,9,1,231,0
8jxovx,2018-05-16 19:20:46,51,r/whitepeoplegifs,7,2018-05-17 00:21:54,9,1,12,0
8jxovx,2018-05-16 19:20:46,51,r/whitepeoplegifs,7,2018-05-17 01:26:55,9,1,4,0
8jxovx,2018-05-16 19:20:46,51,r/whitepeoplegifs,7,2018-05-16 23:24:51,4,1,36,0
8jxovx,2018-05-16 19:20:46,51,r/whitepeoplegifs,7,2018-05-17 01:22:20,5,0,3,0
8jxovx,2018-05-16 19:20:46,51,r/whitepeoplegifs,7,2018-05-16 23:42:41,1,3,26,0
8jxovx,2018-05-16 19:20:46,51,r/whitepeoplegifs,7,2018-05-17 00:07:23,2,0,18,0
8jxovx,2018-05-16 19:20:46,51,r/whitepeoplegifs,7,2018-05-17 00:39:57,2,1,3,0
8jxovx,2018-05-16 19:20:46,51,r/whitepeoplegifs,7,2018-05-17 01:09:31,3,1,2,0
8jxovx,2018-05-16 19:20:46,51,r/whitepeoplegifs,7,2018-05-17 01:14:55,4,0,2,0
8jxovx,2018-05-16 19:20:46,51,r/whitepeoplegifs,7,2018-05-17 00:30:12,2,0,2,0
8jxovx,2018-05-16 19:20:46,51,r/whitepeoplegifs,8,2018-05-16 21:47:28,0,3,201,0
8jxovx,2018-05-16 19:20:46,51,r/whitepeoplegifs,8,2018-05-17 00:57:48,1,1,35,0
8jxovx,2018-05-16 19:20:46,51,r/whitepeoplegifs,8,2018-05-17 03:13:34,2,2,25,0
8jxovx,2018-05-16 19:20:46,51,r/whitepeoplegifs,8,2018-05-17 03:40:54,3,0,3,0
8jxovx,2018-05-16 19:20:46,51,r/whitepeoplegifs,8,2018-05-17 02:28:27,1,0,8,0
8jxovx,2018-05-16 19:20:46,51,r/whitepeoplegifs,9,2018-05-16 19:50:46,0,7,887,0
8jxovx,2018-05-16 19:20:46,51,r/whitepeoplegifs,9,2018-05-16 20:17:51,1,11,739,0
8jxovx,2018-05-16 19:20:46,51,r/whitepeoplegifs,9,2018-05-16 23:13:50,2,5,222,0
8jxovx,2018-05-16 19:20:46,51,r/whitepeoplegifs,9,2018-05-17 00:47:28,3,0,154,0
8jxovx,2018-05-16 19:20:46,51,r/whitepeoplegifs,9,2018-05-16 23:30:35,3,1,91,0
8jxovx,2018-05-16 19:20:46,51,r/whitepeoplegifs,9,2018-05-17 01:38:46,4,1,21,0
8jxovx,2018-05-16 19:20:46,51,r/whitepeoplegifs,9,2018-05-17 01:19:37,3,1,5,0
8jxovx,2018-05-16 19:20:46,51,r/whitepeoplegifs,9,2018-05-17 01:23:11,4,0,2,0
8jxovx,2018-05-16 19:20:46,51,r/whitepeoplegifs,9,2018-05-17 01:30:38,3,0,2,0
8jxovx,2018-05-16 19:20:46,51,r/whitepeoplegifs,9,2018-05-16 21:55:08,2,9,567,0
8jxovx,2018-05-16 19:20:46,51,r/whitepeoplegifs,9,2018-05-17 00:01:19,3,12,540,0
8jxovx,2018-05-16 19:20:46,51,r/whitepeoplegifs,9,2018-05-17 00:36:38,4,0,56,0
8jxovx,2018-05-16 19:20:46,51,r/whitepeoplegifs,9,2018-05-17 00:36:32,4,1,147,0
8jxovx,2018-05-16 19:20:46,51,r/whitepeoplegifs,9,2018-05-17 02:18:10,5,1,20,0
8jxovx,2018-05-16 19:20:46,51,r/whitepeoplegifs,9,2018-05-17 03:20:26,6,1,7,0
8jxovx,2018-05-16 19:20:46,51,r/whitepeoplegifs,9,2018-05-17 03:38:08,7,0,3,0
8jxovx,2018-05-16 19:20:46,51,r/whitepeoplegifs,9,2018-05-17 01:41:00,4,0,24,0
8jxovx,2018-05-16 19:20:46,51,r/whitepeoplegifs,9,2018-05-17 00:34:23,4,1,55,0
8jxovx,2018-05-16 19:20:46,51,r/whitepeoplegifs,9,2018-05-17 01:57:02,4,0,9,0
8jxovx,2018-05-16 19:20:46,51,r/whitepeoplegifs,9,2018-05-17 00:54:50,4,2,11,0
8jxovx,2018-05-16 19:20:46,51,r/whitepeoplegifs,9,2018-05-17 02:22:29,5,0,8,0
8jxovx,2018-05-16 19:20:46,51,r/whitepeoplegifs,9,2018-05-17 02:24:24,5,0,6,0
8jxovx,2018-05-16 19:20:46,51,r/whitepeoplegifs,9,2018-05-17 00:54:54,4,0,2,0
8jxovx,2018-05-16 19:20:46,51,r/whitepeoplegifs,9,2018-05-17 01:01:33,4,0,2,0
8jxovx,2018-05-16 19:20:46,51,r/whitepeoplegifs,9,2018-05-17 01:03:43,4,0,2,0
8jxovx,2018-05-16 19:20:46,51,r/whitepeoplegifs,9,2018-05-17 01:10:26,4,0,2,0
8jxovx,2018-05-16 19:20:46,51,r/whitepeoplegifs,9,2018-05-17 02:31:09,4,0,2,0
8jxovx,2018-05-16 19:20:46,51,r/whitepeoplegifs,9,2018-05-16 23:10:19,3,1,33,0
8jxovx,2018-05-16 19:20:46,51,r/whitepeoplegifs,9,2018-05-17 01:16:11,4,2,2,0
8jxovx,2018-05-16 19:20:46,51,r/whitepeoplegifs,9,2018-05-17 01:31:21,5,1,6,0
8jxovx,2018-05-16 19:20:46,51,r/whitepeoplegifs,9,2018-05-17 01:40:26,6,1,2,0
8jxovx,2018-05-16 19:20:46,51,r/whitepeoplegifs,9,2018-05-17 01:44:48,7,1,3,0
8jxovx,2018-05-16 19:20:46,51,r/whitepeoplegifs,9,2018-05-17 01:49:14,8,1,2,0
8jxovx,2018-05-16 19:20:46,51,r/whitepeoplegifs,9,2018-05-17 01:25:05,3,1,27,0
8jxovx,2018-05-16 19:20:46,51,r/whitepeoplegifs,9,2018-05-16 22:39:28,3,2,52,0
8jxovx,2018-05-16 19:20:46,51,r/whitepeoplegifs,9,2018-05-16 22:46:58,4,1,95,0
8jxovx,2018-05-16 19:20:46,51,r/whitepeoplegifs,9,2018-05-17 00:03:10,5,1,24,0
8jxovx,2018-05-16 19:20:46,51,r/whitepeoplegifs,9,2018-05-16 23:37:08,4,1,18,0
8jxovx,2018-05-16 19:20:46,51,r/whitepeoplegifs,9,2018-05-17 00:28:26,5,2,9,0
8jxovx,2018-05-16 19:20:46,51,r/whitepeoplegifs,9,2018-05-17 02:11:26,6,0,2,0
8jxovx,2018-05-16 19:20:46,51,r/whitepeoplegifs,9,2018-05-16 23:40:13,3,0,13,0
8jxovx,2018-05-16 19:20:46,51,r/whitepeoplegifs,9,2018-05-16 23:38:26,3,0,3,0
8jxovx,2018-05-16 19:20:46,51,r/whitepeoplegifs,9,2018-05-17 00:10:16,3,0,3,0
8jxovx,2018-05-16 19:20:46,51,r/whitepeoplegifs,9,2018-05-17 01:09:34,3,0,2,0
8jxovx,2018-05-16 19:20:46,51,r/whitepeoplegifs,9,2018-05-16 23:24:29,2,1,35,0
8jxovx,2018-05-16 19:20:46,51,r/whitepeoplegifs,9,2018-05-16 23:15:05,2,0,54,0
8jxovx,2018-05-16 19:20:46,51,r/whitepeoplegifs,9,2018-05-17 00:21:27,2,1,21,0
8jxovx,2018-05-16 19:20:46,51,r/whitepeoplegifs,9,2018-05-17 00:22:31,2,0,4,0
8jxovx,2018-05-16 19:20:46,51,r/whitepeoplegifs,9,2018-05-17 01:00:06,2,0,4,0
8jxovx,2018-05-16 19:20:46,51,r/whitepeoplegifs,9,2018-05-17 00:29:23,2,1,3,0
8jxovx,2018-05-16 19:20:46,51,r/whitepeoplegifs,9,2018-05-17 00:35:52,3,1,6,0
8jxovx,2018-05-16 19:20:46,51,r/whitepeoplegifs,9,2018-05-17 00:42:38,2,0,2,0
8jxovx,2018-05-16 19:20:46,51,r/whitepeoplegifs,9,2018-05-17 01:10:57,2,0,2,0
8jxovx,2018-05-16 19:20:46,51,r/whitepeoplegifs,9,2018-05-16 22:29:46,1,11,286,0
8jxovx,2018-05-16 19:20:46,51,r/whitepeoplegifs,9,2018-05-16 22:37:50,2,2,125,0
8jxovx,2018-05-16 19:20:46,51,r/whitepeoplegifs,9,2018-05-17 00:20:43,3,0,38,0
8jxovx,2018-05-16 19:20:46,51,r/whitepeoplegifs,9,2018-05-17 00:25:08,3,0,22,0
8jxovx,2018-05-16 19:20:46,51,r/whitepeoplegifs,9,2018-05-16 23:22:56,2,1,38,0
8jxovx,2018-05-16 19:20:46,51,r/whitepeoplegifs,9,2018-05-17 00:32:45,3,1,10,0
8jxovx,2018-05-16 19:20:46,51,r/whitepeoplegifs,9,2018-05-16 22:38:18,2,0,16,0
8jxovx,2018-05-16 19:20:46,51,r/whitepeoplegifs,9,2018-05-16 23:52:26,2,0,3,0
8jxovx,2018-05-16 19:20:46,51,r/whitepeoplegifs,9,2018-05-17 00:46:32,2,0,4,0
8jxovx,2018-05-16 19:20:46,51,r/whitepeoplegifs,9,2018-05-17 00:53:43,2,0,3,0
8jxovx,2018-05-16 19:20:46,51,r/whitepeoplegifs,9,2018-05-17 00:53:59,2,0,3,0
8jxovx,2018-05-16 19:20:46,51,r/whitepeoplegifs,9,2018-05-17 00:58:28,2,0,3,0
8jxovx,2018-05-16 19:20:46,51,r/whitepeoplegifs,9,2018-05-17 01:07:36,2,0,3,0
8jxovx,2018-05-16 19:20:46,51,r/whitepeoplegifs,9,2018-05-17 01:25:21,2,0,3,0
8jxovx,2018-05-16 19:20:46,51,r/whitepeoplegifs,9,2018-05-16 20:38:16,1,1,28,0
8jxovx,2018-05-16 19:20:46,51,r/whitepeoplegifs,9,2018-05-16 20:56:10,1,2,73,0
8jxovx,2018-05-16 19:20:46,51,r/whitepeoplegifs,9,2018-05-16 23:06:20,2,3,58,0
8jxovx,2018-05-16 19:20:46,51,r/whitepeoplegifs,9,2018-05-16 23:33:49,3,2,77,0
8jxovx,2018-05-16 19:20:46,51,r/whitepeoplegifs,9,2018-05-16 23:44:16,4,0,6,0
8jxovx,2018-05-16 19:20:46,51,r/whitepeoplegifs,9,2018-05-17 02:12:30,4,0,5,0
8jxovx,2018-05-16 19:20:46,51,r/whitepeoplegifs,9,2018-05-17 00:26:24,3,0,7,0
8jxovx,2018-05-16 19:20:46,51,r/whitepeoplegifs,9,2018-05-16 20:14:59,1,1,44,0
8jxovx,2018-05-16 19:20:46,51,r/whitepeoplegifs,9,2018-05-17 01:53:49,2,0,2,0
8jxovx,2018-05-16 19:20:46,51,r/whitepeoplegifs,9,2018-05-16 23:49:59,1,1,5,0
8jxovx,2018-05-16 19:20:46,51,r/whitepeoplegifs,10,2018-05-16 21:45:23,0,5,458,0
8jxovx,2018-05-16 19:20:46,51,r/whitepeoplegifs,10,2018-05-16 23:42:02,1,1,90,0
8jxovx,2018-05-16 19:20:46,51,r/whitepeoplegifs,10,2018-05-17 00:22:03,1,2,39,0
8jxovx,2018-05-16 19:20:46,51,r/whitepeoplegifs,10,2018-05-17 00:34:05,2,1,8,0
8jxovx,2018-05-16 19:20:46,51,r/whitepeoplegifs,10,2018-05-17 00:50:02,3,1,8,0
8jxovx,2018-05-16 19:20:46,51,r/whitepeoplegifs,10,2018-05-17 01:08:26,4,2,3,0
8jxovx,2018-05-16 19:20:46,51,r/whitepeoplegifs,10,2018-05-17 01:23:22,5,0,2,0
8jxovx,2018-05-16 19:20:46,51,r/whitepeoplegifs,10,2018-05-17 00:55:08,1,0,2,0
8jxovx,2018-05-16 19:20:46,51,r/whitepeoplegifs,10,2018-05-17 01:30:54,1,0,2,0
8jxovx,2018-05-16 19:20:46,51,r/whitepeoplegifs,11,2018-05-16 23:31:38,0,0,45,0
8jxovx,2018-05-16 19:20:46,51,r/whitepeoplegifs,12,2018-05-17 00:35:01,0,3,76,0
8jxovx,2018-05-16 19:20:46,51,r/whitepeoplegifs,12,2018-05-17 02:17:53,1,0,11,0
8jxovx,2018-05-16 19:20:46,51,r/whitepeoplegifs,12,2018-05-17 03:26:07,1,0,5,0
8jxovx,2018-05-16 19:20:46,51,r/whitepeoplegifs,13,2018-05-16 22:40:14,0,1,99,0
8jxovx,2018-05-16 19:20:46,51,r/whitepeoplegifs,13,2018-05-16 23:13:24,1,1,18,0
8jxovx,2018-05-16 19:20:46,51,r/whitepeoplegifs,13,2018-05-16 23:18:16,2,1,10,0
8jxovx,2018-05-16 19:20:46,51,r/whitepeoplegifs,13,2018-05-16 23:21:03,3,0,6,0
8jxovx,2018-05-16 19:20:46,51,r/whitepeoplegifs,14,2018-05-16 19:48:15,0,3,198,0
8jxovx,2018-05-16 19:20:46,51,r/whitepeoplegifs,14,2018-05-16 22:34:59,1,3,269,0
8jxovx,2018-05-16 19:20:46,51,r/whitepeoplegifs,14,2018-05-16 23:31:17,2,4,92,0
8jxovx,2018-05-16 19:20:46,51,r/whitepeoplegifs,14,2018-05-16 23:47:27,3,2,83,0
8jxovx,2018-05-16 19:20:46,51,r/whitepeoplegifs,14,2018-05-17 00:18:38,4,2,16,0
8jxovx,2018-05-16 19:20:46,51,r/whitepeoplegifs,14,2018-05-17 00:47:59,5,1,14,0
8jxovx,2018-05-16 19:20:46,51,r/whitepeoplegifs,14,2018-05-17 01:12:02,5,0,2,0
8jxovx,2018-05-16 19:20:46,51,r/whitepeoplegifs,14,2018-05-16 23:57:36,3,0,4,0
8jxovx,2018-05-16 19:20:46,51,r/whitepeoplegifs,14,2018-05-17 00:37:06,3,1,3,0
8jxovx,2018-05-16 19:20:46,51,r/whitepeoplegifs,14,2018-05-17 00:14:51,2,1,7,0
8jxovx,2018-05-16 19:20:46,51,r/whitepeoplegifs,14,2018-05-17 00:57:57,3,0,3,0
8jxovx,2018-05-16 19:20:46,51,r/whitepeoplegifs,14,2018-05-16 23:30:49,1,1,17,0
8jxovx,2018-05-16 19:20:46,51,r/whitepeoplegifs,14,2018-05-17 00:08:54,2,2,25,0
8jxovx,2018-05-16 19:20:46,51,r/whitepeoplegifs,14,2018-05-17 00:15:02,3,1,7,0
8jxovx,2018-05-16 19:20:46,51,r/whitepeoplegifs,14,2018-05-17 00:36:07,4,2,8,0
8jxovx,2018-05-16 19:20:46,51,r/whitepeoplegifs,14,2018-05-17 01:08:52,5,0,2,0
8jxovx,2018-05-16 19:20:46,51,r/whitepeoplegifs,15,2018-05-16 22:16:34,0,0,13,0
8jxovx,2018-05-16 19:20:46,51,r/whitepeoplegifs,16,2018-05-17 00:33:27,0,0,13,0
8jxovx,2018-05-16 19:20:46,51,r/whitepeoplegifs,17,2018-05-16 19:50:32,0,5,243,0
8jxovx,2018-05-16 19:20:46,51,r/whitepeoplegifs,17,2018-05-16 20:24:14,1,6,487,0
8jxovx,2018-05-16 19:20:46,51,r/whitepeoplegifs,17,2018-05-16 23:48:52,2,0,14,0
8jxovx,2018-05-16 19:20:46,51,r/whitepeoplegifs,17,2018-05-16 20:42:07,2,1,18,0
8jxovx,2018-05-16 19:20:46,51,r/whitepeoplegifs,17,2018-05-16 20:48:25,3,2,22,0
8jxovx,2018-05-16 19:20:46,51,r/whitepeoplegifs,17,2018-05-16 23:01:33,4,1,11,0
8jxovx,2018-05-16 19:20:46,51,r/whitepeoplegifs,17,2018-05-17 01:32:46,5,1,3,0
8jxovx,2018-05-16 19:20:46,51,r/whitepeoplegifs,17,2018-05-17 01:09:44,2,0,3,0
8jxovx,2018-05-16 19:20:46,51,r/whitepeoplegifs,17,2018-05-17 00:50:43,2,0,2,0
8jxovx,2018-05-16 19:20:46,51,r/whitepeoplegifs,17,2018-05-17 02:27:07,2,0,2,0
8jxovx,2018-05-16 19:20:46,51,r/whitepeoplegifs,17,2018-05-17 00:02:40,1,5,64,0
8jxovx,2018-05-16 19:20:46,51,r/whitepeoplegifs,17,2018-05-17 00:31:54,2,1,28,0
8jxovx,2018-05-16 19:20:46,51,r/whitepeoplegifs,17,2018-05-17 00:55:33,2,1,10,0
8jxovx,2018-05-16 19:20:46,51,r/whitepeoplegifs,17,2018-05-17 01:05:06,2,2,2,0
8jxovx,2018-05-16 19:20:46,51,r/whitepeoplegifs,17,2018-05-17 01:28:00,3,1,3,0
8jxovx,2018-05-16 19:20:46,51,r/whitepeoplegifs,17,2018-05-17 01:33:58,3,0,2,0
8jxovx,2018-05-16 19:20:46,51,r/whitepeoplegifs,17,2018-05-17 01:54:43,2,0,2,0
8jxovx,2018-05-16 19:20:46,51,r/whitepeoplegifs,17,2018-05-17 00:53:58,1,0,7,0
8jxovx,2018-05-16 19:20:46,51,r/whitepeoplegifs,17,2018-05-16 22:24:42,1,2,79,0
8jxovx,2018-05-16 19:20:46,51,r/whitepeoplegifs,17,2018-05-16 22:45:07,2,0,145,0
8jxovx,2018-05-16 19:20:46,51,r/whitepeoplegifs,17,2018-05-17 03:08:00,2,0,3,0
8jxovx,2018-05-16 19:20:46,51,r/whitepeoplegifs,18,2018-05-16 19:35:31,0,0,36,0
8jxovx,2018-05-16 19:20:46,51,r/whitepeoplegifs,19,2018-05-16 20:16:27,0,5,130,0
8jxovx,2018-05-16 19:20:46,51,r/whitepeoplegifs,19,2018-05-17 00:22:43,1,2,49,0
8jxovx,2018-05-16 19:20:46,51,r/whitepeoplegifs,19,2018-05-17 00:59:01,2,0,26,0
8jxovx,2018-05-16 19:20:46,51,r/whitepeoplegifs,19,2018-05-17 03:00:33,2,0,3,0
8jxovx,2018-05-16 19:20:46,51,r/whitepeoplegifs,19,2018-05-16 20:23:46,1,1,97,0
8jxovx,2018-05-16 19:20:46,51,r/whitepeoplegifs,19,2018-05-16 20:58:10,2,1,37,0
8jxovx,2018-05-16 19:20:46,51,r/whitepeoplegifs,19,2018-05-16 23:54:00,1,1,9,0
8jxovx,2018-05-16 19:20:46,51,r/whitepeoplegifs,19,2018-05-17 01:26:24,2,3,31,0
8jxovx,2018-05-16 19:20:46,51,r/whitepeoplegifs,19,2018-05-17 01:40:30,3,1,18,0
8jxovx,2018-05-16 19:20:46,51,r/whitepeoplegifs,19,2018-05-17 02:31:21,3,0,5,0
8jxovx,2018-05-16 19:20:46,51,r/whitepeoplegifs,19,2018-05-17 00:40:23,1,2,7,0
8jxovx,2018-05-16 19:20:46,51,r/whitepeoplegifs,19,2018-05-17 00:58:05,2,0,4,0
8jxovx,2018-05-16 19:20:46,51,r/whitepeoplegifs,20,2018-05-17 00:01:31,0,0,23,0
8jxovx,2018-05-16 19:20:46,51,r/whitepeoplegifs,21,2018-05-16 23:11:13,0,1,20,0
8jxovx,2018-05-16 19:20:46,51,r/whitepeoplegifs,22,2018-05-17 01:56:11,0,1,11,0
8jxovx,2018-05-16 19:20:46,51,r/whitepeoplegifs,22,2018-05-17 02:11:52,1,0,2,0
8jxovx,2018-05-16 19:20:46,51,r/whitepeoplegifs,23,2018-05-16 23:13:43,0,0,31,0
8jxovx,2018-05-16 19:20:46,51,r/whitepeoplegifs,24,2018-05-16 22:58:53,0,1,45,0
8jxovx,2018-05-16 19:20:46,51,r/whitepeoplegifs,25,2018-05-17 01:19:42,0,2,21,0
8jxovx,2018-05-16 19:20:46,51,r/whitepeoplegifs,25,2018-05-17 02:17:42,1,0,4,0
8jxovx,2018-05-16 19:20:46,51,r/whitepeoplegifs,26,2018-05-16 22:48:47,0,1,11,0
8jxovx,2018-05-16 19:20:46,51,r/whitepeoplegifs,27,2018-05-16 20:31:56,0,0,26,0
8jxovx,2018-05-16 19:20:46,51,r/whitepeoplegifs,28,2018-05-16 21:45:05,0,1,32,0
8jxovx,2018-05-16 19:20:46,51,r/whitepeoplegifs,29,2018-05-16 23:42:43,0,1,8,0
8jxovx,2018-05-16 19:20:46,51,r/whitepeoplegifs,29,2018-05-17 00:11:16,1,1,7,0
8jxovx,2018-05-16 19:20:46,51,r/whitepeoplegifs,29,2018-05-17 01:04:01,2,0,6,0
8jxovx,2018-05-16 19:20:46,51,r/whitepeoplegifs,30,2018-05-16 22:44:44,0,1,67,0
8jxovx,2018-05-16 19:20:46,51,r/whitepeoplegifs,30,2018-05-17 01:53:34,1,0,2,0
8jxovx,2018-05-16 19:20:46,51,r/whitepeoplegifs,31,2018-05-16 22:54:59,0,0,7,0
8jxovx,2018-05-16 19:20:46,51,r/whitepeoplegifs,32,2018-05-16 23:37:25,0,2,7,0
8jxovx,2018-05-16 19:20:46,51,r/whitepeoplegifs,32,2018-05-17 00:35:12,1,1,7,0
8jxovx,2018-05-16 19:20:46,51,r/whitepeoplegifs,32,2018-05-17 01:09:25,2,1,10,0
8jxovx,2018-05-16 19:20:46,51,r/whitepeoplegifs,32,2018-05-17 01:59:07,3,0,3,0
8jxovx,2018-05-16 19:20:46,51,r/whitepeoplegifs,33,2018-05-17 00:40:37,0,0,5,0
8jxovx,2018-05-16 19:20:46,51,r/whitepeoplegifs,34,2018-05-17 00:09:29,0,2,27,0
8jxovx,2018-05-16 19:20:46,51,r/whitepeoplegifs,34,2018-05-17 01:55:13,1,0,7,0
8jxovx,2018-05-16 19:20:46,51,r/whitepeoplegifs,34,2018-05-17 00:57:01,1,0,3,0
8jxovx,2018-05-16 19:20:46,51,r/whitepeoplegifs,35,2018-05-17 01:25:33,0,0,6,0
8jxovx,2018-05-16 19:20:46,51,r/whitepeoplegifs,36,2018-05-17 03:26:10,0,1,6,0
8jxovx,2018-05-16 19:20:46,51,r/whitepeoplegifs,37,2018-05-16 20:25:13,0,2,13,0
8jxovx,2018-05-16 19:20:46,51,r/whitepeoplegifs,37,2018-05-17 02:25:24,1,0,2,0
8jxovx,2018-05-16 19:20:46,51,r/whitepeoplegifs,38,2018-05-16 23:46:41,0,0,3,0
8jxovx,2018-05-16 19:20:46,51,r/whitepeoplegifs,39,2018-05-17 00:37:57,0,1,7,0
8jxovx,2018-05-16 19:20:46,51,r/whitepeoplegifs,40,2018-05-17 02:24:56,0,0,5,0
8jxovx,2018-05-16 19:20:46,51,r/whitepeoplegifs,41,2018-05-17 02:57:21,0,1,5,0
8jxovx,2018-05-16 19:20:46,51,r/whitepeoplegifs,42,2018-05-16 22:13:04,0,0,12,0
8jxovx,2018-05-16 19:20:46,51,r/whitepeoplegifs,43,2018-05-17 00:23:45,0,4,34,0
8jxovx,2018-05-16 19:20:46,51,r/whitepeoplegifs,43,2018-05-17 01:01:53,1,0,4,0
8jxovx,2018-05-16 19:20:46,51,r/whitepeoplegifs,43,2018-05-17 02:06:14,1,0,4,0
8jxovx,2018-05-16 19:20:46,51,r/whitepeoplegifs,43,2018-05-17 01:00:27,1,2,12,0
8jxovx,2018-05-16 19:20:46,51,r/whitepeoplegifs,43,2018-05-17 01:39:12,2,0,5,0
8jxovx,2018-05-16 19:20:46,51,r/whitepeoplegifs,44,2018-05-16 23:54:41,0,0,3,0
8jxovx,2018-05-16 19:20:46,51,r/whitepeoplegifs,45,2018-05-16 23:55:39,0,1,4,0
8jxovx,2018-05-16 19:20:46,51,r/whitepeoplegifs,46,2018-05-17 00:55:46,0,0,5,0
8jxovx,2018-05-16 19:20:46,51,r/whitepeoplegifs,47,2018-05-17 01:25:55,0,0,4,0
8jxovx,2018-05-16 19:20:46,51,r/whitepeoplegifs,48,2018-05-17 02:49:37,0,1,4,0
8jxovx,2018-05-16 19:20:46,51,r/whitepeoplegifs,48,2018-05-17 02:59:18,1,0,2,0
8jxovx,2018-05-16 19:20:46,51,r/whitepeoplegifs,49,2018-05-17 02:54:15,0,0,3,0
8jxovx,2018-05-16 19:20:46,51,r/whitepeoplegifs,50,2018-05-16 23:45:54,0,1,6,0
8jxovx,2018-05-16 19:20:46,51,r/whitepeoplegifs,51,2018-05-16 23:05:40,0,0,3,0
8jxovx,2018-05-16 19:20:46,51,r/whitepeoplegifs,52,2018-05-16 23:07:45,0,0,3,0
8jxovx,2018-05-16 19:20:46,51,r/whitepeoplegifs,53,2018-05-16 23:37:58,0,0,3,0
8jxovx,2018-05-16 19:20:46,51,r/whitepeoplegifs,54,2018-05-16 23:53:53,0,0,3,0
8jxovx,2018-05-16 19:20:46,51,r/whitepeoplegifs,55,2018-05-17 00:05:41,0,1,3,0
8jxovx,2018-05-16 19:20:46,51,r/whitepeoplegifs,56,2018-05-17 00:07:21,0,0,3,0
8jxovx,2018-05-16 19:20:46,51,r/whitepeoplegifs,57,2018-05-17 00:08:33,0,0,3,0
8jxovx,2018-05-16 19:20:46,51,r/whitepeoplegifs,58,2018-05-17 00:48:05,0,0,3,0
8jxovx,2018-05-16 19:20:46,51,r/whitepeoplegifs,59,2018-05-17 00:48:14,0,0,3,0
8jxovx,2018-05-16 19:20:46,51,r/whitepeoplegifs,60,2018-05-17 02:16:47,0,0,3,0
8jxovx,2018-05-16 19:20:46,51,r/whitepeoplegifs,61,2018-05-17 02:36:57,0,0,3,0
8jxovx,2018-05-16 19:20:46,51,r/whitepeoplegifs,62,2018-05-17 02:58:16,0,0,3,0
8jxovx,2018-05-16 19:20:46,51,r/whitepeoplegifs,63,2018-05-17 03:03:13,0,1,3,0
8jxovx,2018-05-16 19:20:46,51,r/whitepeoplegifs,64,2018-05-17 03:07:35,0,0,3,0
8jxovx,2018-05-16 19:20:46,51,r/whitepeoplegifs,65,2018-05-17 03:09:48,0,0,3,0
8jxovx,2018-05-16 19:20:46,51,r/whitepeoplegifs,66,2018-05-17 00:42:54,0,0,6,0
8jxovx,2018-05-16 19:20:46,51,r/whitepeoplegifs,67,2018-05-16 23:04:21,0,0,5,0
8jxovx,2018-05-16 19:20:46,51,r/whitepeoplegifs,68,2018-05-16 22:34:37,0,2,10,0
8jxovx,2018-05-16 19:20:46,51,r/whitepeoplegifs,68,2018-05-17 00:12:32,1,0,16,0
8jxovx,2018-05-16 19:20:46,51,r/whitepeoplegifs,69,2018-05-16 22:47:28,0,0,4,0
8jxovx,2018-05-16 19:20:46,51,r/whitepeoplegifs,70,2018-05-16 22:51:06,0,1,4,0
8jxovx,2018-05-16 19:20:46,51,r/whitepeoplegifs,71,2018-05-16 23:34:33,0,0,3,0
8jxovx,2018-05-16 19:20:46,51,r/whitepeoplegifs,72,2018-05-16 23:51:41,0,0,5,0
8jxovx,2018-05-16 19:20:46,51,r/whitepeoplegifs,73,2018-05-17 00:40:13,0,1,4,0
8jxovx,2018-05-16 19:20:46,51,r/whitepeoplegifs,74,2018-05-16 23:14:41,0,2,8,0
8jxovx,2018-05-16 19:20:46,51,r/whitepeoplegifs,74,2018-05-17 01:05:07,1,1,5,0
8jxovx,2018-05-16 19:20:46,51,r/whitepeoplegifs,74,2018-05-17 01:44:09,2,0,2,0
8jxovx,2018-05-16 19:20:46,51,r/whitepeoplegifs,75,2018-05-17 00:45:27,0,1,11,0
8jxovx,2018-05-16 19:20:46,51,r/whitepeoplegifs,76,2018-05-16 23:11:39,0,0,2,0
8jxovx,2018-05-16 19:20:46,51,r/whitepeoplegifs,77,2018-05-16 23:28:12,0,1,2,0
8jxovx,2018-05-16 19:20:46,51,r/whitepeoplegifs,78,2018-05-16 23:50:15,0,0,2,0
8jxovx,2018-05-16 19:20:46,51,r/whitepeoplegifs,79,2018-05-16 23:56:34,0,0,2,0
8jxovx,2018-05-16 19:20:46,51,r/whitepeoplegifs,80,2018-05-17 00:10:15,0,0,2,0
8jxovx,2018-05-16 19:20:46,51,r/whitepeoplegifs,81,2018-05-17 00:41:57,0,0,2,0
8jxovx,2018-05-16 19:20:46,51,r/whitepeoplegifs,82,2018-05-17 00:45:56,0,0,2,0
8jxovx,2018-05-16 19:20:46,51,r/whitepeoplegifs,83,2018-05-17 01:02:34,0,0,2,0
8jxovx,2018-05-16 19:20:46,51,r/whitepeoplegifs,84,2018-05-17 01:12:23,0,1,2,0
8jxovx,2018-05-16 19:20:46,51,r/whitepeoplegifs,84,2018-05-17 02:15:20,1,0,2,0
8jxovx,2018-05-16 19:20:46,51,r/whitepeoplegifs,85,2018-05-17 01:42:08,0,0,2,0
8jxovx,2018-05-16 19:20:46,51,r/whitepeoplegifs,86,2018-05-17 02:21:31,0,0,2,0
8jxovx,2018-05-16 19:20:46,51,r/whitepeoplegifs,87,2018-05-17 02:23:22,0,0,2,0
8jxovx,2018-05-16 19:20:46,51,r/whitepeoplegifs,88,2018-05-17 02:32:20,0,0,2,0
8jxovx,2018-05-16 19:20:46,51,r/whitepeoplegifs,89,2018-05-17 02:53:36,0,0,2,0
8jxovx,2018-05-16 19:20:46,51,r/whitepeoplegifs,90,2018-05-17 02:55:39,0,0,2,0
8jxzwn,2018-05-16 19:59:21,52,r/ShittyLifeProTips,0,2018-05-16 20:09:20,0,1,1499,0
8jxzwn,2018-05-16 19:59:21,52,r/ShittyLifeProTips,0,2018-05-16 21:26:49,1,5,997,0
8jxzwn,2018-05-16 19:59:21,52,r/ShittyLifeProTips,0,2018-05-16 21:39:31,2,2,793,0
8jxzwn,2018-05-16 19:59:21,52,r/ShittyLifeProTips,0,2018-05-16 23:38:04,3,3,376,0
8jxzwn,2018-05-16 19:59:21,52,r/ShittyLifeProTips,0,2018-05-17 01:32:27,4,0,92,0
8jxzwn,2018-05-16 19:59:21,52,r/ShittyLifeProTips,0,2018-05-17 03:05:26,4,2,10,0
8jxzwn,2018-05-16 19:59:21,52,r/ShittyLifeProTips,0,2018-05-17 03:38:23,5,0,7,0
8jxzwn,2018-05-16 19:59:21,52,r/ShittyLifeProTips,0,2018-05-17 03:38:23,5,0,1,0
8jxzwn,2018-05-16 19:59:21,52,r/ShittyLifeProTips,0,2018-05-17 04:33:53,4,0,2,0
8jxzwn,2018-05-16 19:59:21,52,r/ShittyLifeProTips,0,2018-05-17 04:08:43,3,0,3,0
8jxzwn,2018-05-16 19:59:21,52,r/ShittyLifeProTips,0,2018-05-16 23:44:20,2,2,93,0
8jxzwn,2018-05-16 19:59:21,52,r/ShittyLifeProTips,0,2018-05-17 01:05:52,3,2,39,0
8jxzwn,2018-05-16 19:59:21,52,r/ShittyLifeProTips,0,2018-05-17 01:24:59,4,1,57,0
8jxzwn,2018-05-16 19:59:21,52,r/ShittyLifeProTips,0,2018-05-17 01:58:51,5,0,35,0
8jxzwn,2018-05-16 19:59:21,52,r/ShittyLifeProTips,0,2018-05-17 02:34:15,4,1,13,0
8jxzwn,2018-05-16 19:59:21,52,r/ShittyLifeProTips,0,2018-05-17 02:39:49,5,0,15,0
8jxzwn,2018-05-16 19:59:21,52,r/ShittyLifeProTips,0,2018-05-17 01:32:48,3,1,16,0
8jxzwn,2018-05-16 19:59:21,52,r/ShittyLifeProTips,0,2018-05-17 03:37:34,4,0,1,0
8jxzwn,2018-05-16 19:59:21,52,r/ShittyLifeProTips,0,2018-05-17 02:10:20,2,0,12,0
8jxzwn,2018-05-16 19:59:21,52,r/ShittyLifeProTips,0,2018-05-16 23:51:35,2,2,21,0
8jxzwn,2018-05-16 19:59:21,52,r/ShittyLifeProTips,0,2018-05-17 02:16:29,3,0,8,0
8jxzwn,2018-05-16 19:59:21,52,r/ShittyLifeProTips,0,2018-05-17 04:03:58,3,0,1,0
8jxzwn,2018-05-16 19:59:21,52,r/ShittyLifeProTips,0,2018-05-17 01:13:38,2,1,6,0
8jxzwn,2018-05-16 19:59:21,52,r/ShittyLifeProTips,0,2018-05-17 02:17:46,3,1,4,0
8jxzwn,2018-05-16 19:59:21,52,r/ShittyLifeProTips,0,2018-05-17 03:42:22,4,0,4,0
8jxzwn,2018-05-16 19:59:21,52,r/ShittyLifeProTips,1,2018-05-16 21:27:02,0,1,575,0
8jxzwn,2018-05-16 19:59:21,52,r/ShittyLifeProTips,1,2018-05-17 00:42:53,1,2,288,0
8jxzwn,2018-05-16 19:59:21,52,r/ShittyLifeProTips,1,2018-05-17 03:23:37,2,1,11,0
8jxzwn,2018-05-16 19:59:21,52,r/ShittyLifeProTips,1,2018-05-17 03:25:10,3,0,1,0
8jxzwn,2018-05-16 19:59:21,52,r/ShittyLifeProTips,1,2018-05-17 00:56:13,2,1,77,0
8jxzwn,2018-05-16 19:59:21,52,r/ShittyLifeProTips,1,2018-05-17 01:02:39,3,1,105,0
8jxzwn,2018-05-16 19:59:21,52,r/ShittyLifeProTips,1,2018-05-17 01:30:55,4,1,61,0
8jxzwn,2018-05-16 19:59:21,52,r/ShittyLifeProTips,1,2018-05-17 02:40:28,5,1,14,0
8jxzwn,2018-05-16 19:59:21,52,r/ShittyLifeProTips,1,2018-05-17 03:44:35,6,1,7,0
8jxzwn,2018-05-16 19:59:21,52,r/ShittyLifeProTips,1,2018-05-17 04:46:45,7,0,1,0
8jxzwn,2018-05-16 19:59:21,52,r/ShittyLifeProTips,2,2018-05-16 23:27:48,0,12,561,0
8jxzwn,2018-05-16 19:59:21,52,r/ShittyLifeProTips,2,2018-05-17 00:35:30,1,0,116,0
8jxzwn,2018-05-16 19:59:21,52,r/ShittyLifeProTips,2,2018-05-17 00:18:22,1,1,91,0
8jxzwn,2018-05-16 19:59:21,52,r/ShittyLifeProTips,2,2018-05-17 00:56:12,2,1,63,0
8jxzwn,2018-05-16 19:59:21,52,r/ShittyLifeProTips,2,2018-05-17 01:33:54,3,1,26,0
8jxzwn,2018-05-16 19:59:21,52,r/ShittyLifeProTips,2,2018-05-17 02:31:18,4,2,13,0
8jxzwn,2018-05-16 19:59:21,52,r/ShittyLifeProTips,2,2018-05-17 03:20:49,5,0,6,0
8jxzwn,2018-05-16 19:59:21,52,r/ShittyLifeProTips,2,2018-05-17 02:53:23,5,0,4,0
8jxzwn,2018-05-16 19:59:21,52,r/ShittyLifeProTips,2,2018-05-17 01:49:50,1,0,10,0
8jxzwn,2018-05-16 19:59:21,52,r/ShittyLifeProTips,2,2018-05-17 01:34:20,1,1,10,0
8jxzwn,2018-05-16 19:59:21,52,r/ShittyLifeProTips,2,2018-05-17 02:21:04,2,1,4,0
8jxzwn,2018-05-16 19:59:21,52,r/ShittyLifeProTips,2,2018-05-17 04:12:06,3,1,3,0
8jxzwn,2018-05-16 19:59:21,52,r/ShittyLifeProTips,2,2018-05-17 05:02:29,4,0,1,0
8jxzwn,2018-05-16 19:59:21,52,r/ShittyLifeProTips,2,2018-05-17 01:49:33,1,1,10,0
8jxzwn,2018-05-16 19:59:21,52,r/ShittyLifeProTips,2,2018-05-17 04:18:48,2,0,1,0
8jxzwn,2018-05-16 19:59:21,52,r/ShittyLifeProTips,2,2018-05-17 03:32:52,1,1,5,0
8jxzwn,2018-05-16 19:59:21,52,r/ShittyLifeProTips,2,2018-05-17 03:46:22,2,1,6,0
8jxzwn,2018-05-16 19:59:21,52,r/ShittyLifeProTips,2,2018-05-17 04:11:14,3,0,2,0
8jxzwn,2018-05-16 19:59:21,52,r/ShittyLifeProTips,2,2018-05-17 00:56:20,1,3,14,0
8jxzwn,2018-05-16 19:59:21,52,r/ShittyLifeProTips,2,2018-05-17 01:18:15,2,0,14,0
8jxzwn,2018-05-16 19:59:21,52,r/ShittyLifeProTips,2,2018-05-17 03:29:26,2,0,4,0
8jxzwn,2018-05-16 19:59:21,52,r/ShittyLifeProTips,2,2018-05-17 01:58:47,2,1,3,0
8jxzwn,2018-05-16 19:59:21,52,r/ShittyLifeProTips,2,2018-05-17 04:20:33,3,0,3,0
8jxzwn,2018-05-16 19:59:21,52,r/ShittyLifeProTips,2,2018-05-17 00:46:46,1,0,8,0
8jxzwn,2018-05-16 19:59:21,52,r/ShittyLifeProTips,2,2018-05-17 01:46:20,1,0,3,0
8jxzwn,2018-05-16 19:59:21,52,r/ShittyLifeProTips,2,2018-05-17 04:18:50,1,1,1,0
8jxzwn,2018-05-16 19:59:21,52,r/ShittyLifeProTips,2,2018-05-17 05:02:54,2,0,1,0
8jxzwn,2018-05-16 19:59:21,52,r/ShittyLifeProTips,2,2018-05-17 00:31:16,1,0,1,0
8jxzwn,2018-05-16 19:59:21,52,r/ShittyLifeProTips,2,2018-05-17 02:01:58,1,0,1,0
8jxzwn,2018-05-16 19:59:21,52,r/ShittyLifeProTips,3,2018-05-16 21:51:17,0,2,253,0
8jxzwn,2018-05-16 19:59:21,52,r/ShittyLifeProTips,3,2018-05-17 02:11:31,1,1,37,0
8jxzwn,2018-05-16 19:59:21,52,r/ShittyLifeProTips,3,2018-05-17 02:26:26,2,1,27,0
8jxzwn,2018-05-16 19:59:21,52,r/ShittyLifeProTips,3,2018-05-17 02:40:27,3,0,10,0
8jxzwn,2018-05-16 19:59:21,52,r/ShittyLifeProTips,3,2018-05-17 03:16:18,1,1,7,0
8jxzwn,2018-05-16 19:59:21,52,r/ShittyLifeProTips,3,2018-05-17 04:00:20,2,0,5,0
8jxzwn,2018-05-16 19:59:21,52,r/ShittyLifeProTips,4,2018-05-17 00:46:07,0,1,72,0
8jxzwn,2018-05-16 19:59:21,52,r/ShittyLifeProTips,4,2018-05-17 02:46:53,1,0,26,0
8jxzwn,2018-05-16 19:59:21,52,r/ShittyLifeProTips,5,2018-05-16 23:10:18,0,6,118,0
8jxzwn,2018-05-16 19:59:21,52,r/ShittyLifeProTips,5,2018-05-17 00:35:44,1,2,81,0
8jxzwn,2018-05-16 19:59:21,52,r/ShittyLifeProTips,5,2018-05-17 02:17:48,2,0,27,0
8jxzwn,2018-05-16 19:59:21,52,r/ShittyLifeProTips,5,2018-05-17 03:21:26,2,0,5,0
8jxzwn,2018-05-16 19:59:21,52,r/ShittyLifeProTips,5,2018-05-17 00:39:33,1,0,18,0
8jxzwn,2018-05-16 19:59:21,52,r/ShittyLifeProTips,5,2018-05-16 23:29:30,1,0,29,0
8jxzwn,2018-05-16 19:59:21,52,r/ShittyLifeProTips,5,2018-05-17 00:51:48,1,1,10,0
8jxzwn,2018-05-16 19:59:21,52,r/ShittyLifeProTips,5,2018-05-17 03:16:03,2,0,2,0
8jxzwn,2018-05-16 19:59:21,52,r/ShittyLifeProTips,5,2018-05-17 02:03:34,1,1,5,0
8jxzwn,2018-05-16 19:59:21,52,r/ShittyLifeProTips,5,2018-05-17 04:42:59,2,1,1,0
8jxzwn,2018-05-16 19:59:21,52,r/ShittyLifeProTips,5,2018-05-17 04:49:32,3,0,1,0
8jxzwn,2018-05-16 19:59:21,52,r/ShittyLifeProTips,5,2018-05-17 02:51:09,1,0,-1,0
8jxzwn,2018-05-16 19:59:21,52,r/ShittyLifeProTips,6,2018-05-16 23:42:24,0,1,32,0
8jxzwn,2018-05-16 19:59:21,52,r/ShittyLifeProTips,6,2018-05-17 00:49:46,1,0,16,0
8jxzwn,2018-05-16 19:59:21,52,r/ShittyLifeProTips,7,2018-05-16 20:48:08,0,1,72,0
8jxzwn,2018-05-16 19:59:21,52,r/ShittyLifeProTips,7,2018-05-17 04:35:02,1,0,2,0
8jxzwn,2018-05-16 19:59:21,52,r/ShittyLifeProTips,8,2018-05-17 01:00:49,0,0,14,0
8jxzwn,2018-05-16 19:59:21,52,r/ShittyLifeProTips,9,2018-05-16 21:03:47,0,0,12,0
8jxzwn,2018-05-16 19:59:21,52,r/ShittyLifeProTips,10,2018-05-17 00:37:27,0,0,9,0
8jxzwn,2018-05-16 19:59:21,52,r/ShittyLifeProTips,11,2018-05-16 23:24:18,0,4,14,0
8jxzwn,2018-05-16 19:59:21,52,r/ShittyLifeProTips,11,2018-05-17 01:51:14,1,1,9,0
8jxzwn,2018-05-16 19:59:21,52,r/ShittyLifeProTips,11,2018-05-17 03:27:29,2,1,5,0
8jxzwn,2018-05-16 19:59:21,52,r/ShittyLifeProTips,11,2018-05-17 04:07:43,3,0,3,0
8jxzwn,2018-05-16 19:59:21,52,r/ShittyLifeProTips,11,2018-05-17 00:16:33,1,0,2,0
8jxzwn,2018-05-16 19:59:21,52,r/ShittyLifeProTips,11,2018-05-17 01:59:18,1,0,1,0
8jxzwn,2018-05-16 19:59:21,52,r/ShittyLifeProTips,11,2018-05-17 02:21:56,1,0,1,0
8jxzwn,2018-05-16 19:59:21,52,r/ShittyLifeProTips,12,2018-05-17 00:42:00,0,0,5,0
8jxzwn,2018-05-16 19:59:21,52,r/ShittyLifeProTips,13,2018-05-17 00:50:35,0,2,5,0
8jxzwn,2018-05-16 19:59:21,52,r/ShittyLifeProTips,13,2018-05-17 03:55:02,1,0,2,0
8jxzwn,2018-05-16 19:59:21,52,r/ShittyLifeProTips,13,2018-05-17 04:12:25,1,0,1,0
8jxzwn,2018-05-16 19:59:21,52,r/ShittyLifeProTips,14,2018-05-17 01:39:14,0,0,5,0
8jxzwn,2018-05-16 19:59:21,52,r/ShittyLifeProTips,15,2018-05-17 01:13:27,0,0,3,0
8jxzwn,2018-05-16 19:59:21,52,r/ShittyLifeProTips,16,2018-05-17 02:34:47,0,0,2,0
8jxzwn,2018-05-16 19:59:21,52,r/ShittyLifeProTips,17,2018-05-17 01:26:32,0,0,4,0
8jxzwn,2018-05-16 19:59:21,52,r/ShittyLifeProTips,18,2018-05-17 00:17:38,0,0,2,0
8jxzwn,2018-05-16 19:59:21,52,r/ShittyLifeProTips,19,2018-05-17 00:28:23,0,0,2,0
8jxzwn,2018-05-16 19:59:21,52,r/ShittyLifeProTips,20,2018-05-17 01:17:58,0,0,2,0
8jxzwn,2018-05-16 19:59:21,52,r/ShittyLifeProTips,21,2018-05-17 02:10:33,0,0,2,0
8jxzwn,2018-05-16 19:59:21,52,r/ShittyLifeProTips,22,2018-05-17 02:29:54,0,0,2,0
8jxzwn,2018-05-16 19:59:21,52,r/ShittyLifeProTips,23,2018-05-17 03:36:26,0,1,2,0
8jxzwn,2018-05-16 19:59:21,52,r/ShittyLifeProTips,23,2018-05-17 03:43:53,1,0,2,0
8jxzwn,2018-05-16 19:59:21,52,r/ShittyLifeProTips,24,2018-05-16 23:49:57,0,1,3,0
8jxzwn,2018-05-16 19:59:21,52,r/ShittyLifeProTips,24,2018-05-17 01:21:01,1,1,3,0
8jxzwn,2018-05-16 19:59:21,52,r/ShittyLifeProTips,24,2018-05-17 01:36:44,2,0,4,0
8jxzwn,2018-05-16 19:59:21,52,r/ShittyLifeProTips,25,2018-05-17 00:15:43,0,0,1,0
8jxzwn,2018-05-16 19:59:21,52,r/ShittyLifeProTips,26,2018-05-17 01:45:05,0,0,1,0
8jxzwn,2018-05-16 19:59:21,52,r/ShittyLifeProTips,27,2018-05-17 02:01:08,0,0,1,0
8jxzwn,2018-05-16 19:59:21,52,r/ShittyLifeProTips,28,2018-05-17 02:02:23,0,0,1,0
8jxzwn,2018-05-16 19:59:21,52,r/ShittyLifeProTips,29,2018-05-17 02:12:02,0,0,1,0
8jxzwn,2018-05-16 19:59:21,52,r/ShittyLifeProTips,30,2018-05-17 02:17:07,0,0,1,0
8jxzwn,2018-05-16 19:59:21,52,r/ShittyLifeProTips,31,2018-05-17 02:26:14,0,0,1,0
8jxzwn,2018-05-16 19:59:21,52,r/ShittyLifeProTips,32,2018-05-17 02:26:33,0,1,1,0
8jxzwn,2018-05-16 19:59:21,52,r/ShittyLifeProTips,32,2018-05-17 04:16:41,1,0,1,0
8jxzwn,2018-05-16 19:59:21,52,r/ShittyLifeProTips,33,2018-05-17 02:33:15,0,0,1,0
8jxzwn,2018-05-16 19:59:21,52,r/ShittyLifeProTips,34,2018-05-17 02:41:18,0,0,1,0
8jxzwn,2018-05-16 19:59:21,52,r/ShittyLifeProTips,35,2018-05-17 02:51:11,0,0,1,0
8jxzwn,2018-05-16 19:59:21,52,r/ShittyLifeProTips,36,2018-05-17 03:14:02,0,0,1,0
8jxzwn,2018-05-16 19:59:21,52,r/ShittyLifeProTips,37,2018-05-17 03:14:27,0,0,1,0
8jxzwn,2018-05-16 19:59:21,52,r/ShittyLifeProTips,38,2018-05-17 03:20:40,0,0,1,0
8jxzwn,2018-05-16 19:59:21,52,r/ShittyLifeProTips,39,2018-05-17 03:25:51,0,0,1,0
8jxzwn,2018-05-16 19:59:21,52,r/ShittyLifeProTips,40,2018-05-17 03:30:36,0,0,1,0
8jxzwn,2018-05-16 19:59:21,52,r/ShittyLifeProTips,41,2018-05-17 03:42:54,0,0,1,0
8jxzwn,2018-05-16 19:59:21,52,r/ShittyLifeProTips,42,2018-05-17 03:50:21,0,0,1,0
8jxzwn,2018-05-16 19:59:21,52,r/ShittyLifeProTips,43,2018-05-17 04:17:26,0,0,1,0
8jxzwn,2018-05-16 19:59:21,52,r/ShittyLifeProTips,44,2018-05-17 04:22:07,0,0,1,0
8jxzwn,2018-05-16 19:59:21,52,r/ShittyLifeProTips,45,2018-05-17 04:42:45,0,0,1,0
8jxzwn,2018-05-16 19:59:21,52,r/ShittyLifeProTips,46,2018-05-17 04:44:14,0,0,1,0
8jxzwn,2018-05-16 19:59:21,52,r/ShittyLifeProTips,47,2018-05-17 04:49:21,0,0,1,0
8jxzwn,2018-05-16 19:59:21,52,r/ShittyLifeProTips,48,2018-05-17 04:49:40,0,0,1,0
8jxzwn,2018-05-16 19:59:21,52,r/ShittyLifeProTips,49,2018-05-17 05:03:17,0,0,1,0
8jxzwn,2018-05-16 19:59:21,52,r/ShittyLifeProTips,50,2018-05-17 05:13:40,0,0,1,0
8jxzwn,2018-05-16 19:59:21,52,r/ShittyLifeProTips,51,2018-05-17 05:15:24,0,0,1,0
8jxzwn,2018-05-16 19:59:21,52,r/ShittyLifeProTips,52,2018-05-17 01:55:48,0,1,1,0
8jxzwn,2018-05-16 19:59:21,52,r/ShittyLifeProTips,52,2018-05-17 04:14:18,1,0,2,0
8jxzwn,2018-05-16 19:59:21,52,r/ShittyLifeProTips,53,2018-05-17 02:49:25,0,0,0,0
8jyihe,2018-05-16 21:05:07,53,r/memes,0,2018-05-16 21:16:41,0,5,996,0
8jyihe,2018-05-16 21:05:07,53,r/memes,0,2018-05-16 22:01:10,1,4,286,0
8jyihe,2018-05-16 21:05:07,53,r/memes,0,2018-05-17 00:32:21,2,2,161,0
8jyihe,2018-05-16 21:05:07,53,r/memes,0,2018-05-17 02:45:01,3,1,48,0
8jyihe,2018-05-16 21:05:07,53,r/memes,0,2018-05-17 03:28:00,4,1,25,0
8jyihe,2018-05-16 21:05:07,53,r/memes,0,2018-05-17 04:05:14,5,1,-10,0
8jyihe,2018-05-16 21:05:07,53,r/memes,0,2018-05-17 04:06:46,6,2,22,0
8jyihe,2018-05-16 21:05:07,53,r/memes,0,2018-05-17 04:20:08,7,0,13,0
8jyihe,2018-05-16 21:05:07,53,r/memes,0,2018-05-17 04:36:54,7,0,11,0
8jyihe,2018-05-16 21:05:07,53,r/memes,0,2018-05-17 03:28:40,3,1,16,0
8jyihe,2018-05-16 21:05:07,53,r/memes,0,2018-05-17 04:28:21,4,1,9,0
8jyihe,2018-05-16 21:05:07,53,r/memes,0,2018-05-17 04:36:28,5,1,9,0
8jyihe,2018-05-16 21:05:07,53,r/memes,0,2018-05-17 04:50:59,6,0,8,0
8jyihe,2018-05-16 21:05:07,53,r/memes,0,2018-05-17 02:46:44,2,0,7,0
8jyihe,2018-05-16 21:05:07,53,r/memes,0,2018-05-17 03:45:29,2,0,2,0
8jyihe,2018-05-16 21:05:07,53,r/memes,0,2018-05-17 04:36:35,2,0,1,0
8jyihe,2018-05-16 21:05:07,53,r/memes,0,2018-05-17 02:11:22,1,0,36,0
8jyihe,2018-05-16 21:05:07,53,r/memes,0,2018-05-17 01:41:33,1,0,25,0
8jyihe,2018-05-16 21:05:07,53,r/memes,0,2018-05-17 03:04:41,1,1,2,0
8jyihe,2018-05-16 21:05:07,53,r/memes,0,2018-05-17 03:05:51,2,0,2,0
8jyihe,2018-05-16 21:05:07,53,r/memes,0,2018-05-17 03:21:02,1,0,1,0
8jyihe,2018-05-16 21:05:07,53,r/memes,1,2018-05-17 00:05:13,0,5,725,0
8jyihe,2018-05-16 21:05:07,53,r/memes,1,2018-05-17 02:35:55,1,2,92,0
8jyihe,2018-05-16 21:05:07,53,r/memes,1,2018-05-17 02:37:09,2,0,39,0
8jyihe,2018-05-16 21:05:07,53,r/memes,1,2018-05-17 03:57:42,2,1,19,0
8jyihe,2018-05-16 21:05:07,53,r/memes,1,2018-05-17 04:59:39,3,0,1,0
8jyihe,2018-05-16 21:05:07,53,r/memes,1,2018-05-17 02:32:21,1,1,14,0
8jyihe,2018-05-16 21:05:07,53,r/memes,1,2018-05-17 02:54:30,2,1,11,0
8jyihe,2018-05-16 21:05:07,53,r/memes,1,2018-05-17 03:07:41,3,1,5,0
8jyihe,2018-05-16 21:05:07,53,r/memes,1,2018-05-17 03:15:23,4,1,6,0
8jyihe,2018-05-16 21:05:07,53,r/memes,1,2018-05-17 03:16:00,5,1,3,0
8jyihe,2018-05-16 21:05:07,53,r/memes,1,2018-05-17 04:14:12,6,0,3,0
8jyihe,2018-05-16 21:05:07,53,r/memes,1,2018-05-17 03:53:23,1,0,3,0
8jyihe,2018-05-16 21:05:07,53,r/memes,1,2018-05-17 04:53:07,1,1,1,0
8jyihe,2018-05-16 21:05:07,53,r/memes,1,2018-05-17 05:00:41,2,0,1,0
8jyihe,2018-05-16 21:05:07,53,r/memes,1,2018-05-17 03:23:00,1,0,-1,0
8jyihe,2018-05-16 21:05:07,53,r/memes,2,2018-05-16 22:14:17,0,2,326,0
8jyihe,2018-05-16 21:05:07,53,r/memes,2,2018-05-17 03:15:03,1,1,25,0
8jyihe,2018-05-16 21:05:07,53,r/memes,2,2018-05-17 04:50:45,2,0,1,0
8jyihe,2018-05-16 21:05:07,53,r/memes,2,2018-05-17 04:18:40,1,0,5,0
8jyihe,2018-05-16 21:05:07,53,r/memes,3,2018-05-17 00:34:44,0,8,313,0
8jyihe,2018-05-16 21:05:07,53,r/memes,3,2018-05-17 02:40:07,1,3,115,0
8jyihe,2018-05-16 21:05:07,53,r/memes,3,2018-05-17 04:40:30,2,0,18,0
8jyihe,2018-05-16 21:05:07,53,r/memes,3,2018-05-17 04:45:41,2,0,6,0
8jyihe,2018-05-16 21:05:07,53,r/memes,3,2018-05-17 04:02:57,2,1,-4,0
8jyihe,2018-05-16 21:05:07,53,r/memes,3,2018-05-17 04:18:12,3,1,4,0
8jyihe,2018-05-16 21:05:07,53,r/memes,3,2018-05-17 05:19:00,4,0,1,0
8jyihe,2018-05-16 21:05:07,53,r/memes,3,2018-05-17 01:58:24,1,1,58,0
8jyihe,2018-05-16 21:05:07,53,r/memes,3,2018-05-17 02:21:39,2,1,45,0
8jyihe,2018-05-16 21:05:07,53,r/memes,3,2018-05-17 03:27:18,3,0,11,0
8jyihe,2018-05-16 21:05:07,53,r/memes,3,2018-05-17 04:22:20,1,0,10,0
8jyihe,2018-05-16 21:05:07,53,r/memes,3,2018-05-17 03:57:13,1,0,4,0
8jyihe,2018-05-16 21:05:07,53,r/memes,3,2018-05-17 04:42:25,1,2,8,0
8jyihe,2018-05-16 21:05:07,53,r/memes,3,2018-05-17 05:00:29,2,1,1,0
8jyihe,2018-05-16 21:05:07,53,r/memes,3,2018-05-17 05:03:51,3,0,1,0
8jyihe,2018-05-16 21:05:07,53,r/memes,3,2018-05-17 05:02:27,2,1,1,0
8jyihe,2018-05-16 21:05:07,53,r/memes,3,2018-05-17 05:07:30,3,0,2,0
8jyihe,2018-05-16 21:05:07,53,r/memes,3,2018-05-17 02:52:09,1,1,7,0
8jyihe,2018-05-16 21:05:07,53,r/memes,3,2018-05-17 03:07:06,2,1,15,0
8jyihe,2018-05-16 21:05:07,53,r/memes,3,2018-05-17 03:10:45,3,0,-15,0
8jyihe,2018-05-16 21:05:07,53,r/memes,3,2018-05-17 04:16:04,1,0,2,0
8jyihe,2018-05-16 21:05:07,53,r/memes,3,2018-05-17 04:19:50,1,0,1,0
8jyihe,2018-05-16 21:05:07,53,r/memes,4,2018-05-17 02:07:15,0,1,124,0
8jyihe,2018-05-16 21:05:07,53,r/memes,4,2018-05-17 02:15:34,1,2,42,0
8jyihe,2018-05-16 21:05:07,53,r/memes,4,2018-05-17 03:18:19,2,0,20,0
8jyihe,2018-05-16 21:05:07,53,r/memes,4,2018-05-17 05:00:17,2,0,2,0
8jyihe,2018-05-16 21:05:07,53,r/memes,5,2018-05-17 02:42:32,0,3,27,0
8jyihe,2018-05-16 21:05:07,53,r/memes,5,2018-05-17 02:45:03,1,0,50,0
8jyihe,2018-05-16 21:05:07,53,r/memes,5,2018-05-17 03:44:06,1,1,17,0
8jyihe,2018-05-16 21:05:07,53,r/memes,5,2018-05-17 04:14:44,2,1,14,0
8jyihe,2018-05-16 21:05:07,53,r/memes,5,2018-05-17 04:21:35,3,1,19,0
8jyihe,2018-05-16 21:05:07,53,r/memes,5,2018-05-17 05:00:30,4,0,6,0
8jyihe,2018-05-16 21:05:07,53,r/memes,5,2018-05-17 03:56:24,1,0,-3,0
8jyihe,2018-05-16 21:05:07,53,r/memes,6,2018-05-16 23:52:48,0,1,77,0
8jyihe,2018-05-16 21:05:07,53,r/memes,6,2018-05-17 04:52:39,1,0,-5,0
8jyihe,2018-05-16 21:05:07,53,r/memes,7,2018-05-17 00:40:25,0,1,38,0
8jyihe,2018-05-16 21:05:07,53,r/memes,7,2018-05-17 01:50:53,1,2,41,0
8jyihe,2018-05-16 21:05:07,53,r/memes,7,2018-05-17 03:03:53,2,1,28,0
8jyihe,2018-05-16 21:05:07,53,r/memes,7,2018-05-17 03:12:10,3,1,4,0
8jyihe,2018-05-16 21:05:07,53,r/memes,7,2018-05-17 04:48:21,4,0,1,0
8jyihe,2018-05-16 21:05:07,53,r/memes,7,2018-05-17 02:55:51,2,1,12,0
8jyihe,2018-05-16 21:05:07,53,r/memes,7,2018-05-17 04:44:49,3,0,0,0
8jyihe,2018-05-16 21:05:07,53,r/memes,8,2018-05-17 02:15:57,0,1,12,0
8jyihe,2018-05-16 21:05:07,53,r/memes,8,2018-05-17 04:48:39,1,0,1,0
8jyihe,2018-05-16 21:05:07,53,r/memes,9,2018-05-17 02:13:58,0,0,6,0
8jyihe,2018-05-16 21:05:07,53,r/memes,10,2018-05-17 00:46:34,0,1,18,0
8jyihe,2018-05-16 21:05:07,53,r/memes,10,2018-05-17 02:51:31,1,1,16,0
8jyihe,2018-05-16 21:05:07,53,r/memes,10,2018-05-17 04:12:04,2,0,6,0
8jyihe,2018-05-16 21:05:07,53,r/memes,11,2018-05-17 04:00:24,0,0,3,0
8jyihe,2018-05-16 21:05:07,53,r/memes,12,2018-05-16 21:18:16,0,0,4,0
8jyihe,2018-05-16 21:05:07,53,r/memes,13,2018-05-17 02:39:01,0,0,5,0
8jyihe,2018-05-16 21:05:07,53,r/memes,14,2018-05-16 21:50:22,0,0,5,0
8jyihe,2018-05-16 21:05:07,53,r/memes,15,2018-05-17 02:47:13,0,0,5,0
8jyihe,2018-05-16 21:05:07,53,r/memes,16,2018-05-17 03:29:06,0,0,4,0
8jyihe,2018-05-16 21:05:07,53,r/memes,17,2018-05-17 02:39:24,0,0,2,0
8jyihe,2018-05-16 21:05:07,53,r/memes,18,2018-05-17 03:46:16,0,0,2,0
8jyihe,2018-05-16 21:05:07,53,r/memes,19,2018-05-17 04:07:08,0,0,2,0
8jyihe,2018-05-16 21:05:07,53,r/memes,20,2018-05-17 04:14:59,0,1,2,0
8jyihe,2018-05-16 21:05:07,53,r/memes,20,2018-05-17 04:49:16,1,1,1,0
8jyihe,2018-05-16 21:05:07,53,r/memes,20,2018-05-17 04:56:54,2,1,1,0
8jyihe,2018-05-16 21:05:07,53,r/memes,20,2018-05-17 05:01:41,3,0,1,0
8jyihe,2018-05-16 21:05:07,53,r/memes,21,2018-05-17 02:15:04,0,0,1,0
8jyihe,2018-05-16 21:05:07,53,r/memes,22,2018-05-17 02:21:41,0,0,1,0
8jyihe,2018-05-16 21:05:07,53,r/memes,23,2018-05-17 02:53:42,0,0,1,0
8jyihe,2018-05-16 21:05:07,53,r/memes,24,2018-05-17 02:56:06,0,0,1,0
8jyihe,2018-05-16 21:05:07,53,r/memes,25,2018-05-17 03:18:09,0,0,1,0
8jyihe,2018-05-16 21:05:07,53,r/memes,26,2018-05-17 03:21:38,0,0,1,0
8jyihe,2018-05-16 21:05:07,53,r/memes,27,2018-05-17 03:22:20,0,0,1,0
8jyihe,2018-05-16 21:05:07,53,r/memes,28,2018-05-17 03:48:28,0,0,1,0
8jyihe,2018-05-16 21:05:07,53,r/memes,29,2018-05-17 03:52:36,0,0,1,0
8jyihe,2018-05-16 21:05:07,53,r/memes,30,2018-05-17 04:06:48,0,0,1,0
8jyihe,2018-05-16 21:05:07,53,r/memes,31,2018-05-17 04:29:21,0,0,1,0
8jyihe,2018-05-16 21:05:07,53,r/memes,32,2018-05-17 04:30:21,0,0,1,0
8jyihe,2018-05-16 21:05:07,53,r/memes,33,2018-05-17 04:44:02,0,0,1,0
8jyihe,2018-05-16 21:05:07,53,r/memes,34,2018-05-17 04:47:24,0,0,1,0
8jyihe,2018-05-16 21:05:07,53,r/memes,35,2018-05-17 04:48:20,0,1,1,0
8jyihe,2018-05-16 21:05:07,53,r/memes,35,2018-05-17 05:03:04,1,0,1,0
8jyihe,2018-05-16 21:05:07,53,r/memes,36,2018-05-17 04:54:48,0,0,1,0
8jyihe,2018-05-16 21:05:07,53,r/memes,37,2018-05-17 04:55:15,0,0,1,0
8jyihe,2018-05-16 21:05:07,53,r/memes,38,2018-05-17 05:01:25,0,0,1,0
8jyihe,2018-05-16 21:05:07,53,r/memes,39,2018-05-17 05:03:14,0,0,1,0
8jyihe,2018-05-16 21:05:07,53,r/memes,40,2018-05-17 05:19:12,0,0,1,0
8jyihe,2018-05-16 21:05:07,53,r/memes,41,2018-05-17 02:58:33,0,0,1,0
8jyihe,2018-05-16 21:05:07,53,r/memes,42,2018-05-17 04:01:58,0,1,0,0
8jyihe,2018-05-16 21:05:07,53,r/memes,42,2018-05-17 04:45:51,1,0,2,0
8jyihe,2018-05-16 21:05:07,53,r/memes,43,2018-05-17 03:05:40,0,0,0,0
8jyihe,2018-05-16 21:05:07,53,r/memes,44,2018-05-17 02:35:57,0,0,-2,0
8jyihe,2018-05-16 21:05:07,53,r/memes,45,2018-05-17 03:06:06,0,0,0,0
8jyihe,2018-05-16 21:05:07,53,r/memes,46,2018-05-17 03:06:14,0,0,0,0
8jyihe,2018-05-16 21:05:07,53,r/memes,47,2018-05-17 03:03:24,0,0,-1,0
8jyihe,2018-05-16 21:05:07,53,r/memes,48,2018-05-17 03:05:25,0,0,-1,0
8jyihe,2018-05-16 21:05:07,53,r/memes,49,2018-05-17 03:47:19,0,0,-1,0
8jyihe,2018-05-16 21:05:07,53,r/memes,50,2018-05-17 02:57:50,0,0,-2,0
8jyihe,2018-05-16 21:05:07,53,r/memes,51,2018-05-17 03:04:53,0,0,-3,0
8jxqq5,2018-05-16 19:27:19,54,r/dontyouknowwhoiam,0,2018-05-16 21:11:25,0,11,3376,0
8jxqq5,2018-05-16 19:27:19,54,r/dontyouknowwhoiam,0,2018-05-16 22:12:07,1,10,2281,0
8jxqq5,2018-05-16 19:27:19,54,r/dontyouknowwhoiam,0,2018-05-16 22:58:37,2,18,2765,0
8jxqq5,2018-05-16 19:27:19,54,r/dontyouknowwhoiam,0,2018-05-16 23:25:36,3,4,504,0
8jxqq5,2018-05-16 19:27:19,54,r/dontyouknowwhoiam,0,2018-05-16 23:33:20,4,3,99,0
8jxqq5,2018-05-16 19:27:19,54,r/dontyouknowwhoiam,0,2018-05-16 23:49:27,5,2,71,0
8jxqq5,2018-05-16 19:27:19,54,r/dontyouknowwhoiam,0,2018-05-17 00:03:32,6,1,54,0
8jxqq5,2018-05-16 19:27:19,54,r/dontyouknowwhoiam,0,2018-05-17 02:18:20,7,1,3,0
8jxqq5,2018-05-16 19:27:19,54,r/dontyouknowwhoiam,0,2018-05-17 03:02:19,8,0,2,0
8jxqq5,2018-05-16 19:27:19,54,r/dontyouknowwhoiam,0,2018-05-17 01:57:10,6,0,2,0
8jxqq5,2018-05-16 19:27:19,54,r/dontyouknowwhoiam,0,2018-05-17 03:01:11,5,0,5,0
8jxqq5,2018-05-16 19:27:19,54,r/dontyouknowwhoiam,0,2018-05-17 03:11:05,5,1,1,0
8jxqq5,2018-05-16 19:27:19,54,r/dontyouknowwhoiam,0,2018-05-17 03:13:02,6,0,1,0
8jxqq5,2018-05-16 19:27:19,54,r/dontyouknowwhoiam,0,2018-05-17 00:09:39,4,0,7,0
8jxqq5,2018-05-16 19:27:19,54,r/dontyouknowwhoiam,0,2018-05-17 01:41:58,4,0,1,0
8jxqq5,2018-05-16 19:27:19,54,r/dontyouknowwhoiam,0,2018-05-17 04:42:52,4,0,1,0
8jxqq5,2018-05-16 19:27:19,54,r/dontyouknowwhoiam,0,2018-05-17 00:47:14,3,1,35,0
8jxqq5,2018-05-16 19:27:19,54,r/dontyouknowwhoiam,0,2018-05-17 02:12:43,4,2,34,0
8jxqq5,2018-05-16 19:27:19,54,r/dontyouknowwhoiam,0,2018-05-17 03:15:07,5,0,5,0
8jxqq5,2018-05-16 19:27:19,54,r/dontyouknowwhoiam,0,2018-05-17 04:19:59,5,0,2,0
8jxqq5,2018-05-16 19:27:19,54,r/dontyouknowwhoiam,0,2018-05-17 01:12:12,3,0,14,0
8jxqq5,2018-05-16 19:27:19,54,r/dontyouknowwhoiam,0,2018-05-17 02:05:07,3,0,10,0
8jxqq5,2018-05-16 19:27:19,54,r/dontyouknowwhoiam,0,2018-05-17 01:02:32,3,0,7,0
8jxqq5,2018-05-16 19:27:19,54,r/dontyouknowwhoiam,0,2018-05-17 01:14:45,3,0,6,0
8jxqq5,2018-05-16 19:27:19,54,r/dontyouknowwhoiam,0,2018-05-17 01:51:52,3,0,7,0
8jxqq5,2018-05-16 19:27:19,54,r/dontyouknowwhoiam,0,2018-05-17 02:27:16,3,0,7,0
8jxqq5,2018-05-16 19:27:19,54,r/dontyouknowwhoiam,0,2018-05-17 02:32:31,3,0,7,0
8jxqq5,2018-05-16 19:27:19,54,r/dontyouknowwhoiam,0,2018-05-17 02:00:16,3,0,13,0
8jxqq5,2018-05-16 19:27:19,54,r/dontyouknowwhoiam,0,2018-05-17 02:14:06,3,0,5,0
8jxqq5,2018-05-16 19:27:19,54,r/dontyouknowwhoiam,0,2018-05-17 02:15:03,3,0,4,0
8jxqq5,2018-05-16 19:27:19,54,r/dontyouknowwhoiam,0,2018-05-17 02:21:13,3,0,4,0
8jxqq5,2018-05-16 19:27:19,54,r/dontyouknowwhoiam,0,2018-05-17 03:06:26,3,0,2,0
8jxqq5,2018-05-16 19:27:19,54,r/dontyouknowwhoiam,0,2018-05-17 03:16:43,3,0,2,0
8jxqq5,2018-05-16 19:27:19,54,r/dontyouknowwhoiam,0,2018-05-17 03:24:58,3,0,2,0
8jxqq5,2018-05-16 19:27:19,54,r/dontyouknowwhoiam,0,2018-05-17 03:27:32,3,0,2,0
8jxqq5,2018-05-16 19:27:19,54,r/dontyouknowwhoiam,0,2018-05-17 01:06:50,3,0,3,0
8jxqq5,2018-05-16 19:27:19,54,r/dontyouknowwhoiam,0,2018-05-16 23:41:36,2,4,121,0
8jxqq5,2018-05-16 19:27:19,54,r/dontyouknowwhoiam,0,2018-05-16 23:43:29,3,0,47,0
8jxqq5,2018-05-16 19:27:19,54,r/dontyouknowwhoiam,0,2018-05-17 01:13:36,3,1,32,0
8jxqq5,2018-05-16 19:27:19,54,r/dontyouknowwhoiam,0,2018-05-17 03:05:17,4,0,3,0
8jxqq5,2018-05-16 19:27:19,54,r/dontyouknowwhoiam,0,2018-05-17 05:03:14,3,0,1,0
8jxqq5,2018-05-16 19:27:19,54,r/dontyouknowwhoiam,0,2018-05-16 22:23:44,2,1,146,0
8jxqq5,2018-05-16 19:27:19,54,r/dontyouknowwhoiam,0,2018-05-17 00:07:07,3,2,27,0
8jxqq5,2018-05-16 19:27:19,54,r/dontyouknowwhoiam,0,2018-05-17 03:21:18,4,0,2,0
8jxqq5,2018-05-16 19:27:19,54,r/dontyouknowwhoiam,0,2018-05-17 01:01:24,2,0,32,0
8jxqq5,2018-05-16 19:27:19,54,r/dontyouknowwhoiam,0,2018-05-16 23:19:07,2,1,22,0
8jxqq5,2018-05-16 19:27:19,54,r/dontyouknowwhoiam,0,2018-05-17 01:18:12,3,0,4,0
8jxqq5,2018-05-16 19:27:19,54,r/dontyouknowwhoiam,0,2018-05-17 00:48:45,2,0,5,0
8jxqq5,2018-05-16 19:27:19,54,r/dontyouknowwhoiam,0,2018-05-17 00:45:28,2,0,1,0
8jxqq5,2018-05-16 19:27:19,54,r/dontyouknowwhoiam,0,2018-05-17 03:27:39,2,0,1,0
8jxqq5,2018-05-16 19:27:19,54,r/dontyouknowwhoiam,0,2018-05-17 04:20:04,2,0,1,0
8jxqq5,2018-05-16 19:27:19,54,r/dontyouknowwhoiam,0,2018-05-16 23:52:50,1,3,287,0
8jxqq5,2018-05-16 19:27:19,54,r/dontyouknowwhoiam,0,2018-05-17 00:09:13,2,1,187,0
8jxqq5,2018-05-16 19:27:19,54,r/dontyouknowwhoiam,0,2018-05-17 01:04:43,3,1,99,0
8jxqq5,2018-05-16 19:27:19,54,r/dontyouknowwhoiam,0,2018-05-17 01:16:54,4,4,107,0
8jxqq5,2018-05-16 19:27:19,54,r/dontyouknowwhoiam,0,2018-05-17 02:18:09,5,1,25,0
8jxqq5,2018-05-16 19:27:19,54,r/dontyouknowwhoiam,0,2018-05-17 03:01:16,6,0,2,0
8jxqq5,2018-05-16 19:27:19,54,r/dontyouknowwhoiam,0,2018-05-17 01:35:00,5,0,8,0
8jxqq5,2018-05-16 19:27:19,54,r/dontyouknowwhoiam,0,2018-05-17 02:44:13,5,0,2,0
8jxqq5,2018-05-16 19:27:19,54,r/dontyouknowwhoiam,0,2018-05-17 01:36:17,5,0,1,0
8jxqq5,2018-05-16 19:27:19,54,r/dontyouknowwhoiam,0,2018-05-17 00:04:21,2,1,71,0
8jxqq5,2018-05-16 19:27:19,54,r/dontyouknowwhoiam,0,2018-05-17 00:06:21,3,1,48,0
8jxqq5,2018-05-16 19:27:19,54,r/dontyouknowwhoiam,0,2018-05-17 00:21:39,4,1,54,0
8jxqq5,2018-05-16 19:27:19,54,r/dontyouknowwhoiam,0,2018-05-17 00:42:46,5,2,21,0
8jxqq5,2018-05-16 19:27:19,54,r/dontyouknowwhoiam,0,2018-05-17 01:17:00,6,0,8,0
8jxqq5,2018-05-16 19:27:19,54,r/dontyouknowwhoiam,0,2018-05-17 03:04:14,6,0,1,0
8jxqq5,2018-05-16 19:27:19,54,r/dontyouknowwhoiam,0,2018-05-17 01:16:05,2,1,3,0
8jxqq5,2018-05-16 19:27:19,54,r/dontyouknowwhoiam,0,2018-05-17 01:50:42,3,1,1,0
8jxqq5,2018-05-16 19:27:19,54,r/dontyouknowwhoiam,0,2018-05-17 01:54:54,4,0,4,0
8jxqq5,2018-05-16 19:27:19,54,r/dontyouknowwhoiam,0,2018-05-17 00:23:07,1,6,257,1
8jxqq5,2018-05-16 19:27:19,54,r/dontyouknowwhoiam,0,2018-05-17 00:24:26,2,0,27,0
8jxqq5,2018-05-16 19:27:19,54,r/dontyouknowwhoiam,0,2018-05-17 01:56:53,2,2,25,0
8jxqq5,2018-05-16 19:27:19,54,r/dontyouknowwhoiam,0,2018-05-17 03:03:00,3,0,1,0
8jxqq5,2018-05-16 19:27:19,54,r/dontyouknowwhoiam,0,2018-05-17 03:15:26,3,0,1,0
8jxqq5,2018-05-16 19:27:19,54,r/dontyouknowwhoiam,0,2018-05-17 00:48:38,2,0,15,0
8jxqq5,2018-05-16 19:27:19,54,r/dontyouknowwhoiam,0,2018-05-17 02:09:00,2,0,2,0
8jxqq5,2018-05-16 19:27:19,54,r/dontyouknowwhoiam,0,2018-05-17 02:15:26,2,0,2,0
8jxqq5,2018-05-16 19:27:19,54,r/dontyouknowwhoiam,0,2018-05-17 03:14:14,2,0,1,0
8jxqq5,2018-05-16 19:27:19,54,r/dontyouknowwhoiam,0,2018-05-17 01:39:48,1,0,39,0
8jxqq5,2018-05-16 19:27:19,54,r/dontyouknowwhoiam,0,2018-05-16 23:48:58,1,0,8,0
8jxqq5,2018-05-16 19:27:19,54,r/dontyouknowwhoiam,0,2018-05-17 02:18:03,1,0,6,0
8jxqq5,2018-05-16 19:27:19,54,r/dontyouknowwhoiam,0,2018-05-17 00:22:02,1,0,5,0
8jxqq5,2018-05-16 19:27:19,54,r/dontyouknowwhoiam,0,2018-05-17 03:04:18,1,0,3,0
8jxqq5,2018-05-16 19:27:19,54,r/dontyouknowwhoiam,0,2018-05-17 00:56:34,1,0,1,0
8jxqq5,2018-05-16 19:27:19,54,r/dontyouknowwhoiam,0,2018-05-17 02:05:22,1,0,1,0
8jxqq5,2018-05-16 19:27:19,54,r/dontyouknowwhoiam,1,2018-05-16 20:01:58,0,10,1670,0
8jxqq5,2018-05-16 19:27:19,54,r/dontyouknowwhoiam,1,2018-05-16 20:12:21,1,7,764,0
8jxqq5,2018-05-16 19:27:19,54,r/dontyouknowwhoiam,1,2018-05-17 00:08:09,2,1,66,0
8jxqq5,2018-05-16 19:27:19,54,r/dontyouknowwhoiam,1,2018-05-17 03:05:02,3,1,2,0
8jxqq5,2018-05-16 19:27:19,54,r/dontyouknowwhoiam,1,2018-05-17 03:13:33,4,1,7,0
8jxqq5,2018-05-16 19:27:19,54,r/dontyouknowwhoiam,1,2018-05-17 03:16:04,5,1,2,0
8jxqq5,2018-05-16 19:27:19,54,r/dontyouknowwhoiam,1,2018-05-17 03:18:02,6,1,1,0
8jxqq5,2018-05-16 19:27:19,54,r/dontyouknowwhoiam,1,2018-05-17 03:21:16,7,0,2,0
8jxqq5,2018-05-16 19:27:19,54,r/dontyouknowwhoiam,1,2018-05-17 01:09:34,2,0,14,0
8jxqq5,2018-05-16 19:27:19,54,r/dontyouknowwhoiam,1,2018-05-16 21:40:31,2,3,76,0
8jxqq5,2018-05-16 19:27:19,54,r/dontyouknowwhoiam,1,2018-05-16 21:58:34,3,4,172,0
8jxqq5,2018-05-16 19:27:19,54,r/dontyouknowwhoiam,1,2018-05-16 23:03:36,4,1,126,0
8jxqq5,2018-05-16 19:27:19,54,r/dontyouknowwhoiam,1,2018-05-16 22:09:44,4,1,11,0
8jxqq5,2018-05-16 19:27:19,54,r/dontyouknowwhoiam,1,2018-05-16 23:40:42,5,2,25,0
8jxqq5,2018-05-16 19:27:19,54,r/dontyouknowwhoiam,1,2018-05-16 23:50:17,6,1,5,0
8jxqq5,2018-05-16 19:27:19,54,r/dontyouknowwhoiam,1,2018-05-16 23:50:34,7,1,5,0
8jxqq5,2018-05-16 19:27:19,54,r/dontyouknowwhoiam,1,2018-05-17 02:20:39,8,0,0,0
8jxqq5,2018-05-16 19:27:19,54,r/dontyouknowwhoiam,1,2018-05-17 00:44:41,6,0,1,0
8jxqq5,2018-05-16 19:27:19,54,r/dontyouknowwhoiam,1,2018-05-16 22:10:56,4,0,1,0
8jxqq5,2018-05-16 19:27:19,54,r/dontyouknowwhoiam,1,2018-05-17 03:41:18,4,0,1,0
8jxqq5,2018-05-16 19:27:19,54,r/dontyouknowwhoiam,1,2018-05-16 21:48:50,3,1,12,0
8jxqq5,2018-05-16 19:27:19,54,r/dontyouknowwhoiam,1,2018-05-17 00:04:33,4,1,1,0
8jxqq5,2018-05-16 19:27:19,54,r/dontyouknowwhoiam,1,2018-05-17 02:16:54,5,0,3,0
8jxqq5,2018-05-16 19:27:19,54,r/dontyouknowwhoiam,1,2018-05-17 04:23:33,3,0,1,0
8jxqq5,2018-05-16 19:27:19,54,r/dontyouknowwhoiam,1,2018-05-16 23:32:56,2,0,4,0
8jxqq5,2018-05-16 19:27:19,54,r/dontyouknowwhoiam,1,2018-05-17 01:35:17,2,0,1,0
8jxqq5,2018-05-16 19:27:19,54,r/dontyouknowwhoiam,1,2018-05-17 03:58:23,2,0,1,0
8jxqq5,2018-05-16 19:27:19,54,r/dontyouknowwhoiam,1,2018-05-17 00:38:00,1,1,17,0
8jxqq5,2018-05-16 19:27:19,54,r/dontyouknowwhoiam,1,2018-05-17 02:24:26,2,0,8,0
8jxqq5,2018-05-16 19:27:19,54,r/dontyouknowwhoiam,1,2018-05-16 20:05:51,1,2,88,0
8jxqq5,2018-05-16 19:27:19,54,r/dontyouknowwhoiam,1,2018-05-16 20:07:40,2,0,37,0
8jxqq5,2018-05-16 19:27:19,54,r/dontyouknowwhoiam,1,2018-05-17 04:50:56,2,0,0,0
8jxqq5,2018-05-16 19:27:19,54,r/dontyouknowwhoiam,1,2018-05-16 20:20:19,1,3,23,0
8jxqq5,2018-05-16 19:27:19,54,r/dontyouknowwhoiam,1,2018-05-16 20:24:47,2,2,33,0
8jxqq5,2018-05-16 19:27:19,54,r/dontyouknowwhoiam,1,2018-05-16 22:00:59,3,1,13,0
8jxqq5,2018-05-16 19:27:19,54,r/dontyouknowwhoiam,1,2018-05-16 22:21:38,4,1,7,0
8jxqq5,2018-05-16 19:27:19,54,r/dontyouknowwhoiam,1,2018-05-17 01:28:00,5,1,5,0
8jxqq5,2018-05-16 19:27:19,54,r/dontyouknowwhoiam,1,2018-05-17 03:52:42,6,0,1,0
8jxqq5,2018-05-16 19:27:19,54,r/dontyouknowwhoiam,1,2018-05-17 02:08:59,2,0,3,0
8jxqq5,2018-05-16 19:27:19,54,r/dontyouknowwhoiam,1,2018-05-17 02:58:48,2,0,2,0
8jxqq5,2018-05-16 19:27:19,54,r/dontyouknowwhoiam,1,2018-05-16 21:24:03,1,0,14,0
8jxqq5,2018-05-16 19:27:19,54,r/dontyouknowwhoiam,1,2018-05-17 01:04:52,1,0,1,0
8jxqq5,2018-05-16 19:27:19,54,r/dontyouknowwhoiam,1,2018-05-17 01:43:29,1,1,1,0
8jxqq5,2018-05-16 19:27:19,54,r/dontyouknowwhoiam,1,2018-05-17 01:56:08,2,0,2,0
8jxqq5,2018-05-16 19:27:19,54,r/dontyouknowwhoiam,1,2018-05-17 04:11:32,1,0,1,0
8jxqq5,2018-05-16 19:27:19,54,r/dontyouknowwhoiam,1,2018-05-17 04:20:04,1,0,1,0
8jxqq5,2018-05-16 19:27:19,54,r/dontyouknowwhoiam,1,2018-05-16 22:03:33,1,2,1,0
8jxqq5,2018-05-16 19:27:19,54,r/dontyouknowwhoiam,1,2018-05-16 22:14:36,2,1,6,0
8jxqq5,2018-05-16 19:27:19,54,r/dontyouknowwhoiam,1,2018-05-17 01:38:06,2,1,1,0
8jxqq5,2018-05-16 19:27:19,54,r/dontyouknowwhoiam,1,2018-05-17 02:14:47,3,1,1,0
8jxqq5,2018-05-16 19:27:19,54,r/dontyouknowwhoiam,1,2018-05-17 02:53:40,4,1,1,0
8jxqq5,2018-05-16 19:27:19,54,r/dontyouknowwhoiam,1,2018-05-17 03:27:22,5,0,1,0
8jxqq5,2018-05-16 19:27:19,54,r/dontyouknowwhoiam,2,2018-05-16 22:48:17,0,5,551,0
8jxqq5,2018-05-16 19:27:19,54,r/dontyouknowwhoiam,2,2018-05-16 23:59:23,1,7,420,0
8jxqq5,2018-05-16 19:27:19,54,r/dontyouknowwhoiam,2,2018-05-17 00:24:36,2,3,140,0
8jxqq5,2018-05-16 19:27:19,54,r/dontyouknowwhoiam,2,2018-05-17 01:05:49,3,2,41,0
8jxqq5,2018-05-16 19:27:19,54,r/dontyouknowwhoiam,2,2018-05-17 02:35:49,4,1,14,0
8jxqq5,2018-05-16 19:27:19,54,r/dontyouknowwhoiam,2,2018-05-17 02:47:26,5,1,2,0
8jxqq5,2018-05-16 19:27:19,54,r/dontyouknowwhoiam,2,2018-05-17 02:49:36,6,2,2,0
8jxqq5,2018-05-16 19:27:19,54,r/dontyouknowwhoiam,2,2018-05-17 02:55:11,7,1,4,0
8jxqq5,2018-05-16 19:27:19,54,r/dontyouknowwhoiam,2,2018-05-17 03:04:58,8,1,3,0
8jxqq5,2018-05-16 19:27:19,54,r/dontyouknowwhoiam,2,2018-05-17 03:14:17,9,1,1,0
8jxqq5,2018-05-16 19:27:19,54,r/dontyouknowwhoiam,2,2018-05-17 03:32:31,7,0,1,0
8jxqq5,2018-05-16 19:27:19,54,r/dontyouknowwhoiam,2,2018-05-17 03:31:30,4,0,1,0
8jxqq5,2018-05-16 19:27:19,54,r/dontyouknowwhoiam,2,2018-05-17 03:44:09,3,0,1,0
8jxqq5,2018-05-16 19:27:19,54,r/dontyouknowwhoiam,2,2018-05-17 00:45:47,3,3,-9,0
8jxqq5,2018-05-16 19:27:19,54,r/dontyouknowwhoiam,2,2018-05-17 00:54:19,4,2,65,0
8jxqq5,2018-05-16 19:27:19,54,r/dontyouknowwhoiam,2,2018-05-17 00:56:41,5,4,67,0
8jxqq5,2018-05-16 19:27:19,54,r/dontyouknowwhoiam,2,2018-05-17 01:18:16,6,3,18,0
8jxqq5,2018-05-16 19:27:19,54,r/dontyouknowwhoiam,2,2018-05-17 01:41:50,7,1,4,0
8jxqq5,2018-05-16 19:27:19,54,r/dontyouknowwhoiam,2,2018-05-17 02:07:02,8,1,1,0
8jxqq5,2018-05-16 19:27:19,54,r/dontyouknowwhoiam,2,2018-05-17 03:43:39,9,0,2,0
8jxqq5,2018-05-16 19:27:19,54,r/dontyouknowwhoiam,2,2018-05-17 01:19:15,7,0,3,0
8jxqq5,2018-05-16 19:27:19,54,r/dontyouknowwhoiam,2,2018-05-17 03:07:55,7,1,1,0
8jxqq5,2018-05-16 19:27:19,54,r/dontyouknowwhoiam,2,2018-05-17 03:24:14,8,1,2,0
8jxqq5,2018-05-16 19:27:19,54,r/dontyouknowwhoiam,2,2018-05-17 03:43:00,9,0,2,0
8jxqq5,2018-05-16 19:27:19,54,r/dontyouknowwhoiam,2,2018-05-17 01:19:42,6,0,2,0
8jxqq5,2018-05-16 19:27:19,54,r/dontyouknowwhoiam,2,2018-05-17 03:08:12,6,0,1,0
8jxqq5,2018-05-16 19:27:19,54,r/dontyouknowwhoiam,2,2018-05-17 01:45:29,6,0,1,0
8jxqq5,2018-05-16 19:27:19,54,r/dontyouknowwhoiam,2,2018-05-17 01:08:46,4,0,11,0
8jxqq5,2018-05-16 19:27:19,54,r/dontyouknowwhoiam,2,2018-05-17 01:00:23,4,0,12,0
8jxqq5,2018-05-16 19:27:19,54,r/dontyouknowwhoiam,2,2018-05-17 01:08:48,2,2,20,0
8jxqq5,2018-05-16 19:27:19,54,r/dontyouknowwhoiam,2,2018-05-17 01:13:30,3,1,14,0
8jxqq5,2018-05-16 19:27:19,54,r/dontyouknowwhoiam,2,2018-05-17 03:20:43,4,0,4,0
8jxqq5,2018-05-16 19:27:19,54,r/dontyouknowwhoiam,2,2018-05-17 02:30:44,3,2,3,0
8jxqq5,2018-05-16 19:27:19,54,r/dontyouknowwhoiam,2,2018-05-17 02:38:55,4,0,7,0
8jxqq5,2018-05-16 19:27:19,54,r/dontyouknowwhoiam,2,2018-05-17 02:44:15,4,0,2,0
8jxqq5,2018-05-16 19:27:19,54,r/dontyouknowwhoiam,2,2018-05-17 01:24:12,2,0,4,0
8jxqq5,2018-05-16 19:27:19,54,r/dontyouknowwhoiam,2,2018-05-17 01:57:24,2,0,1,0
8jxqq5,2018-05-16 19:27:19,54,r/dontyouknowwhoiam,2,2018-05-17 03:03:12,2,0,1,0
8jxqq5,2018-05-16 19:27:19,54,r/dontyouknowwhoiam,2,2018-05-17 03:28:56,2,0,1,0
8jxqq5,2018-05-16 19:27:19,54,r/dontyouknowwhoiam,2,2018-05-17 03:44:46,2,0,1,0
8jxqq5,2018-05-16 19:27:19,54,r/dontyouknowwhoiam,2,2018-05-17 00:21:33,1,1,29,0
8jxqq5,2018-05-16 19:27:19,54,r/dontyouknowwhoiam,2,2018-05-17 00:38:56,2,1,10,0
8jxqq5,2018-05-16 19:27:19,54,r/dontyouknowwhoiam,2,2018-05-17 03:21:08,3,0,1,0
8jxqq5,2018-05-16 19:27:19,54,r/dontyouknowwhoiam,2,2018-05-17 01:18:52,1,0,23,0
8jxqq5,2018-05-16 19:27:19,54,r/dontyouknowwhoiam,2,2018-05-17 02:25:39,1,0,1,0
8jxqq5,2018-05-16 19:27:19,54,r/dontyouknowwhoiam,3,2018-05-16 19:53:40,0,10,1760,0
8jxqq5,2018-05-16 19:27:19,54,r/dontyouknowwhoiam,3,2018-05-16 20:01:26,1,10,962,0
8jxqq5,2018-05-16 19:27:19,54,r/dontyouknowwhoiam,3,2018-05-16 20:35:18,2,4,130,0
8jxqq5,2018-05-16 19:27:19,54,r/dontyouknowwhoiam,3,2018-05-16 21:26:02,3,2,62,0
8jxqq5,2018-05-16 19:27:19,54,r/dontyouknowwhoiam,3,2018-05-16 23:38:18,4,1,29,0
8jxqq5,2018-05-16 19:27:19,54,r/dontyouknowwhoiam,3,2018-05-17 00:28:20,5,2,9,0
8jxqq5,2018-05-16 19:27:19,54,r/dontyouknowwhoiam,3,2018-05-17 00:45:54,6,1,5,0
8jxqq5,2018-05-16 19:27:19,54,r/dontyouknowwhoiam,3,2018-05-17 01:26:26,7,0,6,0
8jxqq5,2018-05-16 19:27:19,54,r/dontyouknowwhoiam,3,2018-05-17 03:16:00,6,0,1,0
8jxqq5,2018-05-16 19:27:19,54,r/dontyouknowwhoiam,3,2018-05-17 00:41:24,4,1,7,0
8jxqq5,2018-05-16 19:27:19,54,r/dontyouknowwhoiam,3,2018-05-17 01:02:51,5,0,1,0
8jxqq5,2018-05-16 19:27:19,54,r/dontyouknowwhoiam,3,2018-05-17 00:52:33,3,0,3,0
8jxqq5,2018-05-16 19:27:19,54,r/dontyouknowwhoiam,3,2018-05-17 02:03:14,3,1,2,0
8jxqq5,2018-05-16 19:27:19,54,r/dontyouknowwhoiam,3,2018-05-17 03:25:04,4,0,1,0
8jxqq5,2018-05-16 19:27:19,54,r/dontyouknowwhoiam,3,2018-05-16 23:49:30,3,1,2,0
8jxqq5,2018-05-16 19:27:19,54,r/dontyouknowwhoiam,3,2018-05-17 00:09:46,4,2,1,0
8jxqq5,2018-05-16 19:27:19,54,r/dontyouknowwhoiam,3,2018-05-17 00:18:53,5,0,3,0
8jxqq5,2018-05-16 19:27:19,54,r/dontyouknowwhoiam,3,2018-05-17 00:41:15,5,0,1,0
8jxqq5,2018-05-16 19:27:19,54,r/dontyouknowwhoiam,3,2018-05-17 00:02:15,2,2,7,0
8jxqq5,2018-05-16 19:27:19,54,r/dontyouknowwhoiam,3,2018-05-17 05:18:34,3,0,1,0
8jxqq5,2018-05-16 19:27:19,54,r/dontyouknowwhoiam,3,2018-05-17 05:18:44,3,0,1,0
8jxqq5,2018-05-16 19:27:19,54,r/dontyouknowwhoiam,3,2018-05-16 23:59:56,2,1,8,0
8jxqq5,2018-05-16 19:27:19,54,r/dontyouknowwhoiam,3,2018-05-17 00:54:17,3,0,3,0
8jxqq5,2018-05-16 19:27:19,54,r/dontyouknowwhoiam,3,2018-05-17 00:53:34,2,0,5,0
8jxqq5,2018-05-16 19:27:19,54,r/dontyouknowwhoiam,3,2018-05-17 02:07:37,2,0,2,0
8jxqq5,2018-05-16 19:27:19,54,r/dontyouknowwhoiam,3,2018-05-16 23:39:26,2,0,1,0
8jxqq5,2018-05-16 19:27:19,54,r/dontyouknowwhoiam,3,2018-05-17 01:39:18,2,1,1,0
8jxqq5,2018-05-16 19:27:19,54,r/dontyouknowwhoiam,3,2018-05-17 01:54:51,3,0,3,0
8jxqq5,2018-05-16 19:27:19,54,r/dontyouknowwhoiam,3,2018-05-17 05:10:29,2,0,1,0
8jxqq5,2018-05-16 19:27:19,54,r/dontyouknowwhoiam,3,2018-05-17 00:41:57,2,0,1,0
8jxqq5,2018-05-16 19:27:19,54,r/dontyouknowwhoiam,3,2018-05-16 20:16:10,1,3,38,0
8jxqq5,2018-05-16 19:27:19,54,r/dontyouknowwhoiam,3,2018-05-16 20:29:46,2,2,41,0
8jxqq5,2018-05-16 19:27:19,54,r/dontyouknowwhoiam,3,2018-05-16 20:34:09,3,1,11,0
8jxqq5,2018-05-16 19:27:19,54,r/dontyouknowwhoiam,3,2018-05-17 00:50:49,3,0,2,0
8jxqq5,2018-05-16 19:27:19,54,r/dontyouknowwhoiam,3,2018-05-16 22:32:47,2,1,6,0
8jxqq5,2018-05-16 19:27:19,54,r/dontyouknowwhoiam,3,2018-05-17 00:20:56,3,0,4,0
8jxqq5,2018-05-16 19:27:19,54,r/dontyouknowwhoiam,3,2018-05-16 23:18:22,2,0,3,0
8jxqq5,2018-05-16 19:27:19,54,r/dontyouknowwhoiam,3,2018-05-17 01:08:02,1,2,24,0
8jxqq5,2018-05-16 19:27:19,54,r/dontyouknowwhoiam,3,2018-05-17 02:26:06,2,1,4,0
8jxqq5,2018-05-16 19:27:19,54,r/dontyouknowwhoiam,3,2018-05-17 03:06:31,3,0,1,0
8jxqq5,2018-05-16 19:27:19,54,r/dontyouknowwhoiam,3,2018-05-16 22:02:38,1,1,18,0
8jxqq5,2018-05-16 19:27:19,54,r/dontyouknowwhoiam,3,2018-05-17 01:43:20,2,0,2,0
8jxqq5,2018-05-16 19:27:19,54,r/dontyouknowwhoiam,3,2018-05-17 01:09:56,1,0,3,0
8jxqq5,2018-05-16 19:27:19,54,r/dontyouknowwhoiam,3,2018-05-17 00:26:19,1,0,1,0
8jxqq5,2018-05-16 19:27:19,54,r/dontyouknowwhoiam,3,2018-05-17 01:21:06,1,0,1,0
8jxqq5,2018-05-16 19:27:19,54,r/dontyouknowwhoiam,3,2018-05-17 01:54:08,1,0,1,0
8jxqq5,2018-05-16 19:27:19,54,r/dontyouknowwhoiam,3,2018-05-17 03:09:38,1,0,1,0
8jxqq5,2018-05-16 19:27:19,54,r/dontyouknowwhoiam,3,2018-05-17 03:42:24,1,0,1,0
8jxqq5,2018-05-16 19:27:19,54,r/dontyouknowwhoiam,4,2018-05-17 00:55:09,0,2,174,0
8jxqq5,2018-05-16 19:27:19,54,r/dontyouknowwhoiam,4,2018-05-17 02:02:34,1,4,101,0
8jxqq5,2018-05-16 19:27:19,54,r/dontyouknowwhoiam,4,2018-05-17 02:26:12,2,1,83,0
8jxqq5,2018-05-16 19:27:19,54,r/dontyouknowwhoiam,4,2018-05-17 02:39:20,3,2,49,0
8jxqq5,2018-05-16 19:27:19,54,r/dontyouknowwhoiam,4,2018-05-17 03:52:52,4,0,22,0
8jxqq5,2018-05-16 19:27:19,54,r/dontyouknowwhoiam,4,2018-05-17 04:51:12,4,0,1,0
8jxqq5,2018-05-16 19:27:19,54,r/dontyouknowwhoiam,4,2018-05-17 03:08:24,2,2,29,0
8jxqq5,2018-05-16 19:27:19,54,r/dontyouknowwhoiam,4,2018-05-17 03:58:24,3,1,8,0
8jxqq5,2018-05-16 19:27:19,54,r/dontyouknowwhoiam,4,2018-05-17 04:49:49,4,0,1,0
8jxqq5,2018-05-16 19:27:19,54,r/dontyouknowwhoiam,4,2018-05-17 03:46:21,3,0,2,0
8jxqq5,2018-05-16 19:27:19,54,r/dontyouknowwhoiam,4,2018-05-17 03:58:02,2,1,2,0
8jxqq5,2018-05-16 19:27:19,54,r/dontyouknowwhoiam,4,2018-05-17 04:00:04,3,0,2,0
8jxqq5,2018-05-16 19:27:19,54,r/dontyouknowwhoiam,4,2018-05-17 04:24:23,2,1,2,0
8jxqq5,2018-05-16 19:27:19,54,r/dontyouknowwhoiam,4,2018-05-17 04:46:54,3,0,1,0
8jxqq5,2018-05-16 19:27:19,54,r/dontyouknowwhoiam,4,2018-05-17 01:54:07,1,0,0,0
8jxqq5,2018-05-16 19:27:19,54,r/dontyouknowwhoiam,5,2018-05-16 20:05:27,0,6,698,0
8jxqq5,2018-05-16 19:27:19,54,r/dontyouknowwhoiam,5,2018-05-16 22:19:04,1,2,203,0
8jxqq5,2018-05-16 19:27:19,54,r/dontyouknowwhoiam,5,2018-05-17 03:05:25,2,0,6,0
8jxqq5,2018-05-16 19:27:19,54,r/dontyouknowwhoiam,5,2018-05-17 01:05:46,1,4,112,0
8jxqq5,2018-05-16 19:27:19,54,r/dontyouknowwhoiam,5,2018-05-17 01:13:34,2,1,99,0
8jxqq5,2018-05-16 19:27:19,54,r/dontyouknowwhoiam,5,2018-05-17 01:28:52,3,1,53,0
8jxqq5,2018-05-16 19:27:19,54,r/dontyouknowwhoiam,5,2018-05-17 02:06:35,4,1,14,0
8jxqq5,2018-05-16 19:27:19,54,r/dontyouknowwhoiam,5,2018-05-17 02:58:05,5,0,1,0
8jxqq5,2018-05-16 19:27:19,54,r/dontyouknowwhoiam,5,2018-05-17 01:54:49,2,1,18,0
8jxqq5,2018-05-16 19:27:19,54,r/dontyouknowwhoiam,5,2018-05-17 02:10:44,3,0,34,0
8jxqq5,2018-05-16 19:27:19,54,r/dontyouknowwhoiam,5,2018-05-17 03:23:41,2,0,2,0
8jxqq5,2018-05-16 19:27:19,54,r/dontyouknowwhoiam,5,2018-05-16 23:06:54,1,1,32,0
8jxqq5,2018-05-16 19:27:19,54,r/dontyouknowwhoiam,5,2018-05-17 01:42:42,2,1,7,0
8jxqq5,2018-05-16 19:27:19,54,r/dontyouknowwhoiam,5,2018-05-17 01:48:44,3,0,8,0
8jxqq5,2018-05-16 19:27:19,54,r/dontyouknowwhoiam,5,2018-05-17 02:50:25,1,0,2,0
8jxqq5,2018-05-16 19:27:19,54,r/dontyouknowwhoiam,5,2018-05-17 02:28:23,1,0,1,0
8jxqq5,2018-05-16 19:27:19,54,r/dontyouknowwhoiam,6,2018-05-17 00:29:10,0,6,149,0
8jxqq5,2018-05-16 19:27:19,54,r/dontyouknowwhoiam,6,2018-05-17 01:41:40,1,3,50,0
8jxqq5,2018-05-16 19:27:19,54,r/dontyouknowwhoiam,6,2018-05-17 01:55:51,2,0,25,0
8jxqq5,2018-05-16 19:27:19,54,r/dontyouknowwhoiam,6,2018-05-17 02:16:17,2,0,5,0
8jxqq5,2018-05-16 19:27:19,54,r/dontyouknowwhoiam,6,2018-05-17 02:09:42,2,0,7,0
8jxqq5,2018-05-16 19:27:19,54,r/dontyouknowwhoiam,6,2018-05-17 01:40:30,1,1,15,0
8jxqq5,2018-05-16 19:27:19,54,r/dontyouknowwhoiam,6,2018-05-17 01:45:45,2,1,15,0
8jxqq5,2018-05-16 19:27:19,54,r/dontyouknowwhoiam,6,2018-05-17 02:24:44,3,0,8,0
8jxqq5,2018-05-16 19:27:19,54,r/dontyouknowwhoiam,6,2018-05-17 02:13:33,1,0,11,0
8jxqq5,2018-05-16 19:27:19,54,r/dontyouknowwhoiam,6,2018-05-17 02:49:56,1,0,4,0
8jxqq5,2018-05-16 19:27:19,54,r/dontyouknowwhoiam,6,2018-05-17 03:16:14,1,0,3,0
8jxqq5,2018-05-16 19:27:19,54,r/dontyouknowwhoiam,6,2018-05-17 03:10:19,1,0,0,0
8jxqq5,2018-05-16 19:27:19,54,r/dontyouknowwhoiam,7,2018-05-16 23:18:16,0,1,82,0
8jxqq5,2018-05-16 19:27:19,54,r/dontyouknowwhoiam,7,2018-05-17 05:03:10,1,0,1,0
8jxqq5,2018-05-16 19:27:19,54,r/dontyouknowwhoiam,8,2018-05-17 00:14:59,0,1,90,0
8jxqq5,2018-05-16 19:27:19,54,r/dontyouknowwhoiam,8,2018-05-17 00:24:11,1,3,54,0
8jxqq5,2018-05-16 19:27:19,54,r/dontyouknowwhoiam,8,2018-05-17 00:27:19,2,2,71,0
8jxqq5,2018-05-16 19:27:19,54,r/dontyouknowwhoiam,8,2018-05-17 02:36:24,3,0,7,0
8jxqq5,2018-05-16 19:27:19,54,r/dontyouknowwhoiam,8,2018-05-17 04:36:03,2,0,1,0
8jxqq5,2018-05-16 19:27:19,54,r/dontyouknowwhoiam,9,2018-05-17 00:29:57,0,0,38,0
8jxqq5,2018-05-16 19:27:19,54,r/dontyouknowwhoiam,10,2018-05-16 20:13:09,0,2,234,0
8jxqq5,2018-05-16 19:27:19,54,r/dontyouknowwhoiam,10,2018-05-16 23:55:10,1,1,92,0
8jxqq5,2018-05-16 19:27:19,54,r/dontyouknowwhoiam,10,2018-05-17 01:40:37,2,2,28,0
8jxqq5,2018-05-16 19:27:19,54,r/dontyouknowwhoiam,10,2018-05-17 02:20:57,3,1,32,0
8jxqq5,2018-05-16 19:27:19,54,r/dontyouknowwhoiam,10,2018-05-17 03:07:10,4,0,3,0
8jxqq5,2018-05-16 19:27:19,54,r/dontyouknowwhoiam,10,2018-05-17 02:38:07,3,0,8,0
8jxqq5,2018-05-16 19:27:19,54,r/dontyouknowwhoiam,11,2018-05-17 00:02:25,0,3,40,0
8jxqq5,2018-05-16 19:27:19,54,r/dontyouknowwhoiam,11,2018-05-17 02:15:05,1,0,6,0
8jxqq5,2018-05-16 19:27:19,54,r/dontyouknowwhoiam,11,2018-05-17 01:55:49,1,0,1,0
8jxqq5,2018-05-16 19:27:19,54,r/dontyouknowwhoiam,11,2018-05-17 01:58:04,1,0,1,0
8jxqq5,2018-05-16 19:27:19,54,r/dontyouknowwhoiam,12,2018-05-17 01:05:49,0,1,30,0
8jxqq5,2018-05-16 19:27:19,54,r/dontyouknowwhoiam,12,2018-05-17 02:46:33,1,0,1,0
8jxqq5,2018-05-16 19:27:19,54,r/dontyouknowwhoiam,13,2018-05-17 00:01:31,0,1,14,0
8jxqq5,2018-05-16 19:27:19,54,r/dontyouknowwhoiam,13,2018-05-17 02:18:12,1,0,3,0
8jxqq5,2018-05-16 19:27:19,54,r/dontyouknowwhoiam,14,2018-05-16 20:18:19,0,3,78,0
8jxqq5,2018-05-16 19:27:19,54,r/dontyouknowwhoiam,14,2018-05-16 20:57:05,1,9,275,0
8jxqq5,2018-05-16 19:27:19,54,r/dontyouknowwhoiam,14,2018-05-16 22:11:52,2,7,249,0
8jxqq5,2018-05-16 19:27:19,54,r/dontyouknowwhoiam,14,2018-05-17 00:19:12,3,0,33,0
8jxqq5,2018-05-16 19:27:19,54,r/dontyouknowwhoiam,14,2018-05-16 23:05:54,3,2,97,0
8jxqq5,2018-05-16 19:27:19,54,r/dontyouknowwhoiam,14,2018-05-17 00:42:44,4,2,76,0
8jxqq5,2018-05-16 19:27:19,54,r/dontyouknowwhoiam,14,2018-05-17 01:13:25,5,2,51,0
8jxqq5,2018-05-16 19:27:19,54,r/dontyouknowwhoiam,14,2018-05-17 01:34:53,6,2,9,0
8jxqq5,2018-05-16 19:27:19,54,r/dontyouknowwhoiam,14,2018-05-17 01:57:03,7,0,3,0
8jxqq5,2018-05-16 19:27:19,54,r/dontyouknowwhoiam,14,2018-05-17 03:10:27,7,0,4,0
8jxqq5,2018-05-16 19:27:19,54,r/dontyouknowwhoiam,14,2018-05-17 03:19:14,6,0,1,0
8jxqq5,2018-05-16 19:27:19,54,r/dontyouknowwhoiam,14,2018-05-17 01:20:41,5,1,7,0
8jxqq5,2018-05-16 19:27:19,54,r/dontyouknowwhoiam,14,2018-05-17 01:25:28,6,1,11,0
8jxqq5,2018-05-16 19:27:19,54,r/dontyouknowwhoiam,14,2018-05-17 02:12:29,7,1,-1,0
8jxqq5,2018-05-16 19:27:19,54,r/dontyouknowwhoiam,14,2018-05-17 02:25:58,8,1,8,0
8jxqq5,2018-05-16 19:27:19,54,r/dontyouknowwhoiam,14,2018-05-17 02:30:05,9,0,1,0
8jxqq5,2018-05-16 19:27:19,54,r/dontyouknowwhoiam,14,2018-05-17 00:45:14,4,3,-6,0
8jxqq5,2018-05-16 19:27:19,54,r/dontyouknowwhoiam,14,2018-05-17 01:18:22,5,1,8,0
8jxqq5,2018-05-16 19:27:19,54,r/dontyouknowwhoiam,14,2018-05-17 01:36:15,5,0,4,0
8jxqq5,2018-05-16 19:27:19,54,r/dontyouknowwhoiam,14,2018-05-17 00:56:31,5,0,5,0
8jxqq5,2018-05-16 19:27:19,54,r/dontyouknowwhoiam,14,2018-05-17 00:42:09,3,1,11,0
8jxqq5,2018-05-16 19:27:19,54,r/dontyouknowwhoiam,14,2018-05-17 01:27:55,4,0,7,0
8jxqq5,2018-05-16 19:27:19,54,r/dontyouknowwhoiam,14,2018-05-17 00:58:29,3,0,3,0
8jxqq5,2018-05-16 19:27:19,54,r/dontyouknowwhoiam,14,2018-05-17 00:43:14,3,2,6,0
8jxqq5,2018-05-16 19:27:19,54,r/dontyouknowwhoiam,14,2018-05-17 01:07:43,4,1,16,0
8jxqq5,2018-05-16 19:27:19,54,r/dontyouknowwhoiam,14,2018-05-17 01:52:51,4,0,-1,0
8jxqq5,2018-05-16 19:27:19,54,r/dontyouknowwhoiam,14,2018-05-17 05:11:35,3,0,1,0
8jxqq5,2018-05-16 19:27:19,54,r/dontyouknowwhoiam,14,2018-05-17 01:09:03,2,1,20,0
8jxqq5,2018-05-16 19:27:19,54,r/dontyouknowwhoiam,14,2018-05-17 03:22:11,3,1,2,0
8jxqq5,2018-05-16 19:27:19,54,r/dontyouknowwhoiam,14,2018-05-17 03:28:08,4,0,2,0
8jxqq5,2018-05-16 19:27:19,54,r/dontyouknowwhoiam,14,2018-05-17 01:11:42,2,1,14,0
8jxqq5,2018-05-16 19:27:19,54,r/dontyouknowwhoiam,14,2018-05-17 01:22:48,3,1,4,0
8jxqq5,2018-05-16 19:27:19,54,r/dontyouknowwhoiam,14,2018-05-17 03:11:27,4,0,8,0
8jxqq5,2018-05-16 19:27:19,54,r/dontyouknowwhoiam,14,2018-05-16 22:14:48,2,0,13,0
8jxqq5,2018-05-16 19:27:19,54,r/dontyouknowwhoiam,14,2018-05-16 22:13:31,2,3,10,0
8jxqq5,2018-05-16 19:27:19,54,r/dontyouknowwhoiam,14,2018-05-16 23:48:04,3,1,43,0
8jxqq5,2018-05-16 19:27:19,54,r/dontyouknowwhoiam,14,2018-05-16 22:29:04,3,1,10,0
8jxqq5,2018-05-16 19:27:19,54,r/dontyouknowwhoiam,14,2018-05-17 00:46:26,4,0,1,0
8jxqq5,2018-05-16 19:27:19,54,r/dontyouknowwhoiam,14,2018-05-17 00:07:24,3,0,-3,0
8jxqq5,2018-05-16 19:27:19,54,r/dontyouknowwhoiam,14,2018-05-17 01:16:45,2,0,1,0
8jxqq5,2018-05-16 19:27:19,54,r/dontyouknowwhoiam,14,2018-05-17 03:51:22,2,0,1,0
8jxqq5,2018-05-16 19:27:19,54,r/dontyouknowwhoiam,14,2018-05-17 05:01:35,2,0,1,0
8jxqq5,2018-05-16 19:27:19,54,r/dontyouknowwhoiam,14,2018-05-16 20:23:51,1,0,67,0
8jxqq5,2018-05-16 19:27:19,54,r/dontyouknowwhoiam,15,2018-05-17 01:03:33,0,1,17,0
8jxqq5,2018-05-16 19:27:19,54,r/dontyouknowwhoiam,15,2018-05-17 02:57:29,1,2,1,0
8jxqq5,2018-05-16 19:27:19,54,r/dontyouknowwhoiam,15,2018-05-17 04:29:29,2,0,1,0
8jxqq5,2018-05-16 19:27:19,54,r/dontyouknowwhoiam,15,2018-05-17 05:05:19,2,0,1,0
8jxqq5,2018-05-16 19:27:19,54,r/dontyouknowwhoiam,16,2018-05-17 01:14:26,0,0,8,0
8jxqq5,2018-05-16 19:27:19,54,r/dontyouknowwhoiam,17,2018-05-16 22:41:58,0,3,34,0
8jxqq5,2018-05-16 19:27:19,54,r/dontyouknowwhoiam,17,2018-05-17 00:14:31,1,0,13,0
8jxqq5,2018-05-16 19:27:19,54,r/dontyouknowwhoiam,17,2018-05-17 00:13:11,1,1,14,0
8jxqq5,2018-05-16 19:27:19,54,r/dontyouknowwhoiam,17,2018-05-17 00:39:35,2,0,2,0
8jxqq5,2018-05-16 19:27:19,54,r/dontyouknowwhoiam,17,2018-05-17 04:37:21,1,0,2,0
8jxqq5,2018-05-16 19:27:19,54,r/dontyouknowwhoiam,18,2018-05-17 01:12:23,0,0,7,0
8jxqq5,2018-05-16 19:27:19,54,r/dontyouknowwhoiam,19,2018-05-17 01:41:03,0,1,7,0
8jxqq5,2018-05-16 19:27:19,54,r/dontyouknowwhoiam,19,2018-05-17 01:59:02,1,0,7,0
8jxqq5,2018-05-16 19:27:19,54,r/dontyouknowwhoiam,20,2018-05-17 00:47:31,0,1,10,0
8jxqq5,2018-05-16 19:27:19,54,r/dontyouknowwhoiam,20,2018-05-17 02:49:54,1,0,1,0
8jxqq5,2018-05-16 19:27:19,54,r/dontyouknowwhoiam,21,2018-05-17 00:59:04,0,1,4,0
8jxqq5,2018-05-16 19:27:19,54,r/dontyouknowwhoiam,21,2018-05-17 01:14:21,1,1,1,0
8jxqq5,2018-05-16 19:27:19,54,r/dontyouknowwhoiam,21,2018-05-17 02:07:02,2,0,1,0
8jxqq5,2018-05-16 19:27:19,54,r/dontyouknowwhoiam,22,2018-05-16 23:44:53,0,0,11,0
8jxqq5,2018-05-16 19:27:19,54,r/dontyouknowwhoiam,23,2018-05-17 00:13:38,0,0,3,0
8jxqq5,2018-05-16 19:27:19,54,r/dontyouknowwhoiam,24,2018-05-17 02:24:52,0,0,3,0
8jxqq5,2018-05-16 19:27:19,54,r/dontyouknowwhoiam,25,2018-05-16 23:37:07,0,2,16,0
8jxqq5,2018-05-16 19:27:19,54,r/dontyouknowwhoiam,25,2018-05-17 01:39:06,1,1,24,0
8jxqq5,2018-05-16 19:27:19,54,r/dontyouknowwhoiam,25,2018-05-17 04:58:12,1,0,1,0
8jxqq5,2018-05-16 19:27:19,54,r/dontyouknowwhoiam,26,2018-05-17 01:13:49,0,0,4,0
8jxqq5,2018-05-16 19:27:19,54,r/dontyouknowwhoiam,27,2018-05-17 01:10:25,0,1,3,0
8jxqq5,2018-05-16 19:27:19,54,r/dontyouknowwhoiam,27,2018-05-17 01:46:01,1,0,1,0
8jxqq5,2018-05-16 19:27:19,54,r/dontyouknowwhoiam,28,2018-05-17 01:04:06,0,0,2,0
8jxqq5,2018-05-16 19:27:19,54,r/dontyouknowwhoiam,29,2018-05-17 01:09:14,0,0,2,0
8jxqq5,2018-05-16 19:27:19,54,r/dontyouknowwhoiam,30,2018-05-17 01:15:23,0,0,2,0
8jxqq5,2018-05-16 19:27:19,54,r/dontyouknowwhoiam,31,2018-05-17 00:52:08,0,1,8,0
8jxqq5,2018-05-16 19:27:19,54,r/dontyouknowwhoiam,31,2018-05-17 01:56:27,1,2,5,0
8jxqq5,2018-05-16 19:27:19,54,r/dontyouknowwhoiam,31,2018-05-17 03:22:14,2,1,5,0
8jxqq5,2018-05-16 19:27:19,54,r/dontyouknowwhoiam,31,2018-05-17 05:00:22,3,0,1,0
8jxqq5,2018-05-16 19:27:19,54,r/dontyouknowwhoiam,31,2018-05-17 02:42:20,2,0,1,0
8jxqq5,2018-05-16 19:27:19,54,r/dontyouknowwhoiam,32,2018-05-17 01:15:06,0,0,6,0
8jxqq5,2018-05-16 19:27:19,54,r/dontyouknowwhoiam,33,2018-05-17 00:34:09,0,2,4,0
8jxqq5,2018-05-16 19:27:19,54,r/dontyouknowwhoiam,33,2018-05-17 00:55:02,1,0,7,0
8jxqq5,2018-05-16 19:27:19,54,r/dontyouknowwhoiam,33,2018-05-17 02:11:23,1,1,1,0
8jxqq5,2018-05-16 19:27:19,54,r/dontyouknowwhoiam,33,2018-05-17 02:15:03,2,0,2,0
8jxqq5,2018-05-16 19:27:19,54,r/dontyouknowwhoiam,34,2018-05-16 23:28:46,0,1,4,0
8jxqq5,2018-05-16 19:27:19,54,r/dontyouknowwhoiam,34,2018-05-17 01:45:30,1,0,1,0
8jxqq5,2018-05-16 19:27:19,54,r/dontyouknowwhoiam,35,2018-05-17 01:51:34,0,2,2,0
8jxqq5,2018-05-16 19:27:19,54,r/dontyouknowwhoiam,35,2018-05-17 02:37:22,1,0,7,0
8jxqq5,2018-05-16 19:27:19,54,r/dontyouknowwhoiam,35,2018-05-17 02:58:18,1,0,7,0
8jxqq5,2018-05-16 19:27:19,54,r/dontyouknowwhoiam,36,2018-05-17 02:31:46,0,0,2,0
8jxqq5,2018-05-16 19:27:19,54,r/dontyouknowwhoiam,37,2018-05-17 02:36:29,0,0,2,0
8jxqq5,2018-05-16 19:27:19,54,r/dontyouknowwhoiam,38,2018-05-17 03:37:06,0,1,2,0
8jxqq5,2018-05-16 19:27:19,54,r/dontyouknowwhoiam,38,2018-05-17 04:19:10,1,1,1,0
8jxqq5,2018-05-16 19:27:19,54,r/dontyouknowwhoiam,38,2018-05-17 04:26:27,2,0,1,0
8jxqq5,2018-05-16 19:27:19,54,r/dontyouknowwhoiam,39,2018-05-17 03:45:38,0,0,2,0
8jxqq5,2018-05-16 19:27:19,54,r/dontyouknowwhoiam,40,2018-05-17 00:50:08,0,0,1,0
8jxqq5,2018-05-16 19:27:19,54,r/dontyouknowwhoiam,41,2018-05-17 01:19:54,0,0,1,0
8jxqq5,2018-05-16 19:27:19,54,r/dontyouknowwhoiam,42,2018-05-17 01:24:53,0,0,1,0
8jxqq5,2018-05-16 19:27:19,54,r/dontyouknowwhoiam,43,2018-05-17 01:36:34,0,0,1,0
8jxqq5,2018-05-16 19:27:19,54,r/dontyouknowwhoiam,44,2018-05-17 01:47:31,0,0,1,0
8jxqq5,2018-05-16 19:27:19,54,r/dontyouknowwhoiam,45,2018-05-17 01:55:01,0,2,1,0
8jxqq5,2018-05-16 19:27:19,54,r/dontyouknowwhoiam,45,2018-05-17 04:36:19,1,1,1,0
8jxqq5,2018-05-16 19:27:19,54,r/dontyouknowwhoiam,45,2018-05-17 05:10:28,2,0,1,0
8jxqq5,2018-05-16 19:27:19,54,r/dontyouknowwhoiam,46,2018-05-17 02:01:21,0,0,1,0
8jxqq5,2018-05-16 19:27:19,54,r/dontyouknowwhoiam,47,2018-05-17 02:08:14,0,0,1,0
8jxqq5,2018-05-16 19:27:19,54,r/dontyouknowwhoiam,48,2018-05-17 02:27:18,0,0,1,0
8jxqq5,2018-05-16 19:27:19,54,r/dontyouknowwhoiam,49,2018-05-17 02:27:38,0,0,1,0
8jxqq5,2018-05-16 19:27:19,54,r/dontyouknowwhoiam,50,2018-05-17 02:32:34,0,0,1,0
8jxqq5,2018-05-16 19:27:19,54,r/dontyouknowwhoiam,51,2018-05-17 02:36:21,0,0,1,0
8jxqq5,2018-05-16 19:27:19,54,r/dontyouknowwhoiam,52,2018-05-17 02:39:33,0,0,1,0
8jxqq5,2018-05-16 19:27:19,54,r/dontyouknowwhoiam,53,2018-05-17 02:49:26,0,0,1,0
8jxqq5,2018-05-16 19:27:19,54,r/dontyouknowwhoiam,54,2018-05-17 02:52:20,0,0,1,0
8jxqq5,2018-05-16 19:27:19,54,r/dontyouknowwhoiam,55,2018-05-17 02:56:25,0,0,1,0
8jxqq5,2018-05-16 19:27:19,54,r/dontyouknowwhoiam,56,2018-05-17 03:01:32,0,0,1,0
8jxqq5,2018-05-16 19:27:19,54,r/dontyouknowwhoiam,57,2018-05-17 03:05:02,0,0,1,0
8jxqq5,2018-05-16 19:27:19,54,r/dontyouknowwhoiam,58,2018-05-17 03:05:45,0,0,1,0
8jxqq5,2018-05-16 19:27:19,54,r/dontyouknowwhoiam,59,2018-05-17 03:14:06,0,0,1,0
8jxqq5,2018-05-16 19:27:19,54,r/dontyouknowwhoiam,60,2018-05-17 03:22:12,0,0,1,0
8jxqq5,2018-05-16 19:27:19,54,r/dontyouknowwhoiam,61,2018-05-17 03:22:42,0,0,1,0
8jxqq5,2018-05-16 19:27:19,54,r/dontyouknowwhoiam,62,2018-05-17 03:30:29,0,0,1,0
8jxqq5,2018-05-16 19:27:19,54,r/dontyouknowwhoiam,63,2018-05-17 03:44:45,0,0,1,0
8jxqq5,2018-05-16 19:27:19,54,r/dontyouknowwhoiam,64,2018-05-17 04:00:36,0,0,0,0
8jxqq5,2018-05-16 19:27:19,54,r/dontyouknowwhoiam,65,2018-05-17 04:09:12,0,0,1,0
8jxqq5,2018-05-16 19:27:19,54,r/dontyouknowwhoiam,66,2018-05-17 04:14:18,0,0,0,0
8jxqq5,2018-05-16 19:27:19,54,r/dontyouknowwhoiam,67,2018-05-17 04:17:19,0,0,0,0
8jxqq5,2018-05-16 19:27:19,54,r/dontyouknowwhoiam,68,2018-05-17 04:25:18,0,0,1,0
8jxqq5,2018-05-16 19:27:19,54,r/dontyouknowwhoiam,69,2018-05-17 04:30:09,0,0,1,0
8jxqq5,2018-05-16 19:27:19,54,r/dontyouknowwhoiam,70,2018-05-17 04:31:12,0,0,1,0
8jxqq5,2018-05-16 19:27:19,54,r/dontyouknowwhoiam,71,2018-05-17 04:33:29,0,0,1,0
8jxqq5,2018-05-16 19:27:19,54,r/dontyouknowwhoiam,72,2018-05-17 04:34:19,0,0,1,0
8jxqq5,2018-05-16 19:27:19,54,r/dontyouknowwhoiam,73,2018-05-17 04:54:05,0,0,1,0
8jxqq5,2018-05-16 19:27:19,54,r/dontyouknowwhoiam,74,2018-05-17 05:08:57,0,0,1,0
8jxqq5,2018-05-16 19:27:19,54,r/dontyouknowwhoiam,75,2018-05-17 02:05:59,0,0,1,0
8jxqq5,2018-05-16 19:27:19,54,r/dontyouknowwhoiam,76,2018-05-17 02:43:49,0,0,0,0
8jxqq5,2018-05-16 19:27:19,54,r/dontyouknowwhoiam,77,2018-05-16 23:53:10,0,3,-25,0
8jxqq5,2018-05-16 19:27:19,54,r/dontyouknowwhoiam,77,2018-05-17 00:11:35,1,1,16,0
8jxqq5,2018-05-16 19:27:19,54,r/dontyouknowwhoiam,77,2018-05-17 00:06:25,1,1,5,0
8jxqq5,2018-05-16 19:27:19,54,r/dontyouknowwhoiam,77,2018-05-17 00:02:45,1,1,2,0
8jxqq5,2018-05-16 19:27:19,54,r/dontyouknowwhoiam,77,2018-05-17 00:05:10,2,1,-3,0
8jxqq5,2018-05-16 19:27:19,54,r/dontyouknowwhoiam,78,2018-05-17 00:35:45,0,3,-18,0
8jxqq5,2018-05-16 19:27:19,54,r/dontyouknowwhoiam,78,2018-05-17 02:03:44,1,0,6,0
8jxqq5,2018-05-16 19:27:19,54,r/dontyouknowwhoiam,78,2018-05-17 02:44:16,1,2,5,0
8jxqq5,2018-05-16 19:27:19,54,r/dontyouknowwhoiam,78,2018-05-17 04:54:27,2,0,1,0
8jxqq5,2018-05-16 19:27:19,54,r/dontyouknowwhoiam,78,2018-05-17 04:00:20,2,0,0,0
8jxqq5,2018-05-16 19:27:19,54,r/dontyouknowwhoiam,79,2018-05-17 02:23:23,0,0,1,0
8jxqq5,2018-05-16 19:27:19,54,r/dontyouknowwhoiam,80,2018-05-17 01:23:30,0,2,2,0
8jxqq5,2018-05-16 19:27:19,54,r/dontyouknowwhoiam,80,2018-05-17 01:44:11,1,0,-1,0
8jxqq5,2018-05-16 19:27:19,54,r/dontyouknowwhoiam,80,2018-05-17 02:03:32,1,0,1,0
8jxqq5,2018-05-16 19:27:19,54,r/dontyouknowwhoiam,81,2018-05-16 22:20:18,0,0,-27,0
8jxqq5,2018-05-16 19:27:19,54,r/dontyouknowwhoiam,82,2018-05-17 01:12:07,0,0,0,0
8jxqq5,2018-05-16 19:27:19,54,r/dontyouknowwhoiam,83,2018-05-16 19:30:56,0,2,-54,0
8jxqq5,2018-05-16 19:27:19,54,r/dontyouknowwhoiam,83,2018-05-16 21:00:18,1,0,29,0
8jxqq5,2018-05-16 19:27:19,54,r/dontyouknowwhoiam,83,2018-05-16 19:32:07,1,2,60,0
8jxqq5,2018-05-16 19:27:19,54,r/dontyouknowwhoiam,83,2018-05-17 00:41:26,2,0,2,0
8jxqq5,2018-05-16 19:27:19,54,r/dontyouknowwhoiam,84,2018-05-16 21:07:24,0,5,-32,0
8jxqq5,2018-05-16 19:27:19,54,r/dontyouknowwhoiam,84,2018-05-16 23:36:48,1,0,43,0
8jxqq5,2018-05-16 19:27:19,54,r/dontyouknowwhoiam,84,2018-05-16 23:58:34,1,2,15,0
8jxqq5,2018-05-16 19:27:19,54,r/dontyouknowwhoiam,84,2018-05-17 00:08:58,2,0,-2,0
8jxqq5,2018-05-16 19:27:19,54,r/dontyouknowwhoiam,84,2018-05-17 00:59:30,1,1,3,0
8jxqq5,2018-05-16 19:27:19,54,r/dontyouknowwhoiam,84,2018-05-17 02:19:17,2,0,2,0
8jxqq5,2018-05-16 19:27:19,54,r/dontyouknowwhoiam,84,2018-05-17 03:59:21,1,0,2,0
8jxqq5,2018-05-16 19:27:19,54,r/dontyouknowwhoiam,84,2018-05-16 22:24:04,1,0,-19,0
8jxqq5,2018-05-16 19:27:19,54,r/dontyouknowwhoiam,85,2018-05-16 23:54:37,0,0,-13,0
8jxqq5,2018-05-16 19:27:19,54,r/dontyouknowwhoiam,86,2018-05-17 01:16:04,0,1,-2,0
8jxqq5,2018-05-16 19:27:19,54,r/dontyouknowwhoiam,86,2018-05-17 03:51:14,1,0,2,0
8jxqq5,2018-05-16 19:27:19,54,r/dontyouknowwhoiam,87,2018-05-17 01:12:15,0,0,-6,0
8jxqq5,2018-05-16 19:27:19,54,r/dontyouknowwhoiam,88,2018-05-17 01:07:19,0,1,-5,0
8jxqq5,2018-05-16 19:27:19,54,r/dontyouknowwhoiam,88,2018-05-17 01:10:38,1,1,8,0
8jxqq5,2018-05-16 19:27:19,54,r/dontyouknowwhoiam,89,2018-05-16 22:30:05,0,0,-20,0
8jxqq5,2018-05-16 19:27:19,54,r/dontyouknowwhoiam,90,2018-05-17 01:00:47,0,3,-19,0
8jxqq5,2018-05-16 19:27:19,54,r/dontyouknowwhoiam,90,2018-05-17 01:31:21,1,1,7,0
8jxqq5,2018-05-16 19:27:19,54,r/dontyouknowwhoiam,90,2018-05-17 03:22:31,1,1,3,0
8jxqq5,2018-05-16 19:27:19,54,r/dontyouknowwhoiam,90,2018-05-17 01:12:30,1,1,3,0
8jxqq5,2018-05-16 19:27:19,54,r/dontyouknowwhoiam,90,2018-05-17 01:32:06,2,0,1,0
8jxqq5,2018-05-16 19:27:19,54,r/dontyouknowwhoiam,91,2018-05-17 00:43:47,0,0,-10,0
8jxqq5,2018-05-16 19:27:19,54,r/dontyouknowwhoiam,92,2018-05-17 00:53:14,0,4,-14,0
8jxqq5,2018-05-16 19:27:19,54,r/dontyouknowwhoiam,92,2018-05-17 02:31:07,1,1,6,0
8jxqq5,2018-05-16 19:27:19,54,r/dontyouknowwhoiam,92,2018-05-17 02:13:10,1,1,13,0
8jxqq5,2018-05-16 19:27:19,54,r/dontyouknowwhoiam,92,2018-05-17 03:20:10,1,1,4,0
8jxqq5,2018-05-16 19:27:19,54,r/dontyouknowwhoiam,92,2018-05-17 01:33:33,1,1,7,0
8jxqq5,2018-05-16 19:27:19,54,r/dontyouknowwhoiam,93,2018-05-17 01:02:41,0,3,-11,0
8jxqq5,2018-05-16 19:27:19,54,r/dontyouknowwhoiam,93,2018-05-17 01:54:09,1,0,6,0
8jxqq5,2018-05-16 19:27:19,54,r/dontyouknowwhoiam,93,2018-05-17 01:08:19,1,3,19,0
8jxqq5,2018-05-16 19:27:19,54,r/dontyouknowwhoiam,93,2018-05-17 01:10:58,2,0,16,0
8jxqq5,2018-05-16 19:27:19,54,r/dontyouknowwhoiam,93,2018-05-17 01:22:20,2,2,-6,0
8jxqq5,2018-05-16 19:27:19,54,r/dontyouknowwhoiam,93,2018-05-17 01:55:45,3,1,8,0
8jxqq5,2018-05-16 19:27:19,54,r/dontyouknowwhoiam,93,2018-05-17 02:13:24,3,1,4,0
8jxqq5,2018-05-16 19:27:19,54,r/dontyouknowwhoiam,93,2018-05-17 02:31:01,4,0,1,0
8jxqq5,2018-05-16 19:27:19,54,r/dontyouknowwhoiam,94,2018-05-17 01:12:04,0,2,-13,0
8jxqq5,2018-05-16 19:27:19,54,r/dontyouknowwhoiam,94,2018-05-17 01:19:46,1,1,11,0
8jxqq5,2018-05-16 19:27:19,54,r/dontyouknowwhoiam,94,2018-05-17 01:51:45,1,1,2,0
8jz3xc,2018-05-16 22:27:08,55,r/space,0,2018-05-17 03:13:22,0,1,1,0
8jz3xc,2018-05-16 22:27:08,55,r/space,0,2018-05-17 03:32:18,1,1,1,0
8jz3xc,2018-05-16 22:27:08,55,r/space,0,2018-05-17 03:34:57,2,1,1,0
8jz3xc,2018-05-16 22:27:08,55,r/space,0,2018-05-17 04:13:31,3,0,1,0
8jz3xc,2018-05-16 22:27:08,55,r/space,1,2018-05-16 22:55:51,0,2,265,0
8jz3xc,2018-05-16 22:27:08,55,r/space,1,2018-05-16 23:42:48,1,2,82,0
8jz3xc,2018-05-16 22:27:08,55,r/space,1,2018-05-17 03:29:45,2,3,1,0
8jz3xc,2018-05-16 22:27:08,55,r/space,1,2018-05-17 04:09:30,3,1,1,0
8jz3xc,2018-05-16 22:27:08,55,r/space,1,2018-05-17 04:45:51,4,2,1,0
8jz3xc,2018-05-16 22:27:08,55,r/space,1,2018-05-17 05:01:46,5,1,1,0
8jz3xc,2018-05-16 22:27:08,55,r/space,1,2018-05-17 05:07:07,6,0,1,0
8jz3xc,2018-05-16 22:27:08,55,r/space,1,2018-05-17 05:12:02,5,0,1,0
8jz3xc,2018-05-16 22:27:08,55,r/space,1,2018-05-17 03:32:05,3,0,1,0
8jz3xc,2018-05-16 22:27:08,55,r/space,1,2018-05-17 03:36:13,3,1,1,0
8jz3xc,2018-05-16 22:27:08,55,r/space,1,2018-05-17 03:59:58,4,0,1,0
8jz3xc,2018-05-16 22:27:08,55,r/space,1,2018-05-17 04:30:41,2,0,1,0
8jz3xc,2018-05-16 22:27:08,55,r/space,1,2018-05-17 05:21:00,1,0,1,0
8jz3xc,2018-05-16 22:27:08,55,r/space,2,2018-05-17 01:12:01,0,1,78,0
8jz3xc,2018-05-16 22:27:08,55,r/space,2,2018-05-17 02:36:31,1,0,1,0
8jz3xc,2018-05-16 22:27:08,55,r/space,3,2018-05-17 03:00:08,0,8,1,0
8jz3xc,2018-05-16 22:27:08,55,r/space,3,2018-05-17 03:05:40,1,0,1,0
8jz3xc,2018-05-16 22:27:08,55,r/space,3,2018-05-17 03:02:55,1,4,1,0
8jz3xc,2018-05-16 22:27:08,55,r/space,3,2018-05-17 03:03:42,2,1,1,0
8jz3xc,2018-05-16 22:27:08,55,r/space,3,2018-05-17 03:44:02,3,1,1,0
8jz3xc,2018-05-16 22:27:08,55,r/space,3,2018-05-17 04:10:51,4,4,1,0
8jz3xc,2018-05-16 22:27:08,55,r/space,3,2018-05-17 04:22:37,5,0,1,0
8jz3xc,2018-05-16 22:27:08,55,r/space,3,2018-05-17 04:32:08,5,1,1,0
8jz3xc,2018-05-16 22:27:08,55,r/space,3,2018-05-17 04:35:16,6,0,1,0
8jz3xc,2018-05-16 22:27:08,55,r/space,3,2018-05-17 05:04:07,5,0,1,0
8jz3xc,2018-05-16 22:27:08,55,r/space,3,2018-05-17 05:02:34,5,0,1,0
8jz3xc,2018-05-16 22:27:08,55,r/space,3,2018-05-17 03:37:54,2,0,1,0
8jz3xc,2018-05-16 22:27:08,55,r/space,3,2018-05-17 03:44:17,2,0,1,0
8jz3xc,2018-05-16 22:27:08,55,r/space,3,2018-05-17 05:17:26,2,0,1,0
8jz3xc,2018-05-16 22:27:08,55,r/space,3,2018-05-17 03:35:45,1,0,1,0
8jz3xc,2018-05-16 22:27:08,55,r/space,3,2018-05-17 04:52:23,1,0,1,0
8jz3xc,2018-05-16 22:27:08,55,r/space,3,2018-05-17 04:44:23,1,0,1,0
8jz3xc,2018-05-16 22:27:08,55,r/space,3,2018-05-17 03:37:05,1,0,1,0
8jz3xc,2018-05-16 22:27:08,55,r/space,3,2018-05-17 03:04:42,1,0,1,0
8jz3xc,2018-05-16 22:27:08,55,r/space,3,2018-05-17 03:35:33,1,0,1,0
8jz3xc,2018-05-16 22:27:08,55,r/space,4,2018-05-17 03:14:56,0,1,1,0
8jz3xc,2018-05-16 22:27:08,55,r/space,4,2018-05-17 03:30:31,1,1,1,0
8jz3xc,2018-05-16 22:27:08,55,r/space,4,2018-05-17 03:52:16,2,0,1,0
8jz3xc,2018-05-16 22:27:08,55,r/space,5,2018-05-17 03:28:05,0,2,1,0
8jz3xc,2018-05-16 22:27:08,55,r/space,5,2018-05-17 03:43:30,1,0,1,0
8jz3xc,2018-05-16 22:27:08,55,r/space,5,2018-05-17 04:55:15,1,1,1,0
8jz3xc,2018-05-16 22:27:08,55,r/space,5,2018-05-17 05:03:46,2,0,1,0
8jz3xc,2018-05-16 22:27:08,55,r/space,6,2018-05-17 03:34:44,0,1,1,0
8jz3xc,2018-05-16 22:27:08,55,r/space,6,2018-05-17 03:56:50,1,1,1,0
8jz3xc,2018-05-16 22:27:08,55,r/space,6,2018-05-17 04:49:51,2,0,1,0
8jz3xc,2018-05-16 22:27:08,55,r/space,7,2018-05-17 04:01:40,0,1,1,0
8jz3xc,2018-05-16 22:27:08,55,r/space,7,2018-05-17 04:43:02,1,2,1,0
8jz3xc,2018-05-16 22:27:08,55,r/space,7,2018-05-17 05:03:45,2,0,1,0
8jz3xc,2018-05-16 22:27:08,55,r/space,7,2018-05-17 05:20:48,2,0,1,0
8jz3xc,2018-05-16 22:27:08,55,r/space,8,2018-05-17 04:54:16,0,0,1,0
8jz3xc,2018-05-16 22:27:08,55,r/space,9,2018-05-17 04:58:49,0,0,1,0
8jz3xc,2018-05-16 22:27:08,55,r/space,10,2018-05-17 05:03:50,0,0,1,0
8jz3xc,2018-05-16 22:27:08,55,r/space,11,2018-05-17 05:08:44,0,0,1,0
8jz3xc,2018-05-16 22:27:08,55,r/space,12,2018-05-17 03:06:57,0,0,1,0
8jz3xc,2018-05-16 22:27:08,55,r/space,13,2018-05-17 03:37:25,0,0,1,0
8jz3xc,2018-05-16 22:27:08,55,r/space,14,2018-05-17 03:53:18,0,0,1,0
8jz3xc,2018-05-16 22:27:08,55,r/space,15,2018-05-17 03:55:31,0,0,1,0
8jz3xc,2018-05-16 22:27:08,55,r/space,16,2018-05-17 04:45:30,0,1,1,0
8jz3xc,2018-05-16 22:27:08,55,r/space,16,2018-05-17 04:55:15,1,0,1,0
8jz3xc,2018-05-16 22:27:08,55,r/space,17,2018-05-17 04:56:39,0,0,1,0
8jz3xc,2018-05-16 22:27:08,55,r/space,18,2018-05-17 05:09:20,0,0,1,0
8jz3xc,2018-05-16 22:27:08,55,r/space,19,2018-05-17 05:13:55,0,0,1,0
8jz3xc,2018-05-16 22:27:08,55,r/space,20,2018-05-17 04:54:32,0,0,1,0
8jz3xc,2018-05-16 22:27:08,55,r/space,21,2018-05-17 03:44:44,0,0,1,0
8jz3xc,2018-05-16 22:27:08,55,r/space,22,2018-05-17 02:37:35,0,6,1,0
8jz3xc,2018-05-16 22:27:08,55,r/space,22,2018-05-17 03:27:55,1,0,1,0
8jz3xc,2018-05-16 22:27:08,55,r/space,22,2018-05-17 03:03:45,1,1,1,0
8jz3xc,2018-05-16 22:27:08,55,r/space,22,2018-05-17 03:22:01,2,1,1,0
8jz3xc,2018-05-16 22:27:08,55,r/space,22,2018-05-17 03:58:12,3,1,1,0
8jz3xc,2018-05-16 22:27:08,55,r/space,22,2018-05-17 04:00:23,4,0,1,0
8jz3xc,2018-05-16 22:27:08,55,r/space,22,2018-05-17 03:39:48,1,1,1,0
8jz3xc,2018-05-16 22:27:08,55,r/space,22,2018-05-17 03:40:39,2,0,1,0
8jz3xc,2018-05-16 22:27:08,55,r/space,22,2018-05-17 03:14:36,1,0,1,0
8jz3xc,2018-05-16 22:27:08,55,r/space,22,2018-05-17 03:07:01,1,0,1,0
8jz3xc,2018-05-16 22:27:08,55,r/space,22,2018-05-17 03:17:33,1,1,1,0
8jz3xc,2018-05-16 22:27:08,55,r/space,22,2018-05-17 03:24:10,2,1,1,0
8jz3xc,2018-05-16 22:27:08,55,r/space,22,2018-05-17 04:52:00,3,0,1,0
8jz3xc,2018-05-16 22:27:08,55,r/space,23,2018-05-17 03:19:34,0,0,1,0
8jyc34,2018-05-16 20:42:35,56,r/shittyreactiongifs,0,2018-05-17 02:36:17,0,0,1,0
8jyc34,2018-05-16 20:42:35,56,r/shittyreactiongifs,1,2018-05-16 22:15:22,0,1,515,0
8jyc34,2018-05-16 20:42:35,56,r/shittyreactiongifs,1,2018-05-17 00:04:30,1,0,42,0
8jyc34,2018-05-16 20:42:35,56,r/shittyreactiongifs,2,2018-05-16 23:12:43,0,1,292,0
8jyc34,2018-05-16 20:42:35,56,r/shittyreactiongifs,2,2018-05-17 02:37:40,1,0,10,0
8jyc34,2018-05-16 20:42:35,56,r/shittyreactiongifs,3,2018-05-16 23:28:53,0,1,340,0
8jyc34,2018-05-16 20:42:35,56,r/shittyreactiongifs,3,2018-05-16 23:42:42,1,1,115,0
8jyc34,2018-05-16 20:42:35,56,r/shittyreactiongifs,3,2018-05-16 23:44:53,2,1,55,0
8jyc34,2018-05-16 20:42:35,56,r/shittyreactiongifs,3,2018-05-17 01:41:18,3,1,28,0
8jyc34,2018-05-16 20:42:35,56,r/shittyreactiongifs,3,2018-05-17 03:15:24,4,0,8,0
8jyc34,2018-05-16 20:42:35,56,r/shittyreactiongifs,4,2018-05-17 00:19:17,0,1,45,0
8jyc34,2018-05-16 20:42:35,56,r/shittyreactiongifs,4,2018-05-17 00:57:17,1,1,8,0
8jyc34,2018-05-16 20:42:35,56,r/shittyreactiongifs,4,2018-05-17 00:59:02,2,4,23,0
8jyc34,2018-05-16 20:42:35,56,r/shittyreactiongifs,4,2018-05-17 01:11:32,3,1,15,0
8jyc34,2018-05-16 20:42:35,56,r/shittyreactiongifs,4,2018-05-17 01:18:26,4,0,18,0
8jyc34,2018-05-16 20:42:35,56,r/shittyreactiongifs,4,2018-05-17 03:03:25,3,0,2,0
8jyc34,2018-05-16 20:42:35,56,r/shittyreactiongifs,4,2018-05-17 03:05:43,3,0,1,0
8jyc34,2018-05-16 20:42:35,56,r/shittyreactiongifs,4,2018-05-17 05:01:19,3,0,1,0
8jyc34,2018-05-16 20:42:35,56,r/shittyreactiongifs,5,2018-05-17 01:19:42,0,2,40,0
8jyc34,2018-05-16 20:42:35,56,r/shittyreactiongifs,5,2018-05-17 02:07:23,1,0,9,0
8jyc34,2018-05-16 20:42:35,56,r/shittyreactiongifs,5,2018-05-17 02:45:12,1,0,5,0
8jyc34,2018-05-16 20:42:35,56,r/shittyreactiongifs,6,2018-05-16 23:30:31,0,2,69,0
8jyc34,2018-05-16 20:42:35,56,r/shittyreactiongifs,6,2018-05-16 23:40:30,1,0,79,0
8jyc34,2018-05-16 20:42:35,56,r/shittyreactiongifs,6,2018-05-17 00:39:45,1,0,9,0
8jyc34,2018-05-16 20:42:35,56,r/shittyreactiongifs,7,2018-05-17 02:34:59,0,0,18,0
8jyc34,2018-05-16 20:42:35,56,r/shittyreactiongifs,8,2018-05-17 02:59:41,0,1,9,0
8jyc34,2018-05-16 20:42:35,56,r/shittyreactiongifs,8,2018-05-17 03:02:59,1,1,13,0
8jyc34,2018-05-16 20:42:35,56,r/shittyreactiongifs,8,2018-05-17 04:55:39,2,0,4,0
8jyc34,2018-05-16 20:42:35,56,r/shittyreactiongifs,9,2018-05-17 02:32:20,0,0,7,0
8jyc34,2018-05-16 20:42:35,56,r/shittyreactiongifs,10,2018-05-17 02:46:57,0,0,5,0
8jyc34,2018-05-16 20:42:35,56,r/shittyreactiongifs,11,2018-05-17 02:35:38,0,3,10,0
8jyc34,2018-05-16 20:42:35,56,r/shittyreactiongifs,11,2018-05-17 03:52:15,1,0,7,0
8jyc34,2018-05-16 20:42:35,56,r/shittyreactiongifs,11,2018-05-17 03:54:05,1,0,4,0
8jyc34,2018-05-16 20:42:35,56,r/shittyreactiongifs,11,2018-05-17 03:34:05,1,0,-1,0
8jyc34,2018-05-16 20:42:35,56,r/shittyreactiongifs,12,2018-05-17 01:30:03,0,0,5,0
8jyc34,2018-05-16 20:42:35,56,r/shittyreactiongifs,13,2018-05-17 01:17:39,0,1,6,0
8jyc34,2018-05-16 20:42:35,56,r/shittyreactiongifs,13,2018-05-17 02:13:36,1,0,9,0
8jyc34,2018-05-16 20:42:35,56,r/shittyreactiongifs,14,2018-05-17 02:04:33,0,0,3,0
8jyc34,2018-05-16 20:42:35,56,r/shittyreactiongifs,15,2018-05-17 00:05:53,0,0,2,0
8jyc34,2018-05-16 20:42:35,56,r/shittyreactiongifs,16,2018-05-17 02:43:31,0,0,2,0
8jyc34,2018-05-16 20:42:35,56,r/shittyreactiongifs,17,2018-05-17 03:24:31,0,0,2,0
8jyc34,2018-05-16 20:42:35,56,r/shittyreactiongifs,18,2018-05-17 03:25:53,0,0,2,0
8jyc34,2018-05-16 20:42:35,56,r/shittyreactiongifs,19,2018-05-17 03:30:33,0,0,2,0
8jyc34,2018-05-16 20:42:35,56,r/shittyreactiongifs,20,2018-05-17 04:14:47,0,0,2,0
8jyc34,2018-05-16 20:42:35,56,r/shittyreactiongifs,21,2018-05-16 23:16:57,0,0,4,0
8jyc34,2018-05-16 20:42:35,56,r/shittyreactiongifs,22,2018-05-17 01:35:37,0,2,2,0
8jyc34,2018-05-16 20:42:35,56,r/shittyreactiongifs,22,2018-05-17 01:40:06,1,1,8,0
8jyc34,2018-05-16 20:42:35,56,r/shittyreactiongifs,22,2018-05-17 02:46:26,2,0,3,0
8jyc34,2018-05-16 20:42:35,56,r/shittyreactiongifs,22,2018-05-17 02:19:36,1,1,-41,0
8jyc34,2018-05-16 20:42:35,56,r/shittyreactiongifs,22,2018-05-17 02:37:43,2,1,10,0
8jyc34,2018-05-16 20:42:35,56,r/shittyreactiongifs,22,2018-05-17 02:46:29,3,1,2,0
8jyc34,2018-05-16 20:42:35,56,r/shittyreactiongifs,22,2018-05-17 02:56:56,4,1,-3,0
8jyc34,2018-05-16 20:42:35,56,r/shittyreactiongifs,22,2018-05-17 03:15:13,5,0,4,0
8jyc34,2018-05-16 20:42:35,56,r/shittyreactiongifs,23,2018-05-17 05:12:30,0,0,1,0
8jyc34,2018-05-16 20:42:35,56,r/shittyreactiongifs,24,2018-05-17 05:17:48,0,0,1,0
8jyc34,2018-05-16 20:42:35,56,r/shittyreactiongifs,25,2018-05-17 03:04:03,0,0,1,0
8jyc34,2018-05-16 20:42:35,56,r/shittyreactiongifs,26,2018-05-17 03:29:55,0,0,1,0
8jyc34,2018-05-16 20:42:35,56,r/shittyreactiongifs,27,2018-05-17 03:08:43,0,2,-6,0
8jyc34,2018-05-16 20:42:35,56,r/shittyreactiongifs,27,2018-05-17 04:44:54,1,0,2,0
8jyc34,2018-05-16 20:42:35,56,r/shittyreactiongifs,27,2018-05-17 05:05:15,1,0,1,0
8jyc34,2018-05-16 20:42:35,56,r/shittyreactiongifs,28,2018-05-16 23:28:50,0,1,-16,0
8jyc34,2018-05-16 20:42:35,56,r/shittyreactiongifs,28,2018-05-17 03:14:11,1,0,6,0
8jyc34,2018-05-16 20:42:35,56,r/shittyreactiongifs,29,2018-05-17 02:18:47,0,1,-9,0
8jyc34,2018-05-16 20:42:35,56,r/shittyreactiongifs,29,2018-05-17 02:47:47,1,0,2,0
8jzzuk,2018-05-17 00:39:17,57,r/youtubehaiku,0,2018-05-17 00:44:48,0,3,408,0
8jzzuk,2018-05-17 00:39:17,57,r/youtubehaiku,0,2018-05-17 01:46:43,1,1,150,0
8jzzuk,2018-05-17 00:39:17,57,r/youtubehaiku,0,2018-05-17 04:22:39,2,0,9,0
8jzzuk,2018-05-17 00:39:17,57,r/youtubehaiku,0,2018-05-17 00:54:31,1,0,18,0
8jzzuk,2018-05-17 00:39:17,57,r/youtubehaiku,0,2018-05-17 01:24:08,1,0,8,0
8jzzuk,2018-05-17 00:39:17,57,r/youtubehaiku,1,2018-05-17 00:43:12,0,8,287,0
8jzzuk,2018-05-17 00:39:17,57,r/youtubehaiku,1,2018-05-17 00:52:13,1,0,31,0
8jzzuk,2018-05-17 00:39:17,57,r/youtubehaiku,1,2018-05-17 01:36:59,1,2,22,0
8jzzuk,2018-05-17 00:39:17,57,r/youtubehaiku,1,2018-05-17 02:26:06,2,0,28,0
8jzzuk,2018-05-17 00:39:17,57,r/youtubehaiku,1,2018-05-17 04:52:08,2,1,4,0
8jzzuk,2018-05-17 00:39:17,57,r/youtubehaiku,1,2018-05-17 04:54:53,3,0,1,0
8jzzuk,2018-05-17 00:39:17,57,r/youtubehaiku,1,2018-05-17 02:29:07,1,0,5,0
8jzzuk,2018-05-17 00:39:17,57,r/youtubehaiku,1,2018-05-17 03:06:58,1,0,0,0
8jzzuk,2018-05-17 00:39:17,57,r/youtubehaiku,1,2018-05-17 03:17:32,1,0,0,0
8jzzuk,2018-05-17 00:39:17,57,r/youtubehaiku,1,2018-05-17 04:04:32,1,0,0,0
8jzzuk,2018-05-17 00:39:17,57,r/youtubehaiku,1,2018-05-17 04:44:39,1,0,1,0
8jzzuk,2018-05-17 00:39:17,57,r/youtubehaiku,1,2018-05-17 05:04:54,1,0,0,0
8jzzuk,2018-05-17 00:39:17,57,r/youtubehaiku,2,2018-05-17 00:44:50,0,2,150,0
8jzzuk,2018-05-17 00:39:17,57,r/youtubehaiku,2,2018-05-17 00:50:36,1,3,171,0
8jzzuk,2018-05-17 00:39:17,57,r/youtubehaiku,2,2018-05-17 01:27:15,2,1,34,0
8jzzuk,2018-05-17 00:39:17,57,r/youtubehaiku,2,2018-05-17 01:51:31,3,1,44,0
8jzzuk,2018-05-17 00:39:17,57,r/youtubehaiku,2,2018-05-17 03:40:17,4,0,1,0
8jzzuk,2018-05-17 00:39:17,57,r/youtubehaiku,2,2018-05-17 03:01:39,2,0,2,0
8jzzuk,2018-05-17 00:39:17,57,r/youtubehaiku,2,2018-05-17 04:24:01,2,0,3,0
8jzzuk,2018-05-17 00:39:17,57,r/youtubehaiku,2,2018-05-17 01:35:15,1,0,15,0
8jzzuk,2018-05-17 00:39:17,57,r/youtubehaiku,3,2018-05-17 00:53:12,0,3,207,0
8jzzuk,2018-05-17 00:39:17,57,r/youtubehaiku,3,2018-05-17 01:29:50,1,4,80,0
8jzzuk,2018-05-17 00:39:17,57,r/youtubehaiku,3,2018-05-17 01:46:41,2,1,21,0
8jzzuk,2018-05-17 00:39:17,57,r/youtubehaiku,3,2018-05-17 02:00:26,3,2,42,0
8jzzuk,2018-05-17 00:39:17,57,r/youtubehaiku,3,2018-05-17 04:21:01,4,0,9,0
8jzzuk,2018-05-17 00:39:17,57,r/youtubehaiku,3,2018-05-17 04:27:14,4,0,3,0
8jzzuk,2018-05-17 00:39:17,57,r/youtubehaiku,3,2018-05-17 02:42:48,2,0,8,0
8jzzuk,2018-05-17 00:39:17,57,r/youtubehaiku,3,2018-05-17 04:46:50,2,0,2,0
8jzzuk,2018-05-17 00:39:17,57,r/youtubehaiku,3,2018-05-17 04:42:14,2,0,1,0
8jzzuk,2018-05-17 00:39:17,57,r/youtubehaiku,3,2018-05-17 05:06:29,1,0,1,0
8jzzuk,2018-05-17 00:39:17,57,r/youtubehaiku,3,2018-05-17 03:41:55,1,1,1,0
8jzzuk,2018-05-17 00:39:17,57,r/youtubehaiku,3,2018-05-17 04:37:06,2,1,3,0
8jzzuk,2018-05-17 00:39:17,57,r/youtubehaiku,3,2018-05-17 04:43:27,3,0,1,0
8jzzuk,2018-05-17 00:39:17,57,r/youtubehaiku,4,2018-05-17 00:47:47,0,2,45,0
8jzzuk,2018-05-17 00:39:17,57,r/youtubehaiku,4,2018-05-17 01:08:20,1,0,21,0
8jzzuk,2018-05-17 00:39:17,57,r/youtubehaiku,4,2018-05-17 01:58:44,1,1,5,0
8jzzuk,2018-05-17 00:39:17,57,r/youtubehaiku,4,2018-05-17 04:08:07,2,0,1,0
8jzzuk,2018-05-17 00:39:17,57,r/youtubehaiku,5,2018-05-17 00:43:37,0,0,21,0
8jzzuk,2018-05-17 00:39:17,57,r/youtubehaiku,6,2018-05-17 00:47:06,0,0,13,0
8jzzuk,2018-05-17 00:39:17,57,r/youtubehaiku,7,2018-05-17 00:48:51,0,0,11,0
8jzzuk,2018-05-17 00:39:17,57,r/youtubehaiku,8,2018-05-17 00:41:10,0,1,15,0
8jzzuk,2018-05-17 00:39:17,57,r/youtubehaiku,8,2018-05-17 04:38:27,1,0,3,0
8jzzuk,2018-05-17 00:39:17,57,r/youtubehaiku,9,2018-05-17 01:19:17,0,0,2,0
8jzzuk,2018-05-17 00:39:17,57,r/youtubehaiku,10,2018-05-17 01:24:16,0,0,2,0
8jzzuk,2018-05-17 00:39:17,57,r/youtubehaiku,11,2018-05-17 01:28:54,0,0,1,0
8jzzuk,2018-05-17 00:39:17,57,r/youtubehaiku,12,2018-05-17 00:43:54,0,0,1,0
8jzzuk,2018-05-17 00:39:17,57,r/youtubehaiku,13,2018-05-17 05:13:24,0,0,1,0
8jzzuk,2018-05-17 00:39:17,57,r/youtubehaiku,14,2018-05-17 05:16:45,0,0,1,0
8jzzuk,2018-05-17 00:39:17,57,r/youtubehaiku,15,2018-05-17 05:17:12,0,0,1,0
8jzzuk,2018-05-17 00:39:17,57,r/youtubehaiku,16,2018-05-17 01:59:17,0,0,0,0
8jzzuk,2018-05-17 00:39:17,57,r/youtubehaiku,17,2018-05-17 03:29:08,0,0,1,0
8jzzuk,2018-05-17 00:39:17,57,r/youtubehaiku,18,2018-05-17 00:55:19,0,0,1,0
8jzzuk,2018-05-17 00:39:17,57,r/youtubehaiku,19,2018-05-17 00:58:58,0,0,1,0
8jzzuk,2018-05-17 00:39:17,57,r/youtubehaiku,20,2018-05-17 01:57:09,0,0,1,0
8jzzuk,2018-05-17 00:39:17,57,r/youtubehaiku,21,2018-05-17 02:43:42,0,0,0,0
8jzzuk,2018-05-17 00:39:17,57,r/youtubehaiku,22,2018-05-17 02:53:10,0,0,0,0
8jzzuk,2018-05-17 00:39:17,57,r/youtubehaiku,23,2018-05-17 02:53:18,0,0,0,0
8jzzuk,2018-05-17 00:39:17,57,r/youtubehaiku,24,2018-05-17 03:00:11,0,0,0,0
8jzzuk,2018-05-17 00:39:17,57,r/youtubehaiku,25,2018-05-17 03:17:01,0,0,0,0
8jzzuk,2018-05-17 00:39:17,57,r/youtubehaiku,26,2018-05-17 01:46:59,0,0,0,0
8jzzuk,2018-05-17 00:39:17,57,r/youtubehaiku,27,2018-05-17 02:19:17,0,0,0,0
8jzzuk,2018-05-17 00:39:17,57,r/youtubehaiku,28,2018-05-17 03:19:55,0,0,-1,0
8jzzuk,2018-05-17 00:39:17,57,r/youtubehaiku,29,2018-05-17 03:27:58,0,0,0,0
8jzzuk,2018-05-17 00:39:17,57,r/youtubehaiku,30,2018-05-17 04:07:57,0,0,-1,0
8jzzuk,2018-05-17 00:39:17,57,r/youtubehaiku,31,2018-05-17 01:11:14,0,0,0,0
8jzzuk,2018-05-17 00:39:17,57,r/youtubehaiku,32,2018-05-17 01:31:38,0,0,0,0
8jzzuk,2018-05-17 00:39:17,57,r/youtubehaiku,33,2018-05-17 02:15:40,0,0,0,0
8jzzuk,2018-05-17 00:39:17,57,r/youtubehaiku,34,2018-05-17 04:21:18,0,0,0,0
8jzzuk,2018-05-17 00:39:17,57,r/youtubehaiku,35,2018-05-17 04:31:14,0,0,0,0
8jzzuk,2018-05-17 00:39:17,57,r/youtubehaiku,36,2018-05-17 04:45:03,0,0,0,0
8jzzuk,2018-05-17 00:39:17,57,r/youtubehaiku,37,2018-05-17 04:45:31,0,0,0,0
8jzzuk,2018-05-17 00:39:17,57,r/youtubehaiku,38,2018-05-17 03:24:44,0,0,-3,0
8jzzuk,2018-05-17 00:39:17,57,r/youtubehaiku,39,2018-05-17 03:51:35,0,0,-1,0
8jzzuk,2018-05-17 00:39:17,57,r/youtubehaiku,40,2018-05-17 04:01:25,0,0,-2,0
8jzzuk,2018-05-17 00:39:17,57,r/youtubehaiku,41,2018-05-17 05:02:22,0,0,0,0
8jzzuk,2018-05-17 00:39:17,57,r/youtubehaiku,42,2018-05-17 01:17:34,0,0,-3,0
8jzzuk,2018-05-17 00:39:17,57,r/youtubehaiku,43,2018-05-17 03:12:07,0,0,-7,0
8jzzuk,2018-05-17 00:39:17,57,r/youtubehaiku,44,2018-05-17 03:10:06,0,0,-7,0
8jzzuk,2018-05-17 00:39:17,57,r/youtubehaiku,45,2018-05-17 03:52:05,0,0,-2,0
8jywcd,2018-05-16 21:56:42,58,r/funny,0,2018-05-16 22:32:33,0,32,4225,0
8jywcd,2018-05-16 21:56:42,58,r/funny,0,2018-05-16 22:52:48,1,15,1112,0
8jywcd,2018-05-16 21:56:42,58,r/funny,0,2018-05-16 23:18:43,2,10,1274,0
8jywcd,2018-05-16 21:56:42,58,r/funny,0,2018-05-16 23:32:56,3,10,875,0
8jywcd,2018-05-16 21:56:42,58,r/funny,0,2018-05-17 01:02:17,4,9,331,0
8jywcd,2018-05-16 21:56:42,58,r/funny,0,2018-05-17 01:39:13,5,1,83,0
8jywcd,2018-05-16 21:56:42,58,r/funny,0,2018-05-17 02:49:26,6,2,17,0
8jywcd,2018-05-16 21:56:42,58,r/funny,0,2018-05-17 03:59:32,7,0,2,0
8jywcd,2018-05-16 21:56:42,58,r/funny,0,2018-05-17 03:38:04,7,0,3,0
8jywcd,2018-05-16 21:56:42,58,r/funny,0,2018-05-17 02:20:33,5,0,23,0
8jywcd,2018-05-16 21:56:42,58,r/funny,0,2018-05-17 02:59:11,5,1,22,0
8jywcd,2018-05-16 21:56:42,58,r/funny,0,2018-05-17 03:24:04,6,1,24,0
8jywcd,2018-05-16 21:56:42,58,r/funny,0,2018-05-17 04:07:26,7,0,2,0
8jywcd,2018-05-16 21:56:42,58,r/funny,0,2018-05-17 03:23:01,5,1,14,0
8jywcd,2018-05-16 21:56:42,58,r/funny,0,2018-05-17 03:37:56,6,3,6,0
8jywcd,2018-05-16 21:56:42,58,r/funny,0,2018-05-17 03:54:21,7,0,2,0
8jywcd,2018-05-16 21:56:42,58,r/funny,0,2018-05-17 04:17:41,7,0,1,0
8jywcd,2018-05-16 21:56:42,58,r/funny,0,2018-05-17 04:58:23,7,0,1,0
8jywcd,2018-05-16 21:56:42,58,r/funny,0,2018-05-17 04:13:48,5,1,4,0
8jywcd,2018-05-16 21:56:42,58,r/funny,0,2018-05-17 05:08:48,6,0,1,0
8jywcd,2018-05-16 21:56:42,58,r/funny,0,2018-05-17 03:35:29,5,1,2,0
8jywcd,2018-05-16 21:56:42,58,r/funny,0,2018-05-17 04:23:25,6,0,2,0
8jywcd,2018-05-16 21:56:42,58,r/funny,0,2018-05-17 03:41:31,5,2,1,0
8jywcd,2018-05-16 21:56:42,58,r/funny,0,2018-05-17 04:18:06,6,1,4,0
8jywcd,2018-05-16 21:56:42,58,r/funny,0,2018-05-17 04:21:59,7,1,2,0
8jywcd,2018-05-16 21:56:42,58,r/funny,0,2018-05-17 04:44:16,8,0,1,0
8jywcd,2018-05-16 21:56:42,58,r/funny,0,2018-05-17 04:25:58,6,0,1,0
8jywcd,2018-05-16 21:56:42,58,r/funny,0,2018-05-17 04:45:14,5,0,1,0
8jywcd,2018-05-16 21:56:42,58,r/funny,0,2018-05-17 00:55:51,4,0,25,0
8jywcd,2018-05-16 21:56:42,58,r/funny,0,2018-05-17 01:07:58,4,2,18,0
8jywcd,2018-05-16 21:56:42,58,r/funny,0,2018-05-17 01:12:58,5,1,14,0
8jywcd,2018-05-16 21:56:42,58,r/funny,0,2018-05-17 01:44:49,6,0,3,0
8jywcd,2018-05-16 21:56:42,58,r/funny,0,2018-05-17 04:39:01,5,1,2,0
8jywcd,2018-05-16 21:56:42,58,r/funny,0,2018-05-17 04:44:04,6,0,1,0
8jywcd,2018-05-16 21:56:42,58,r/funny,0,2018-05-17 00:56:45,4,0,12,0
8jywcd,2018-05-16 21:56:42,58,r/funny,0,2018-05-17 03:49:19,4,0,3,0
8jywcd,2018-05-16 21:56:42,58,r/funny,0,2018-05-17 03:09:08,4,0,2,0
8jywcd,2018-05-16 21:56:42,58,r/funny,0,2018-05-17 04:14:24,4,0,1,0
8jywcd,2018-05-16 21:56:42,58,r/funny,0,2018-05-17 04:20:10,4,0,1,0
8jywcd,2018-05-16 21:56:42,58,r/funny,0,2018-05-17 04:21:35,4,0,1,0
8jywcd,2018-05-16 21:56:42,58,r/funny,0,2018-05-17 00:15:04,3,0,5,0
8jywcd,2018-05-16 21:56:42,58,r/funny,0,2018-05-17 00:00:59,3,0,3,0
8jywcd,2018-05-16 21:56:42,58,r/funny,0,2018-05-16 23:20:34,3,0,4,0
8jywcd,2018-05-16 21:56:42,58,r/funny,0,2018-05-17 02:55:38,3,0,1,0
8jywcd,2018-05-16 21:56:42,58,r/funny,0,2018-05-17 03:39:16,3,1,1,0
8jywcd,2018-05-16 21:56:42,58,r/funny,0,2018-05-17 03:49:07,4,0,1,0
8jywcd,2018-05-16 21:56:42,58,r/funny,0,2018-05-17 03:58:56,3,0,1,0
8jywcd,2018-05-16 21:56:42,58,r/funny,0,2018-05-17 04:00:20,3,0,1,0
8jywcd,2018-05-16 21:56:42,58,r/funny,0,2018-05-17 04:20:50,3,0,1,0
8jywcd,2018-05-16 21:56:42,58,r/funny,0,2018-05-17 02:04:37,2,4,29,0
8jywcd,2018-05-16 21:56:42,58,r/funny,0,2018-05-17 02:58:58,3,1,14,0
8jywcd,2018-05-16 21:56:42,58,r/funny,0,2018-05-17 03:30:09,3,1,4,0
8jywcd,2018-05-16 21:56:42,58,r/funny,0,2018-05-17 04:17:51,4,2,3,0
8jywcd,2018-05-16 21:56:42,58,r/funny,0,2018-05-17 04:25:00,5,1,2,0
8jywcd,2018-05-16 21:56:42,58,r/funny,0,2018-05-17 04:31:34,6,0,1,0
8jywcd,2018-05-16 21:56:42,58,r/funny,0,2018-05-17 04:24:56,5,0,1,0
8jywcd,2018-05-16 21:56:42,58,r/funny,0,2018-05-17 02:53:47,3,1,3,0
8jywcd,2018-05-16 21:56:42,58,r/funny,0,2018-05-17 04:02:23,4,0,1,0
8jywcd,2018-05-16 21:56:42,58,r/funny,0,2018-05-17 04:04:50,3,0,2,0
8jywcd,2018-05-16 21:56:42,58,r/funny,0,2018-05-17 03:14:43,2,0,4,0
8jywcd,2018-05-16 21:56:42,58,r/funny,0,2018-05-17 01:09:59,2,1,3,0
8jywcd,2018-05-16 21:56:42,58,r/funny,0,2018-05-17 01:12:27,3,0,2,0
8jywcd,2018-05-16 21:56:42,58,r/funny,0,2018-05-17 02:42:08,2,0,1,0
8jywcd,2018-05-16 21:56:42,58,r/funny,0,2018-05-17 03:07:12,2,0,1,0
8jywcd,2018-05-16 21:56:42,58,r/funny,0,2018-05-17 03:11:18,2,0,1,0
8jywcd,2018-05-16 21:56:42,58,r/funny,0,2018-05-17 03:38:25,2,0,1,0
8jywcd,2018-05-16 21:56:42,58,r/funny,0,2018-05-17 03:52:27,2,0,1,0
8jywcd,2018-05-16 21:56:42,58,r/funny,0,2018-05-17 03:54:58,2,0,1,0
8jywcd,2018-05-16 21:56:42,58,r/funny,0,2018-05-17 04:02:51,2,0,1,0
8jywcd,2018-05-16 21:56:42,58,r/funny,0,2018-05-17 04:17:55,2,0,1,0
8jywcd,2018-05-16 21:56:42,58,r/funny,0,2018-05-17 04:47:27,2,0,1,0
8jywcd,2018-05-16 21:56:42,58,r/funny,0,2018-05-17 05:09:41,2,0,1,0
8jywcd,2018-05-16 21:56:42,58,r/funny,0,2018-05-17 00:02:51,1,14,1794,0
8jywcd,2018-05-16 21:56:42,58,r/funny,0,2018-05-17 01:07:41,2,1,581,0
8jywcd,2018-05-16 21:56:42,58,r/funny,0,2018-05-17 03:35:32,3,2,108,0
8jywcd,2018-05-16 21:56:42,58,r/funny,0,2018-05-17 04:23:13,4,1,25,1
8jywcd,2018-05-16 21:56:42,58,r/funny,0,2018-05-17 05:10:40,5,0,1,0
8jywcd,2018-05-16 21:56:42,58,r/funny,0,2018-05-17 01:33:13,2,6,167,0
8jywcd,2018-05-16 21:56:42,58,r/funny,0,2018-05-17 01:41:54,3,2,107,0
8jywcd,2018-05-16 21:56:42,58,r/funny,0,2018-05-17 02:16:15,4,3,62,0
8jywcd,2018-05-16 21:56:42,58,r/funny,0,2018-05-17 02:23:43,5,6,30,0
8jywcd,2018-05-16 21:56:42,58,r/funny,0,2018-05-17 03:24:56,6,1,7,0
8jywcd,2018-05-16 21:56:42,58,r/funny,0,2018-05-17 03:39:58,7,0,2,0
8jywcd,2018-05-16 21:56:42,58,r/funny,0,2018-05-17 02:31:50,6,2,44,0
8jywcd,2018-05-16 21:56:42,58,r/funny,0,2018-05-17 02:35:09,7,5,25,0
8jywcd,2018-05-16 21:56:42,58,r/funny,0,2018-05-17 02:38:48,8,1,47,0
8jywcd,2018-05-16 21:56:42,58,r/funny,0,2018-05-17 02:45:45,9,1,20,0
8jywcd,2018-05-16 21:56:42,58,r/funny,0,2018-05-17 03:00:14,8,1,13,0
8jywcd,2018-05-16 21:56:42,58,r/funny,0,2018-05-17 03:04:09,9,1,3,0
8jywcd,2018-05-16 21:56:42,58,r/funny,0,2018-05-17 03:39:21,8,0,2,0
8jywcd,2018-05-16 21:56:42,58,r/funny,0,2018-05-17 03:37:07,8,0,1,0
8jywcd,2018-05-16 21:56:42,58,r/funny,0,2018-05-17 04:44:57,7,0,1,0
8jywcd,2018-05-16 21:56:42,58,r/funny,0,2018-05-17 02:30:14,6,0,7,0
8jywcd,2018-05-16 21:56:42,58,r/funny,0,2018-05-17 03:36:48,6,0,2,0
8jywcd,2018-05-16 21:56:42,58,r/funny,0,2018-05-17 02:37:53,6,2,6,0
8jywcd,2018-05-16 21:56:42,58,r/funny,0,2018-05-17 02:46:03,7,1,5,0
8jywcd,2018-05-16 21:56:42,58,r/funny,0,2018-05-17 03:25:01,8,1,1,0
8jywcd,2018-05-16 21:56:42,58,r/funny,0,2018-05-17 03:35:58,9,0,1,0
8jywcd,2018-05-16 21:56:42,58,r/funny,0,2018-05-17 03:21:39,6,0,1,0
8jywcd,2018-05-16 21:56:42,58,r/funny,0,2018-05-17 02:34:53,5,2,4,0
8jywcd,2018-05-16 21:56:42,58,r/funny,0,2018-05-17 02:38:24,6,0,3,0
8jywcd,2018-05-16 21:56:42,58,r/funny,0,2018-05-17 04:42:46,5,1,1,0
8jywcd,2018-05-16 21:56:42,58,r/funny,0,2018-05-17 05:17:29,6,0,1,0
8jywcd,2018-05-16 21:56:42,58,r/funny,0,2018-05-17 02:55:26,4,0,2,0
8jywcd,2018-05-16 21:56:42,58,r/funny,0,2018-05-17 01:59:15,3,3,20,0
8jywcd,2018-05-16 21:56:42,58,r/funny,0,2018-05-17 02:18:10,4,1,14,0
8jywcd,2018-05-16 21:56:42,58,r/funny,0,2018-05-17 03:33:18,5,1,9,0
8jywcd,2018-05-16 21:56:42,58,r/funny,0,2018-05-17 03:37:26,6,0,3,0
8jywcd,2018-05-16 21:56:42,58,r/funny,0,2018-05-17 02:12:48,4,1,4,0
8jywcd,2018-05-16 21:56:42,58,r/funny,0,2018-05-17 04:28:20,5,0,2,0
8jywcd,2018-05-16 21:56:42,58,r/funny,0,2018-05-17 03:33:01,4,0,1,0
8jywcd,2018-05-16 21:56:42,58,r/funny,0,2018-05-17 03:03:55,3,4,2,0
8jywcd,2018-05-16 21:56:42,58,r/funny,0,2018-05-17 03:31:12,4,1,2,0
8jywcd,2018-05-16 21:56:42,58,r/funny,0,2018-05-17 04:02:21,5,0,1,0
8jywcd,2018-05-16 21:56:42,58,r/funny,0,2018-05-17 03:31:38,4,0,1,0
8jywcd,2018-05-16 21:56:42,58,r/funny,0,2018-05-17 03:54:40,4,0,1,0
8jywcd,2018-05-16 21:56:42,58,r/funny,0,2018-05-17 04:10:32,4,1,1,0
8jywcd,2018-05-16 21:56:42,58,r/funny,0,2018-05-17 04:19:57,5,0,1,0
8jywcd,2018-05-16 21:56:42,58,r/funny,0,2018-05-17 03:34:30,3,1,2,0
8jywcd,2018-05-16 21:56:42,58,r/funny,0,2018-05-17 04:11:31,4,1,1,0
8jywcd,2018-05-16 21:56:42,58,r/funny,0,2018-05-17 04:46:12,5,1,1,0
8jywcd,2018-05-16 21:56:42,58,r/funny,0,2018-05-17 04:53:23,6,1,1,0
8jywcd,2018-05-16 21:56:42,58,r/funny,0,2018-05-17 05:02:10,7,0,1,0
8jywcd,2018-05-16 21:56:42,58,r/funny,0,2018-05-17 04:38:29,3,0,1,0
8jywcd,2018-05-16 21:56:42,58,r/funny,0,2018-05-17 01:48:12,2,1,13,0
8jywcd,2018-05-16 21:56:42,58,r/funny,0,2018-05-17 01:36:42,2,1,22,0
8jywcd,2018-05-16 21:56:42,58,r/funny,0,2018-05-17 02:13:34,3,7,10,0
8jywcd,2018-05-16 21:56:42,58,r/funny,0,2018-05-17 02:17:00,4,1,28,0
8jywcd,2018-05-16 21:56:42,58,r/funny,0,2018-05-17 02:19:31,5,1,2,0
8jywcd,2018-05-16 21:56:42,58,r/funny,0,2018-05-17 02:22:42,6,0,4,0
8jywcd,2018-05-16 21:56:42,58,r/funny,0,2018-05-17 02:49:32,4,0,13,0
8jywcd,2018-05-16 21:56:42,58,r/funny,0,2018-05-17 02:42:45,4,0,2,0
8jywcd,2018-05-16 21:56:42,58,r/funny,0,2018-05-17 02:56:47,4,0,2,0
8jywcd,2018-05-16 21:56:42,58,r/funny,0,2018-05-17 02:45:54,4,0,1,0
8jywcd,2018-05-16 21:56:42,58,r/funny,0,2018-05-17 03:22:34,4,0,1,0
8jywcd,2018-05-16 21:56:42,58,r/funny,0,2018-05-17 03:28:10,4,0,1,0
8jywcd,2018-05-16 21:56:42,58,r/funny,0,2018-05-17 01:27:23,2,3,30,0
8jywcd,2018-05-16 21:56:42,58,r/funny,0,2018-05-17 01:57:01,3,3,19,0
8jywcd,2018-05-16 21:56:42,58,r/funny,0,2018-05-17 05:09:51,4,0,2,0
8jywcd,2018-05-16 21:56:42,58,r/funny,0,2018-05-17 02:50:36,4,1,2,0
8jywcd,2018-05-16 21:56:42,58,r/funny,0,2018-05-17 03:12:56,5,1,4,0
8jywcd,2018-05-16 21:56:42,58,r/funny,0,2018-05-17 03:19:02,6,0,4,0
8jywcd,2018-05-16 21:56:42,58,r/funny,0,2018-05-17 02:20:35,3,0,13,0
8jywcd,2018-05-16 21:56:42,58,r/funny,0,2018-05-17 03:26:18,2,0,1,0
8jywcd,2018-05-16 21:56:42,58,r/funny,0,2018-05-17 03:32:53,2,0,1,0
8jywcd,2018-05-16 21:56:42,58,r/funny,0,2018-05-17 03:35:48,2,0,1,0
8jywcd,2018-05-16 21:56:42,58,r/funny,0,2018-05-17 03:52:27,2,0,1,0
8jywcd,2018-05-16 21:56:42,58,r/funny,0,2018-05-17 03:58:47,2,0,1,0
8jywcd,2018-05-16 21:56:42,58,r/funny,0,2018-05-17 04:19:15,2,0,1,0
8jywcd,2018-05-16 21:56:42,58,r/funny,0,2018-05-17 04:46:33,2,0,1,0
8jywcd,2018-05-16 21:56:42,58,r/funny,0,2018-05-17 05:08:11,2,0,1,0
8jywcd,2018-05-16 21:56:42,58,r/funny,0,2018-05-16 23:58:06,1,1,6,0
8jywcd,2018-05-16 21:56:42,58,r/funny,0,2018-05-17 04:53:06,2,0,1,0
8jywcd,2018-05-16 21:56:42,58,r/funny,0,2018-05-16 22:38:07,1,1,25,0
8jywcd,2018-05-16 21:56:42,58,r/funny,0,2018-05-16 22:54:06,2,2,8,0
8jywcd,2018-05-16 21:56:42,58,r/funny,0,2018-05-16 23:56:35,3,1,13,0
8jywcd,2018-05-16 21:56:42,58,r/funny,0,2018-05-17 00:29:38,4,4,11,0
8jywcd,2018-05-16 21:56:42,58,r/funny,0,2018-05-17 00:36:57,5,3,8,0
8jywcd,2018-05-16 21:56:42,58,r/funny,0,2018-05-17 01:33:00,6,0,15,0
8jywcd,2018-05-16 21:56:42,58,r/funny,0,2018-05-17 01:55:51,6,0,7,0
8jywcd,2018-05-16 21:56:42,58,r/funny,0,2018-05-17 01:37:08,6,0,7,0
8jywcd,2018-05-16 21:56:42,58,r/funny,0,2018-05-17 00:38:58,5,1,6,0
8jywcd,2018-05-16 21:56:42,58,r/funny,0,2018-05-17 01:10:18,6,1,5,0
8jywcd,2018-05-16 21:56:42,58,r/funny,0,2018-05-17 01:10:22,7,0,5,0
8jywcd,2018-05-16 21:56:42,58,r/funny,0,2018-05-17 02:06:50,5,0,2,0
8jywcd,2018-05-16 21:56:42,58,r/funny,0,2018-05-17 02:16:51,5,0,2,0
8jywcd,2018-05-16 21:56:42,58,r/funny,0,2018-05-17 01:39:42,1,1,5,0
8jywcd,2018-05-16 21:56:42,58,r/funny,0,2018-05-17 01:49:22,2,0,2,0
8jywcd,2018-05-16 21:56:42,58,r/funny,0,2018-05-17 02:23:24,1,1,4,0
8jywcd,2018-05-16 21:56:42,58,r/funny,0,2018-05-17 03:11:12,2,1,1,0
8jywcd,2018-05-16 21:56:42,58,r/funny,0,2018-05-17 04:29:39,3,0,1,0
8jywcd,2018-05-16 21:56:42,58,r/funny,0,2018-05-17 02:01:24,1,0,1,0
8jywcd,2018-05-16 21:56:42,58,r/funny,0,2018-05-17 02:25:49,1,0,1,0
8jywcd,2018-05-16 21:56:42,58,r/funny,0,2018-05-17 02:39:17,1,0,1,0
8jywcd,2018-05-16 21:56:42,58,r/funny,0,2018-05-17 02:44:13,1,0,1,0
8jywcd,2018-05-16 21:56:42,58,r/funny,0,2018-05-17 02:58:04,1,0,1,0
8jywcd,2018-05-16 21:56:42,58,r/funny,0,2018-05-17 03:03:58,1,0,1,0
8jywcd,2018-05-16 21:56:42,58,r/funny,0,2018-05-17 03:05:59,1,0,1,0
8jywcd,2018-05-16 21:56:42,58,r/funny,0,2018-05-17 03:13:58,1,0,1,0
8jywcd,2018-05-16 21:56:42,58,r/funny,0,2018-05-17 03:18:41,1,0,1,0
8jywcd,2018-05-16 21:56:42,58,r/funny,0,2018-05-17 03:21:30,1,0,1,0
8jywcd,2018-05-16 21:56:42,58,r/funny,0,2018-05-17 03:25:35,1,0,1,0
8jywcd,2018-05-16 21:56:42,58,r/funny,0,2018-05-17 03:28:30,1,1,1,0
8jywcd,2018-05-16 21:56:42,58,r/funny,0,2018-05-17 03:52:17,2,0,1,0
8jywcd,2018-05-16 21:56:42,58,r/funny,0,2018-05-17 03:34:08,1,0,1,0
8jywcd,2018-05-16 21:56:42,58,r/funny,0,2018-05-17 03:40:36,1,0,1,0
8jywcd,2018-05-16 21:56:42,58,r/funny,0,2018-05-17 03:46:55,1,0,1,0
8jywcd,2018-05-16 21:56:42,58,r/funny,0,2018-05-17 03:53:30,1,0,1,0
8jywcd,2018-05-16 21:56:42,58,r/funny,0,2018-05-17 04:11:31,1,0,1,0
8jywcd,2018-05-16 21:56:42,58,r/funny,0,2018-05-17 04:31:25,1,0,1,0
8jywcd,2018-05-16 21:56:42,58,r/funny,0,2018-05-17 04:46:01,1,0,1,0
8jywcd,2018-05-16 21:56:42,58,r/funny,0,2018-05-17 04:48:16,1,0,1,0
8jywcd,2018-05-16 21:56:42,58,r/funny,0,2018-05-17 05:00:07,1,0,1,0
8jywcd,2018-05-16 21:56:42,58,r/funny,0,2018-05-17 05:00:46,1,0,1,0
8jywcd,2018-05-16 21:56:42,58,r/funny,0,2018-05-17 05:02:15,1,0,1,0
8jywcd,2018-05-16 21:56:42,58,r/funny,0,2018-05-17 05:09:32,1,0,1,0
8jywcd,2018-05-16 21:56:42,58,r/funny,0,2018-05-17 05:11:43,1,0,1,0
8jywcd,2018-05-16 21:56:42,58,r/funny,1,2018-05-16 22:12:45,0,5,793,0
8jywcd,2018-05-16 21:56:42,58,r/funny,1,2018-05-17 02:47:28,1,4,131,0
8jywcd,2018-05-16 21:56:42,58,r/funny,1,2018-05-17 03:33:51,2,2,35,0
8jywcd,2018-05-16 21:56:42,58,r/funny,1,2018-05-17 05:17:13,3,0,1,0
8jywcd,2018-05-16 21:56:42,58,r/funny,1,2018-05-17 03:39:39,2,1,12,0
8jywcd,2018-05-16 21:56:42,58,r/funny,1,2018-05-17 03:49:10,3,1,3,0
8jywcd,2018-05-16 21:56:42,58,r/funny,1,2018-05-17 03:51:26,4,1,4,0
8jywcd,2018-05-16 21:56:42,58,r/funny,1,2018-05-17 03:55:20,5,0,4,0
8jywcd,2018-05-16 21:56:42,58,r/funny,1,2018-05-17 04:54:40,2,0,1,0
8jywcd,2018-05-16 21:56:42,58,r/funny,1,2018-05-17 05:01:10,2,0,1,0
8jywcd,2018-05-16 21:56:42,58,r/funny,1,2018-05-17 01:40:24,1,1,12,0
8jywcd,2018-05-16 21:56:42,58,r/funny,1,2018-05-17 03:24:40,2,1,5,0
8jywcd,2018-05-16 21:56:42,58,r/funny,1,2018-05-17 03:50:29,3,0,2,0
8jywcd,2018-05-16 21:56:42,58,r/funny,1,2018-05-17 03:50:00,1,0,2,0
8jywcd,2018-05-16 21:56:42,58,r/funny,1,2018-05-17 03:27:10,1,0,1,0
8jywcd,2018-05-16 21:56:42,58,r/funny,1,2018-05-17 03:54:29,1,0,1,0
8jywcd,2018-05-16 21:56:42,58,r/funny,2,2018-05-17 01:09:40,0,9,582,0
8jywcd,2018-05-16 21:56:42,58,r/funny,2,2018-05-17 02:57:23,1,4,103,0
8jywcd,2018-05-16 21:56:42,58,r/funny,2,2018-05-17 03:10:21,2,0,35,0
8jywcd,2018-05-16 21:56:42,58,r/funny,2,2018-05-17 03:26:03,2,0,9,0
8jywcd,2018-05-16 21:56:42,58,r/funny,2,2018-05-17 03:50:21,2,0,2,0
8jywcd,2018-05-16 21:56:42,58,r/funny,2,2018-05-17 04:40:13,2,0,1,0
8jywcd,2018-05-16 21:56:42,58,r/funny,2,2018-05-17 03:18:39,1,0,28,0
8jywcd,2018-05-16 21:56:42,58,r/funny,2,2018-05-17 03:12:37,1,1,11,0
8jywcd,2018-05-16 21:56:42,58,r/funny,2,2018-05-17 03:46:28,2,0,1,0
8jywcd,2018-05-16 21:56:42,58,r/funny,2,2018-05-17 03:28:33,1,0,3,0
8jywcd,2018-05-16 21:56:42,58,r/funny,2,2018-05-17 03:33:37,1,0,3,0
8jywcd,2018-05-16 21:56:42,58,r/funny,2,2018-05-17 03:39:48,1,0,2,0
8jywcd,2018-05-16 21:56:42,58,r/funny,2,2018-05-17 03:23:07,1,0,2,0
8jywcd,2018-05-16 21:56:42,58,r/funny,2,2018-05-17 04:57:02,1,0,1,0
8jywcd,2018-05-16 21:56:42,58,r/funny,3,2018-05-16 22:35:15,0,0,144,0
8jywcd,2018-05-16 21:56:42,58,r/funny,4,2018-05-16 22:19:20,0,11,747,0
8jywcd,2018-05-16 21:56:42,58,r/funny,4,2018-05-17 01:22:38,1,0,53,0
8jywcd,2018-05-16 21:56:42,58,r/funny,4,2018-05-16 22:40:45,1,1,59,0
8jywcd,2018-05-16 21:56:42,58,r/funny,4,2018-05-17 01:02:29,2,1,15,0
8jywcd,2018-05-16 21:56:42,58,r/funny,4,2018-05-17 03:12:49,3,0,6,0
8jywcd,2018-05-16 21:56:42,58,r/funny,4,2018-05-17 01:29:30,1,3,15,0
8jywcd,2018-05-16 21:56:42,58,r/funny,4,2018-05-17 01:57:57,2,1,23,0
8jywcd,2018-05-16 21:56:42,58,r/funny,4,2018-05-17 03:13:57,3,2,53,0
8jywcd,2018-05-16 21:56:42,58,r/funny,4,2018-05-17 03:18:08,4,1,5,0
8jywcd,2018-05-16 21:56:42,58,r/funny,4,2018-05-17 03:44:56,5,1,6,0
8jywcd,2018-05-16 21:56:42,58,r/funny,4,2018-05-17 03:55:05,6,1,9,0
8jywcd,2018-05-16 21:56:42,58,r/funny,4,2018-05-17 04:02:09,7,1,5,0
8jywcd,2018-05-16 21:56:42,58,r/funny,4,2018-05-17 04:04:50,8,1,6,0
8jywcd,2018-05-16 21:56:42,58,r/funny,4,2018-05-17 04:08:36,9,0,4,0
8jywcd,2018-05-16 21:56:42,58,r/funny,4,2018-05-17 04:28:49,4,0,1,0
8jywcd,2018-05-16 21:56:42,58,r/funny,4,2018-05-17 01:40:35,2,0,4,0
8jywcd,2018-05-16 21:56:42,58,r/funny,4,2018-05-17 05:03:32,2,0,1,0
8jywcd,2018-05-16 21:56:42,58,r/funny,4,2018-05-17 01:38:11,1,2,11,0
8jywcd,2018-05-16 21:56:42,58,r/funny,4,2018-05-17 03:17:50,2,0,19,0
8jywcd,2018-05-16 21:56:42,58,r/funny,4,2018-05-17 04:04:32,2,1,4,0
8jywcd,2018-05-16 21:56:42,58,r/funny,4,2018-05-17 05:02:23,3,1,1,0
8jywcd,2018-05-16 21:56:42,58,r/funny,4,2018-05-17 05:05:11,4,0,1,0
8jywcd,2018-05-16 21:56:42,58,r/funny,4,2018-05-17 01:21:40,1,0,8,0
8jywcd,2018-05-16 21:56:42,58,r/funny,4,2018-05-17 02:45:48,1,1,3,0
8jywcd,2018-05-16 21:56:42,58,r/funny,4,2018-05-17 04:12:31,2,0,1,0
8jywcd,2018-05-16 21:56:42,58,r/funny,4,2018-05-17 03:31:57,1,0,2,0
8jywcd,2018-05-16 21:56:42,58,r/funny,4,2018-05-17 04:24:32,1,0,2,0
8jywcd,2018-05-16 21:56:42,58,r/funny,4,2018-05-17 04:52:21,1,0,1,0
8jywcd,2018-05-16 21:56:42,58,r/funny,4,2018-05-17 05:16:31,1,0,1,0
8jywcd,2018-05-16 21:56:42,58,r/funny,5,2018-05-17 00:31:41,0,2,173,0
8jywcd,2018-05-16 21:56:42,58,r/funny,5,2018-05-17 04:12:59,1,0,2,0
8jywcd,2018-05-16 21:56:42,58,r/funny,5,2018-05-17 04:42:59,1,0,1,0
8jywcd,2018-05-16 21:56:42,58,r/funny,6,2018-05-16 22:12:38,0,5,373,0
8jywcd,2018-05-16 21:56:42,58,r/funny,6,2018-05-16 22:56:19,1,3,132,0
8jywcd,2018-05-16 21:56:42,58,r/funny,6,2018-05-17 00:46:05,2,2,101,0
8jywcd,2018-05-16 21:56:42,58,r/funny,6,2018-05-17 02:56:00,3,0,21,0
8jywcd,2018-05-16 21:56:42,58,r/funny,6,2018-05-17 03:06:13,3,0,2,0
8jywcd,2018-05-16 21:56:42,58,r/funny,6,2018-05-17 00:52:56,2,1,37,0
8jywcd,2018-05-16 21:56:42,58,r/funny,6,2018-05-17 02:50:18,3,0,3,0
8jywcd,2018-05-16 21:56:42,58,r/funny,6,2018-05-17 01:08:45,2,0,35,0
8jywcd,2018-05-16 21:56:42,58,r/funny,6,2018-05-16 23:30:52,1,4,89,0
8jywcd,2018-05-16 21:56:42,58,r/funny,6,2018-05-17 02:46:10,2,0,6,0
8jywcd,2018-05-16 21:56:42,58,r/funny,6,2018-05-17 02:54:08,2,0,12,0
8jywcd,2018-05-16 21:56:42,58,r/funny,6,2018-05-17 03:08:18,2,0,4,0
8jywcd,2018-05-16 21:56:42,58,r/funny,6,2018-05-17 03:12:09,2,0,3,0
8jywcd,2018-05-16 21:56:42,58,r/funny,6,2018-05-16 22:55:13,1,1,35,0
8jywcd,2018-05-16 21:56:42,58,r/funny,6,2018-05-17 02:47:29,2,0,5,0
8jywcd,2018-05-16 21:56:42,58,r/funny,6,2018-05-16 23:01:01,1,0,15,0
8jywcd,2018-05-16 21:56:42,58,r/funny,7,2018-05-16 21:57:56,0,4,223,0
8jywcd,2018-05-16 21:56:42,58,r/funny,7,2018-05-16 22:24:30,1,4,193,0
8jywcd,2018-05-16 21:56:42,58,r/funny,7,2018-05-17 00:01:11,2,3,229,0
8jywcd,2018-05-16 21:56:42,58,r/funny,7,2018-05-17 00:08:36,3,2,65,0
8jywcd,2018-05-16 21:56:42,58,r/funny,7,2018-05-17 03:39:17,4,0,2,0
8jywcd,2018-05-16 21:56:42,58,r/funny,7,2018-05-17 04:05:50,4,0,1,0
8jywcd,2018-05-16 21:56:42,58,r/funny,7,2018-05-17 00:49:34,3,1,30,0
8jywcd,2018-05-16 21:56:42,58,r/funny,7,2018-05-17 01:09:06,4,1,15,0
8jywcd,2018-05-16 21:56:42,58,r/funny,7,2018-05-17 01:12:42,5,1,23,0
8jywcd,2018-05-16 21:56:42,58,r/funny,7,2018-05-17 01:38:38,6,2,25,0
8jywcd,2018-05-16 21:56:42,58,r/funny,7,2018-05-17 03:08:46,7,0,4,0
8jywcd,2018-05-16 21:56:42,58,r/funny,7,2018-05-17 03:36:59,7,0,1,0
8jywcd,2018-05-16 21:56:42,58,r/funny,7,2018-05-17 03:49:31,3,0,3,0
8jywcd,2018-05-16 21:56:42,58,r/funny,7,2018-05-17 00:40:16,2,0,6,0
8jywcd,2018-05-16 21:56:42,58,r/funny,7,2018-05-17 00:07:38,2,1,3,0
8jywcd,2018-05-16 21:56:42,58,r/funny,7,2018-05-17 04:48:26,2,0,1,0
8jywcd,2018-05-16 21:56:42,58,r/funny,7,2018-05-16 22:36:50,1,1,6,0
8jywcd,2018-05-16 21:56:42,58,r/funny,7,2018-05-17 01:09:01,2,1,2,0
8jywcd,2018-05-16 21:56:42,58,r/funny,7,2018-05-17 02:06:02,3,0,2,0
8jywcd,2018-05-16 21:56:42,58,r/funny,7,2018-05-17 04:29:51,1,0,2,0
8jywcd,2018-05-16 21:56:42,58,r/funny,7,2018-05-17 04:44:07,1,0,1,0
8jywcd,2018-05-16 21:56:42,58,r/funny,8,2018-05-16 22:35:38,0,0,53,0
8jywcd,2018-05-16 21:56:42,58,r/funny,9,2018-05-17 00:26:55,0,1,26,0
8jywcd,2018-05-16 21:56:42,58,r/funny,9,2018-05-17 03:02:36,1,1,5,0
8jywcd,2018-05-16 21:56:42,58,r/funny,9,2018-05-17 04:07:56,2,0,2,0
8jywcd,2018-05-16 21:56:42,58,r/funny,10,2018-05-16 22:04:32,0,1,40,0
8jywcd,2018-05-16 21:56:42,58,r/funny,11,2018-05-17 00:53:05,0,7,51,0
8jywcd,2018-05-16 21:56:42,58,r/funny,11,2018-05-17 01:02:59,1,0,23,0
8jywcd,2018-05-16 21:56:42,58,r/funny,11,2018-05-17 01:38:15,1,1,11,0
8jywcd,2018-05-16 21:56:42,58,r/funny,11,2018-05-17 04:38:35,2,0,1,0
8jywcd,2018-05-16 21:56:42,58,r/funny,11,2018-05-17 02:05:36,1,0,6,0
8jywcd,2018-05-16 21:56:42,58,r/funny,11,2018-05-17 04:37:24,1,0,2,0
8jywcd,2018-05-16 21:56:42,58,r/funny,11,2018-05-17 03:12:01,1,0,1,0
8jywcd,2018-05-16 21:56:42,58,r/funny,11,2018-05-17 04:49:54,1,0,1,0
8jywcd,2018-05-16 21:56:42,58,r/funny,12,2018-05-17 01:32:07,0,0,14,0
8jywcd,2018-05-16 21:56:42,58,r/funny,13,2018-05-16 22:54:16,0,1,7,0
8jywcd,2018-05-16 21:56:42,58,r/funny,13,2018-05-17 03:45:45,1,0,1,0
8jywcd,2018-05-16 21:56:42,58,r/funny,14,2018-05-16 22:33:35,0,3,16,0
8jywcd,2018-05-16 21:56:42,58,r/funny,14,2018-05-16 22:54:49,1,0,11,0
8jywcd,2018-05-16 21:56:42,58,r/funny,14,2018-05-17 01:54:44,1,0,4,0
8jywcd,2018-05-16 21:56:42,58,r/funny,15,2018-05-16 22:01:40,0,3,37,0
8jywcd,2018-05-16 21:56:42,58,r/funny,15,2018-05-16 22:09:47,1,4,16,0
8jywcd,2018-05-16 21:56:42,58,r/funny,15,2018-05-16 22:10:08,2,1,48,0
8jywcd,2018-05-16 21:56:42,58,r/funny,15,2018-05-16 22:44:26,3,1,14,0
8jywcd,2018-05-16 21:56:42,58,r/funny,15,2018-05-16 22:46:25,4,1,21,0
8jywcd,2018-05-16 21:56:42,58,r/funny,15,2018-05-17 01:41:17,5,2,10,0
8jywcd,2018-05-16 21:56:42,58,r/funny,15,2018-05-17 02:42:12,6,0,6,0
8jywcd,2018-05-16 21:56:42,58,r/funny,15,2018-05-17 02:53:20,6,1,4,0
8jywcd,2018-05-16 21:56:42,58,r/funny,15,2018-05-17 02:55:01,7,1,4,0
8jywcd,2018-05-16 21:56:42,58,r/funny,15,2018-05-17 02:57:35,8,1,2,0
8jywcd,2018-05-16 21:56:42,58,r/funny,15,2018-05-17 03:03:42,9,0,2,0
8jywcd,2018-05-16 21:56:42,58,r/funny,15,2018-05-16 22:39:04,2,0,11,0
8jywcd,2018-05-16 21:56:42,58,r/funny,15,2018-05-16 22:12:44,2,0,4,0
8jywcd,2018-05-16 21:56:42,58,r/funny,15,2018-05-17 04:40:38,2,0,1,0
8jywcd,2018-05-16 21:56:42,58,r/funny,15,2018-05-16 22:30:56,1,0,2,0
8jywcd,2018-05-16 21:56:42,58,r/funny,15,2018-05-17 03:48:00,1,0,1,0
8jywcd,2018-05-16 21:56:42,58,r/funny,16,2018-05-16 23:45:28,0,0,12,0
8jywcd,2018-05-16 21:56:42,58,r/funny,17,2018-05-16 22:53:05,0,1,9,0
8jywcd,2018-05-16 21:56:42,58,r/funny,17,2018-05-17 03:09:43,1,1,3,0
8jywcd,2018-05-16 21:56:42,58,r/funny,17,2018-05-17 05:11:18,2,0,1,0
8jywcd,2018-05-16 21:56:42,58,r/funny,18,2018-05-17 01:50:37,0,1,4,0
8jywcd,2018-05-16 21:56:42,58,r/funny,18,2018-05-17 03:30:46,1,0,3,0
8jywcd,2018-05-16 21:56:42,58,r/funny,19,2018-05-17 02:46:55,0,0,4,0
8jywcd,2018-05-16 21:56:42,58,r/funny,20,2018-05-16 22:24:12,0,1,11,0
8jywcd,2018-05-16 21:56:42,58,r/funny,20,2018-05-17 01:11:33,1,1,19,0
8jywcd,2018-05-16 21:56:42,58,r/funny,21,2018-05-17 02:23:26,0,3,17,0
8jywcd,2018-05-16 21:56:42,58,r/funny,21,2018-05-17 04:03:14,1,0,1,0
8jywcd,2018-05-16 21:56:42,58,r/funny,21,2018-05-17 04:26:24,1,0,1,0
8jywcd,2018-05-16 21:56:42,58,r/funny,21,2018-05-17 05:14:53,1,0,1,0
8jywcd,2018-05-16 21:56:42,58,r/funny,22,2018-05-16 22:02:28,0,1,8,0
8jywcd,2018-05-16 21:56:42,58,r/funny,22,2018-05-16 22:38:40,1,0,1,0
8jywcd,2018-05-16 21:56:42,58,r/funny,23,2018-05-17 01:07:30,0,1,3,0
8jywcd,2018-05-16 21:56:42,58,r/funny,23,2018-05-17 01:10:13,1,1,4,0
8jywcd,2018-05-16 21:56:42,58,r/funny,23,2018-05-17 01:16:04,2,1,2,0
8jywcd,2018-05-16 21:56:42,58,r/funny,23,2018-05-17 01:40:43,3,1,1,0
8jywcd,2018-05-16 21:56:42,58,r/funny,23,2018-05-17 01:49:47,4,1,1,0
8jywcd,2018-05-16 21:56:42,58,r/funny,23,2018-05-17 01:55:39,5,0,1,0
8jywcd,2018-05-16 21:56:42,58,r/funny,24,2018-05-17 01:12:46,0,0,3,0
8jywcd,2018-05-16 21:56:42,58,r/funny,25,2018-05-17 02:43:33,0,0,3,0
8jywcd,2018-05-16 21:56:42,58,r/funny,26,2018-05-17 02:48:49,0,0,3,0
8jywcd,2018-05-16 21:56:42,58,r/funny,27,2018-05-17 03:12:33,0,0,3,0
8jywcd,2018-05-16 21:56:42,58,r/funny,28,2018-05-17 03:21:14,0,0,3,0
8jywcd,2018-05-16 21:56:42,58,r/funny,29,2018-05-17 04:49:32,0,1,3,0
8jywcd,2018-05-16 21:56:42,58,r/funny,29,2018-05-17 05:03:00,1,0,1,0
8jywcd,2018-05-16 21:56:42,58,r/funny,30,2018-05-16 22:51:46,0,6,10,0
8jywcd,2018-05-16 21:56:42,58,r/funny,30,2018-05-17 01:25:30,1,0,11,0
8jywcd,2018-05-16 21:56:42,58,r/funny,30,2018-05-17 03:11:14,1,1,3,0
8jywcd,2018-05-16 21:56:42,58,r/funny,30,2018-05-17 05:12:03,2,0,1,0
8jywcd,2018-05-16 21:56:42,58,r/funny,30,2018-05-17 03:34:02,1,1,2,0
8jywcd,2018-05-16 21:56:42,58,r/funny,30,2018-05-17 05:12:18,2,0,1,0
8jywcd,2018-05-16 21:56:42,58,r/funny,30,2018-05-17 04:29:46,1,0,2,0
8jywcd,2018-05-16 21:56:42,58,r/funny,30,2018-05-16 23:40:47,1,2,4,0
8jywcd,2018-05-16 21:56:42,58,r/funny,30,2018-05-17 00:30:48,2,1,4,0
8jywcd,2018-05-16 21:56:42,58,r/funny,30,2018-05-17 01:05:38,3,2,5,0
8jywcd,2018-05-16 21:56:42,58,r/funny,30,2018-05-17 01:46:47,4,0,4,0
8jywcd,2018-05-16 21:56:42,58,r/funny,30,2018-05-17 01:08:33,4,0,1,0
8jywcd,2018-05-16 21:56:42,58,r/funny,30,2018-05-17 01:08:55,2,0,1,0
8jywcd,2018-05-16 21:56:42,58,r/funny,31,2018-05-16 22:10:48,0,0,4,0
8jywcd,2018-05-16 21:56:42,58,r/funny,32,2018-05-16 22:40:24,0,0,4,0
8jywcd,2018-05-16 21:56:42,58,r/funny,33,2018-05-17 02:22:43,0,1,5,0
8jywcd,2018-05-16 21:56:42,58,r/funny,33,2018-05-17 04:04:49,1,0,1,0
8jywcd,2018-05-16 21:56:42,58,r/funny,34,2018-05-16 22:01:17,0,2,4,0
8jywcd,2018-05-16 21:56:42,58,r/funny,34,2018-05-17 03:33:26,1,0,1,0
8jywcd,2018-05-16 21:56:42,58,r/funny,35,2018-05-17 01:12:42,0,0,2,0
8jywcd,2018-05-16 21:56:42,58,r/funny,36,2018-05-17 01:17:29,0,0,2,0
8jywcd,2018-05-16 21:56:42,58,r/funny,37,2018-05-17 01:23:40,0,0,2,0
8jywcd,2018-05-16 21:56:42,58,r/funny,38,2018-05-17 01:31:33,0,0,2,0
8jywcd,2018-05-16 21:56:42,58,r/funny,39,2018-05-17 01:34:46,0,0,2,0
8jywcd,2018-05-16 21:56:42,58,r/funny,40,2018-05-17 01:35:55,0,0,2,0
8jywcd,2018-05-16 21:56:42,58,r/funny,41,2018-05-17 01:38:31,0,0,2,0
8jywcd,2018-05-16 21:56:42,58,r/funny,42,2018-05-17 01:38:54,0,0,2,0
8jywcd,2018-05-16 21:56:42,58,r/funny,43,2018-05-17 01:39:51,0,0,2,0
8jywcd,2018-05-16 21:56:42,58,r/funny,44,2018-05-17 01:41:44,0,0,2,0
8jywcd,2018-05-16 21:56:42,58,r/funny,45,2018-05-17 01:51:03,0,0,2,0
8jywcd,2018-05-16 21:56:42,58,r/funny,46,2018-05-17 02:23:44,0,0,2,0
8jywcd,2018-05-16 21:56:42,58,r/funny,47,2018-05-17 02:31:13,0,0,2,0
8jywcd,2018-05-16 21:56:42,58,r/funny,48,2018-05-17 02:31:59,0,0,2,0
8jywcd,2018-05-16 21:56:42,58,r/funny,49,2018-05-17 02:46:47,0,0,2,0
8jywcd,2018-05-16 21:56:42,58,r/funny,50,2018-05-17 03:03:33,0,0,2,0
8jywcd,2018-05-16 21:56:42,58,r/funny,51,2018-05-17 03:10:14,0,0,2,0
8jywcd,2018-05-16 21:56:42,58,r/funny,52,2018-05-17 03:10:52,0,0,2,0
8jywcd,2018-05-16 21:56:42,58,r/funny,53,2018-05-17 03:15:14,0,0,2,0
8jywcd,2018-05-16 21:56:42,58,r/funny,54,2018-05-17 03:29:02,0,0,2,0
8jywcd,2018-05-16 21:56:42,58,r/funny,55,2018-05-17 02:44:24,0,1,4,0
8jywcd,2018-05-16 21:56:42,58,r/funny,56,2018-05-16 22:00:02,0,0,4,0
8jywcd,2018-05-16 21:56:42,58,r/funny,57,2018-05-17 00:51:00,0,0,3,0
8jywcd,2018-05-16 21:56:42,58,r/funny,58,2018-05-17 02:43:57,0,0,4,0
8jywcd,2018-05-16 21:56:42,58,r/funny,59,2018-05-17 03:02:54,0,0,4,0
8jywcd,2018-05-16 21:56:42,58,r/funny,60,2018-05-17 03:12:09,0,0,1,0
8jywcd,2018-05-16 21:56:42,58,r/funny,61,2018-05-16 22:18:02,0,0,1,0
8jywcd,2018-05-16 21:56:42,58,r/funny,62,2018-05-16 22:57:04,0,0,1,0
8jywcd,2018-05-16 21:56:42,58,r/funny,63,2018-05-16 23:27:50,0,0,1,0
8jywcd,2018-05-16 21:56:42,58,r/funny,64,2018-05-16 23:57:55,0,0,1,0
8jywcd,2018-05-16 21:56:42,58,r/funny,65,2018-05-17 00:00:04,0,0,1,0
8jywcd,2018-05-16 21:56:42,58,r/funny,66,2018-05-17 00:38:53,0,0,1,0
8jywcd,2018-05-16 21:56:42,58,r/funny,67,2018-05-17 01:06:53,0,0,1,0
8jywcd,2018-05-16 21:56:42,58,r/funny,68,2018-05-17 01:25:00,0,0,1,0
8jywcd,2018-05-16 21:56:42,58,r/funny,69,2018-05-17 01:25:34,0,0,1,0
8jywcd,2018-05-16 21:56:42,58,r/funny,70,2018-05-17 01:26:28,0,0,1,0
8jywcd,2018-05-16 21:56:42,58,r/funny,71,2018-05-17 01:33:52,0,0,1,0
8jywcd,2018-05-16 21:56:42,58,r/funny,72,2018-05-17 01:38:37,0,0,1,0
8jywcd,2018-05-16 21:56:42,58,r/funny,73,2018-05-17 02:03:09,0,0,1,0
8jywcd,2018-05-16 21:56:42,58,r/funny,74,2018-05-17 02:03:42,0,0,1,0
8jywcd,2018-05-16 21:56:42,58,r/funny,75,2018-05-17 02:17:45,0,0,1,0
8jywcd,2018-05-16 21:56:42,58,r/funny,76,2018-05-17 02:18:46,0,0,1,0
8jywcd,2018-05-16 21:56:42,58,r/funny,77,2018-05-17 02:26:16,0,0,1,0
8jywcd,2018-05-16 21:56:42,58,r/funny,78,2018-05-17 02:29:29,0,0,1,0
8jywcd,2018-05-16 21:56:42,58,r/funny,79,2018-05-17 02:30:02,0,0,1,0
8jywcd,2018-05-16 21:56:42,58,r/funny,80,2018-05-17 02:32:23,0,0,1,0
8jywcd,2018-05-16 21:56:42,58,r/funny,81,2018-05-17 02:32:50,0,0,1,0
8jywcd,2018-05-16 21:56:42,58,r/funny,82,2018-05-17 02:34:00,0,0,1,0
8jywcd,2018-05-16 21:56:42,58,r/funny,83,2018-05-17 02:40:25,0,1,1,0
8jywcd,2018-05-16 21:56:42,58,r/funny,83,2018-05-17 03:22:03,1,1,1,0
8jywcd,2018-05-16 21:56:42,58,r/funny,83,2018-05-17 03:30:57,2,0,1,0
8jywcd,2018-05-16 21:56:42,58,r/funny,84,2018-05-17 02:42:49,0,0,1,0
8jywcd,2018-05-16 21:56:42,58,r/funny,85,2018-05-17 02:43:30,0,0,1,0
8jywcd,2018-05-16 21:56:42,58,r/funny,86,2018-05-17 02:45:40,0,0,1,0
8jywcd,2018-05-16 21:56:42,58,r/funny,87,2018-05-17 02:51:57,0,0,1,0
8jywcd,2018-05-16 21:56:42,58,r/funny,88,2018-05-17 03:02:14,0,0,1,0
8jywcd,2018-05-16 21:56:42,58,r/funny,89,2018-05-17 03:02:21,0,0,1,0
8jywcd,2018-05-16 21:56:42,58,r/funny,90,2018-05-17 03:05:08,0,0,1,0
8jywcd,2018-05-16 21:56:42,58,r/funny,91,2018-05-17 03:10:24,0,0,1,0
8jywcd,2018-05-16 21:56:42,58,r/funny,92,2018-05-17 03:15:13,0,1,1,0
8jywcd,2018-05-16 21:56:42,58,r/funny,92,2018-05-17 03:36:40,1,0,1,0
8jywcd,2018-05-16 21:56:42,58,r/funny,93,2018-05-17 03:17:19,0,0,1,0
8jywcd,2018-05-16 21:56:42,58,r/funny,94,2018-05-17 03:17:32,0,0,1,0
8jywcd,2018-05-16 21:56:42,58,r/funny,95,2018-05-17 03:18:54,0,0,1,0
8jywcd,2018-05-16 21:56:42,58,r/funny,96,2018-05-17 03:20:00,0,0,1,0
8jywcd,2018-05-16 21:56:42,58,r/funny,97,2018-05-17 03:21:22,0,0,1,0
8jywcd,2018-05-16 21:56:42,58,r/funny,98,2018-05-17 03:22:10,0,0,1,0
8jywcd,2018-05-16 21:56:42,58,r/funny,99,2018-05-17 03:24:27,0,0,1,0
8jywcd,2018-05-16 21:56:42,58,r/funny,100,2018-05-17 03:24:54,0,0,1,0
8jywcd,2018-05-16 21:56:42,58,r/funny,101,2018-05-17 03:28:09,0,0,1,0
8jywcd,2018-05-16 21:56:42,58,r/funny,102,2018-05-17 03:31:48,0,0,1,0
8jywcd,2018-05-16 21:56:42,58,r/funny,103,2018-05-17 03:33:30,0,1,1,0
8jywcd,2018-05-16 21:56:42,58,r/funny,103,2018-05-17 03:43:34,1,0,1,0
8jywcd,2018-05-16 21:56:42,58,r/funny,104,2018-05-17 03:34:40,0,0,1,0
8jywcd,2018-05-16 21:56:42,58,r/funny,105,2018-05-17 03:38:00,0,0,1,0
8jywcd,2018-05-16 21:56:42,58,r/funny,106,2018-05-17 03:40:52,0,0,1,0
8jywcd,2018-05-16 21:56:42,58,r/funny,107,2018-05-17 03:43:24,0,0,1,0
8jywcd,2018-05-16 21:56:42,58,r/funny,108,2018-05-17 03:44:34,0,0,1,0
8jywcd,2018-05-16 21:56:42,58,r/funny,109,2018-05-17 03:46:45,0,0,1,0
8jywcd,2018-05-16 21:56:42,58,r/funny,110,2018-05-17 03:48:53,0,0,1,0
8jywcd,2018-05-16 21:56:42,58,r/funny,111,2018-05-17 03:50:37,0,0,1,0
8jywcd,2018-05-16 21:56:42,58,r/funny,112,2018-05-17 03:54:16,0,0,1,0
8jywcd,2018-05-16 21:56:42,58,r/funny,113,2018-05-17 03:56:39,0,0,1,0
8jywcd,2018-05-16 21:56:42,58,r/funny,114,2018-05-17 03:57:21,0,0,1,0
8jywcd,2018-05-16 21:56:42,58,r/funny,115,2018-05-17 04:00:03,0,0,1,0
8jywcd,2018-05-16 21:56:42,58,r/funny,116,2018-05-17 04:06:40,0,0,1,0
8jywcd,2018-05-16 21:56:42,58,r/funny,117,2018-05-17 04:07:53,0,0,1,0
8jywcd,2018-05-16 21:56:42,58,r/funny,118,2018-05-17 04:09:54,0,0,1,0
8jywcd,2018-05-16 21:56:42,58,r/funny,119,2018-05-17 04:11:34,0,0,1,0
8jywcd,2018-05-16 21:56:42,58,r/funny,120,2018-05-17 04:18:16,0,0,1,0
8jywcd,2018-05-16 21:56:42,58,r/funny,121,2018-05-17 04:20:38,0,0,1,0
8jywcd,2018-05-16 21:56:42,58,r/funny,122,2018-05-17 04:27:49,0,0,1,0
8jywcd,2018-05-16 21:56:42,58,r/funny,123,2018-05-17 04:31:09,0,0,1,0
8jywcd,2018-05-16 21:56:42,58,r/funny,124,2018-05-17 04:37:59,0,0,1,0
8jywcd,2018-05-16 21:56:42,58,r/funny,125,2018-05-17 04:39:26,0,0,1,0
8jywcd,2018-05-16 21:56:42,58,r/funny,126,2018-05-17 04:46:39,0,0,1,0
8jywcd,2018-05-16 21:56:42,58,r/funny,127,2018-05-17 04:47:22,0,0,1,0
8jywcd,2018-05-16 21:56:42,58,r/funny,128,2018-05-17 04:48:54,0,0,1,0
8jywcd,2018-05-16 21:56:42,58,r/funny,129,2018-05-17 04:53:03,0,0,1,0
8jywcd,2018-05-16 21:56:42,58,r/funny,130,2018-05-17 04:54:29,0,0,1,0
8jywcd,2018-05-16 21:56:42,58,r/funny,131,2018-05-17 04:56:50,0,0,1,0
8jywcd,2018-05-16 21:56:42,58,r/funny,132,2018-05-17 04:57:01,0,0,1,0
8jywcd,2018-05-16 21:56:42,58,r/funny,133,2018-05-17 05:00:24,0,0,1,0
8jywcd,2018-05-16 21:56:42,58,r/funny,134,2018-05-17 05:04:02,0,0,1,0
8jywcd,2018-05-16 21:56:42,58,r/funny,135,2018-05-17 05:06:33,0,0,1,0
8jywcd,2018-05-16 21:56:42,58,r/funny,136,2018-05-17 05:08:16,0,0,1,0
8jywcd,2018-05-16 21:56:42,58,r/funny,137,2018-05-17 05:10:28,0,0,1,0
8jywcd,2018-05-16 21:56:42,58,r/funny,138,2018-05-17 05:14:37,0,0,1,0
8jywcd,2018-05-16 21:56:42,58,r/funny,139,2018-05-17 05:17:34,0,0,1,0
8jyzlv,2018-05-16 22:09:28,59,r/CrappyDesign,0,2018-05-16 22:22:48,0,8,1469,0
8jyzlv,2018-05-16 22:09:28,59,r/CrappyDesign,0,2018-05-16 23:05:28,1,4,635,0
8jyzlv,2018-05-16 22:09:28,59,r/CrappyDesign,0,2018-05-17 01:26:23,2,1,258,0
8jyzlv,2018-05-16 22:09:28,59,r/CrappyDesign,0,2018-05-17 03:19:31,3,1,61,0
8jyzlv,2018-05-16 22:09:28,59,r/CrappyDesign,0,2018-05-17 03:38:53,4,5,182,0
8jyzlv,2018-05-16 22:09:28,59,r/CrappyDesign,0,2018-05-17 03:44:29,5,3,93,0
8jyzlv,2018-05-16 22:09:28,59,r/CrappyDesign,0,2018-05-17 03:53:16,6,3,51,0
8jyzlv,2018-05-16 22:09:28,59,r/CrappyDesign,0,2018-05-17 04:03:13,7,1,97,0
8jyzlv,2018-05-16 22:09:28,59,r/CrappyDesign,0,2018-05-17 04:07:32,8,3,39,0
8jyzlv,2018-05-16 22:09:28,59,r/CrappyDesign,0,2018-05-17 04:35:38,9,1,16,0
8jyzlv,2018-05-16 22:09:28,59,r/CrappyDesign,0,2018-05-17 04:59:31,9,0,1,0
8jyzlv,2018-05-16 22:09:28,59,r/CrappyDesign,0,2018-05-17 05:08:23,9,0,1,0
8jyzlv,2018-05-16 22:09:28,59,r/CrappyDesign,0,2018-05-17 03:55:07,7,0,5,0
8jyzlv,2018-05-16 22:09:28,59,r/CrappyDesign,0,2018-05-17 04:01:25,7,0,2,0
8jyzlv,2018-05-16 22:09:28,59,r/CrappyDesign,0,2018-05-17 04:26:19,6,0,5,0
8jyzlv,2018-05-16 22:09:28,59,r/CrappyDesign,0,2018-05-17 04:32:07,6,1,1,0
8jyzlv,2018-05-16 22:09:28,59,r/CrappyDesign,0,2018-05-17 04:57:58,7,2,1,0
8jyzlv,2018-05-16 22:09:28,59,r/CrappyDesign,0,2018-05-17 05:00:30,8,0,1,0
8jyzlv,2018-05-16 22:09:28,59,r/CrappyDesign,0,2018-05-17 05:10:58,8,0,1,0
8jyzlv,2018-05-16 22:09:28,59,r/CrappyDesign,0,2018-05-17 04:00:51,5,1,1,0
8jyzlv,2018-05-16 22:09:28,59,r/CrappyDesign,0,2018-05-17 04:58:16,6,0,1,0
8jyzlv,2018-05-16 22:09:28,59,r/CrappyDesign,0,2018-05-17 04:45:17,5,0,1,0
8jyzlv,2018-05-16 22:09:28,59,r/CrappyDesign,0,2018-05-17 05:12:07,5,0,1,0
8jyzlv,2018-05-16 22:09:28,59,r/CrappyDesign,0,2018-05-17 03:45:11,5,1,0,0
8jyzlv,2018-05-16 22:09:28,59,r/CrappyDesign,0,2018-05-17 03:51:39,6,1,7,0
8jyzlv,2018-05-16 22:09:28,59,r/CrappyDesign,0,2018-05-17 04:03:03,7,1,3,0
8jyzlv,2018-05-16 22:09:28,59,r/CrappyDesign,0,2018-05-17 04:09:42,8,1,3,0
8jyzlv,2018-05-16 22:09:28,59,r/CrappyDesign,0,2018-05-17 04:29:10,9,1,2,0
8jyzlv,2018-05-16 22:09:28,59,r/CrappyDesign,0,2018-05-17 04:26:14,2,0,13,0
8jyzlv,2018-05-16 22:09:28,59,r/CrappyDesign,0,2018-05-17 03:52:44,2,0,6,0
8jyzlv,2018-05-16 22:09:28,59,r/CrappyDesign,0,2018-05-17 05:10:43,2,0,1,0
8jyzlv,2018-05-16 22:09:28,59,r/CrappyDesign,0,2018-05-16 22:59:05,1,1,41,0
8jyzlv,2018-05-16 22:09:28,59,r/CrappyDesign,0,2018-05-17 03:58:09,2,0,4,0
8jyzlv,2018-05-16 22:09:28,59,r/CrappyDesign,0,2018-05-17 04:03:07,1,5,39,0
8jyzlv,2018-05-16 22:09:28,59,r/CrappyDesign,0,2018-05-17 04:26:40,2,1,26,0
8jyzlv,2018-05-16 22:09:28,59,r/CrappyDesign,0,2018-05-17 05:15:48,3,1,1,0
8jyzlv,2018-05-16 22:09:28,59,r/CrappyDesign,0,2018-05-17 05:18:33,4,0,1,0
8jyzlv,2018-05-16 22:09:28,59,r/CrappyDesign,0,2018-05-17 04:14:58,2,1,8,0
8jyzlv,2018-05-16 22:09:28,59,r/CrappyDesign,0,2018-05-17 04:47:25,3,0,7,0
8jyzlv,2018-05-16 22:09:28,59,r/CrappyDesign,0,2018-05-17 05:01:31,2,0,1,0
8jyzlv,2018-05-16 22:09:28,59,r/CrappyDesign,0,2018-05-17 05:15:27,2,0,1,0
8jyzlv,2018-05-16 22:09:28,59,r/CrappyDesign,0,2018-05-17 04:37:44,2,0,1,0
8jyzlv,2018-05-16 22:09:28,59,r/CrappyDesign,0,2018-05-17 04:25:49,1,0,9,0
8jyzlv,2018-05-16 22:09:28,59,r/CrappyDesign,0,2018-05-17 02:53:24,1,0,4,0
8jyzlv,2018-05-16 22:09:28,59,r/CrappyDesign,0,2018-05-17 05:13:24,1,0,1,0
8jyzlv,2018-05-16 22:09:28,59,r/CrappyDesign,0,2018-05-17 05:08:06,1,0,1,0
8jyzlv,2018-05-16 22:09:28,59,r/CrappyDesign,0,2018-05-17 05:19:39,1,0,1,0
8jyzlv,2018-05-16 22:09:28,59,r/CrappyDesign,1,2018-05-16 23:00:25,0,22,1093,0
8jyzlv,2018-05-16 22:09:28,59,r/CrappyDesign,1,2018-05-16 23:10:43,1,4,364,0
8jyzlv,2018-05-16 22:09:28,59,r/CrappyDesign,1,2018-05-16 23:38:11,2,4,86,0
8jyzlv,2018-05-16 22:09:28,59,r/CrappyDesign,1,2018-05-16 23:53:18,3,5,61,0
8jyzlv,2018-05-16 22:09:28,59,r/CrappyDesign,1,2018-05-17 02:52:04,4,3,56,0
8jyzlv,2018-05-16 22:09:28,59,r/CrappyDesign,1,2018-05-17 03:14:25,5,2,23,0
8jyzlv,2018-05-16 22:09:28,59,r/CrappyDesign,1,2018-05-17 03:39:27,6,1,30,0
8jyzlv,2018-05-16 22:09:28,59,r/CrappyDesign,1,2018-05-17 04:38:01,7,0,10,0
8jyzlv,2018-05-16 22:09:28,59,r/CrappyDesign,1,2018-05-17 05:19:28,6,0,1,0
8jyzlv,2018-05-16 22:09:28,59,r/CrappyDesign,1,2018-05-17 05:10:39,5,0,1,0
8jyzlv,2018-05-16 22:09:28,59,r/CrappyDesign,1,2018-05-17 05:18:21,5,0,1,0
8jyzlv,2018-05-16 22:09:28,59,r/CrappyDesign,1,2018-05-17 01:18:39,4,0,18,0
8jyzlv,2018-05-16 22:09:28,59,r/CrappyDesign,1,2018-05-17 04:36:41,4,1,2,0
8jyzlv,2018-05-16 22:09:28,59,r/CrappyDesign,1,2018-05-17 04:57:08,5,1,1,0
8jyzlv,2018-05-16 22:09:28,59,r/CrappyDesign,1,2018-05-17 05:04:36,6,0,1,0
8jyzlv,2018-05-16 22:09:28,59,r/CrappyDesign,1,2018-05-17 04:53:38,4,0,1,0
8jyzlv,2018-05-16 22:09:28,59,r/CrappyDesign,1,2018-05-17 05:02:45,4,0,1,0
8jyzlv,2018-05-16 22:09:28,59,r/CrappyDesign,1,2018-05-17 04:40:00,3,0,3,0
8jyzlv,2018-05-16 22:09:28,59,r/CrappyDesign,1,2018-05-17 04:43:44,3,0,1,0
8jyzlv,2018-05-16 22:09:28,59,r/CrappyDesign,1,2018-05-17 03:02:43,3,2,1,0
8jyzlv,2018-05-16 22:09:28,59,r/CrappyDesign,1,2018-05-17 04:46:06,4,0,8,0
8jyzlv,2018-05-16 22:09:28,59,r/CrappyDesign,1,2018-05-17 03:39:40,4,1,7,0
8jyzlv,2018-05-16 22:09:28,59,r/CrappyDesign,1,2018-05-17 04:44:12,5,1,2,0
8jyzlv,2018-05-16 22:09:28,59,r/CrappyDesign,1,2018-05-17 04:50:02,6,1,5,0
8jyzlv,2018-05-16 22:09:28,59,r/CrappyDesign,1,2018-05-17 05:00:53,7,0,1,0
8jyzlv,2018-05-16 22:09:28,59,r/CrappyDesign,1,2018-05-17 03:08:42,2,1,13,0
8jyzlv,2018-05-16 22:09:28,59,r/CrappyDesign,1,2018-05-17 04:16:35,3,3,37,0
8jyzlv,2018-05-16 22:09:28,59,r/CrappyDesign,1,2018-05-17 04:22:15,4,0,18,0
8jyzlv,2018-05-16 22:09:28,59,r/CrappyDesign,1,2018-05-17 04:41:19,4,1,7,0
8jyzlv,2018-05-16 22:09:28,59,r/CrappyDesign,1,2018-05-17 05:01:32,5,0,1,0
8jyzlv,2018-05-16 22:09:28,59,r/CrappyDesign,1,2018-05-17 04:42:57,4,2,3,0
8jyzlv,2018-05-16 22:09:28,59,r/CrappyDesign,1,2018-05-17 05:00:59,5,0,1,0
8jyzlv,2018-05-16 22:09:28,59,r/CrappyDesign,1,2018-05-17 05:16:57,5,0,1,0
8jyzlv,2018-05-16 22:09:28,59,r/CrappyDesign,1,2018-05-17 02:10:30,2,1,3,0
8jyzlv,2018-05-16 22:09:28,59,r/CrappyDesign,1,2018-05-17 04:46:58,3,1,5,0
8jyzlv,2018-05-16 22:09:28,59,r/CrappyDesign,1,2018-05-17 05:19:40,4,0,1,0
8jyzlv,2018-05-16 22:09:28,59,r/CrappyDesign,1,2018-05-17 05:00:21,2,0,1,0
8jyzlv,2018-05-16 22:09:28,59,r/CrappyDesign,1,2018-05-17 03:45:41,1,2,200,0
8jyzlv,2018-05-16 22:09:28,59,r/CrappyDesign,1,2018-05-17 04:24:45,2,0,15,0
8jyzlv,2018-05-16 22:09:28,59,r/CrappyDesign,1,2018-05-17 04:52:25,2,0,1,0
8jyzlv,2018-05-16 22:09:28,59,r/CrappyDesign,1,2018-05-17 00:18:18,1,1,51,0
8jyzlv,2018-05-16 22:09:28,59,r/CrappyDesign,1,2018-05-17 05:14:40,2,0,1,0
8jyzlv,2018-05-16 22:09:28,59,r/CrappyDesign,1,2018-05-17 00:12:33,1,0,14,0
8jyzlv,2018-05-16 22:09:28,59,r/CrappyDesign,1,2018-05-17 01:04:16,1,1,47,0
8jyzlv,2018-05-16 22:09:28,59,r/CrappyDesign,1,2018-05-17 01:56:43,2,1,22,0
8jyzlv,2018-05-16 22:09:28,59,r/CrappyDesign,1,2018-05-17 02:31:21,3,1,15,0
8jyzlv,2018-05-16 22:09:28,59,r/CrappyDesign,1,2018-05-17 04:00:12,4,0,6,0
8jyzlv,2018-05-16 22:09:28,59,r/CrappyDesign,1,2018-05-17 04:24:11,1,0,4,0
8jyzlv,2018-05-16 22:09:28,59,r/CrappyDesign,1,2018-05-17 04:27:33,1,1,4,0
8jyzlv,2018-05-16 22:09:28,59,r/CrappyDesign,1,2018-05-17 04:47:50,2,1,5,0
8jyzlv,2018-05-16 22:09:28,59,r/CrappyDesign,1,2018-05-17 04:57:25,3,0,1,0
8jyzlv,2018-05-16 22:09:28,59,r/CrappyDesign,1,2018-05-17 04:47:43,1,0,2,0
8jyzlv,2018-05-16 22:09:28,59,r/CrappyDesign,1,2018-05-17 01:58:42,1,0,3,0
8jyzlv,2018-05-16 22:09:28,59,r/CrappyDesign,1,2018-05-17 02:50:19,1,0,1,0
8jyzlv,2018-05-16 22:09:28,59,r/CrappyDesign,1,2018-05-17 04:32:01,1,0,1,0
8jyzlv,2018-05-16 22:09:28,59,r/CrappyDesign,1,2018-05-17 04:40:58,1,0,1,0
8jyzlv,2018-05-16 22:09:28,59,r/CrappyDesign,1,2018-05-17 04:41:45,1,0,1,0
8jyzlv,2018-05-16 22:09:28,59,r/CrappyDesign,1,2018-05-17 04:46:14,1,0,1,0
8jyzlv,2018-05-16 22:09:28,59,r/CrappyDesign,1,2018-05-17 04:57:14,1,0,1,0
8jyzlv,2018-05-16 22:09:28,59,r/CrappyDesign,1,2018-05-17 04:57:27,1,0,1,0
8jyzlv,2018-05-16 22:09:28,59,r/CrappyDesign,1,2018-05-17 05:02:42,1,0,1,0
8jyzlv,2018-05-16 22:09:28,59,r/CrappyDesign,1,2018-05-17 05:05:22,1,0,1,0
8jyzlv,2018-05-16 22:09:28,59,r/CrappyDesign,1,2018-05-17 05:06:13,1,0,1,0
8jyzlv,2018-05-16 22:09:28,59,r/CrappyDesign,1,2018-05-17 05:07:48,1,0,1,0
8jyzlv,2018-05-16 22:09:28,59,r/CrappyDesign,1,2018-05-17 05:12:38,1,0,1,0
8jyzlv,2018-05-16 22:09:28,59,r/CrappyDesign,1,2018-05-17 05:00:05,1,0,1,0
8jyzlv,2018-05-16 22:09:28,59,r/CrappyDesign,2,2018-05-16 23:02:18,0,12,422,0
8jyzlv,2018-05-16 22:09:28,59,r/CrappyDesign,2,2018-05-17 01:14:04,1,1,215,0
8jyzlv,2018-05-16 22:09:28,59,r/CrappyDesign,2,2018-05-17 04:28:42,2,2,13,0
8jyzlv,2018-05-16 22:09:28,59,r/CrappyDesign,2,2018-05-17 05:11:16,3,0,1,0
8jyzlv,2018-05-16 22:09:28,59,r/CrappyDesign,2,2018-05-17 05:17:19,3,0,1,0
8jyzlv,2018-05-16 22:09:28,59,r/CrappyDesign,2,2018-05-17 03:04:11,1,1,59,0
8jyzlv,2018-05-16 22:09:28,59,r/CrappyDesign,2,2018-05-17 04:49:38,2,1,27,0
8jyzlv,2018-05-16 22:09:28,59,r/CrappyDesign,2,2018-05-17 05:06:11,3,1,1,0
8jyzlv,2018-05-16 22:09:28,59,r/CrappyDesign,2,2018-05-17 05:10:38,4,0,1,0
8jyzlv,2018-05-16 22:09:28,59,r/CrappyDesign,2,2018-05-17 02:13:43,1,0,16,0
8jyzlv,2018-05-16 22:09:28,59,r/CrappyDesign,2,2018-05-17 02:20:49,1,2,42,0
8jyzlv,2018-05-16 22:09:28,59,r/CrappyDesign,2,2018-05-17 03:47:09,2,0,10,0
8jyzlv,2018-05-16 22:09:28,59,r/CrappyDesign,2,2018-05-17 03:27:34,2,1,5,0
8jyzlv,2018-05-16 22:09:28,59,r/CrappyDesign,2,2018-05-17 04:29:08,3,1,4,0
8jyzlv,2018-05-16 22:09:28,59,r/CrappyDesign,2,2018-05-17 04:35:29,4,1,2,0
8jyzlv,2018-05-16 22:09:28,59,r/CrappyDesign,2,2018-05-17 04:52:27,5,0,1,0
8jyzlv,2018-05-16 22:09:28,59,r/CrappyDesign,2,2018-05-17 02:50:24,1,2,16,0
8jyzlv,2018-05-16 22:09:28,59,r/CrappyDesign,2,2018-05-17 03:52:20,2,1,3,0
8jyzlv,2018-05-16 22:09:28,59,r/CrappyDesign,2,2018-05-17 04:43:58,3,1,2,0
8jyzlv,2018-05-16 22:09:28,59,r/CrappyDesign,2,2018-05-17 05:19:59,4,0,1,0
8jyzlv,2018-05-16 22:09:28,59,r/CrappyDesign,2,2018-05-17 04:54:05,2,0,1,0
8jyzlv,2018-05-16 22:09:28,59,r/CrappyDesign,2,2018-05-17 04:33:13,1,0,7,0
8jyzlv,2018-05-16 22:09:28,59,r/CrappyDesign,2,2018-05-17 04:28:23,1,0,4,0
8jyzlv,2018-05-16 22:09:28,59,r/CrappyDesign,2,2018-05-17 03:03:01,1,1,4,0
8jyzlv,2018-05-16 22:09:28,59,r/CrappyDesign,2,2018-05-17 04:31:09,2,0,2,0
8jyzlv,2018-05-16 22:09:28,59,r/CrappyDesign,2,2018-05-17 04:41:50,1,0,2,0
8jyzlv,2018-05-16 22:09:28,59,r/CrappyDesign,2,2018-05-17 04:17:18,1,0,1,0
8jyzlv,2018-05-16 22:09:28,59,r/CrappyDesign,2,2018-05-17 05:02:12,1,0,1,0
8jyzlv,2018-05-16 22:09:28,59,r/CrappyDesign,2,2018-05-17 05:16:18,1,0,1,0
8jyzlv,2018-05-16 22:09:28,59,r/CrappyDesign,3,2018-05-16 22:59:57,0,2,162,0
8jyzlv,2018-05-16 22:09:28,59,r/CrappyDesign,3,2018-05-17 04:49:05,1,1,10,0
8jyzlv,2018-05-16 22:09:28,59,r/CrappyDesign,3,2018-05-17 05:04:24,2,0,1,0
8jyzlv,2018-05-16 22:09:28,59,r/CrappyDesign,3,2018-05-17 05:04:07,1,0,1,0
8jyzlv,2018-05-16 22:09:28,59,r/CrappyDesign,4,2018-05-17 01:53:43,0,1,43,0
8jyzlv,2018-05-16 22:09:28,59,r/CrappyDesign,4,2018-05-17 05:21:05,1,0,1,0
8jyzlv,2018-05-16 22:09:28,59,r/CrappyDesign,5,2018-05-16 22:16:39,0,1,250,0
8jyzlv,2018-05-16 22:09:28,59,r/CrappyDesign,5,2018-05-16 22:34:52,1,4,307,0
8jyzlv,2018-05-16 22:09:28,59,r/CrappyDesign,5,2018-05-16 22:43:51,2,1,243,0
8jyzlv,2018-05-16 22:09:28,59,r/CrappyDesign,5,2018-05-16 22:50:07,3,1,113,0
8jyzlv,2018-05-16 22:09:28,59,r/CrappyDesign,5,2018-05-16 22:57:03,4,1,65,0
8jyzlv,2018-05-16 22:09:28,59,r/CrappyDesign,5,2018-05-17 02:16:20,5,1,30,0
8jyzlv,2018-05-16 22:09:28,59,r/CrappyDesign,5,2018-05-17 05:06:13,6,0,1,0
8jyzlv,2018-05-16 22:09:28,59,r/CrappyDesign,5,2018-05-17 04:41:39,2,1,6,0
8jyzlv,2018-05-16 22:09:28,59,r/CrappyDesign,5,2018-05-17 05:03:18,3,0,1,0
8jyzlv,2018-05-16 22:09:28,59,r/CrappyDesign,5,2018-05-17 05:08:58,2,0,1,0
8jyzlv,2018-05-16 22:09:28,59,r/CrappyDesign,5,2018-05-17 04:28:52,2,0,3,0
8jyzlv,2018-05-16 22:09:28,59,r/CrappyDesign,6,2018-05-16 22:49:41,0,2,102,0
8jyzlv,2018-05-16 22:09:28,59,r/CrappyDesign,6,2018-05-17 04:53:53,1,1,1,0
8jyzlv,2018-05-16 22:09:28,59,r/CrappyDesign,6,2018-05-17 05:12:07,2,0,1,0
8jyzlv,2018-05-16 22:09:28,59,r/CrappyDesign,6,2018-05-17 05:20:54,1,0,1,0
8jyzlv,2018-05-16 22:09:28,59,r/CrappyDesign,7,2018-05-16 23:33:15,0,8,518,0
8jyzlv,2018-05-16 22:09:28,59,r/CrappyDesign,7,2018-05-17 00:17:55,1,1,157,0
8jyzlv,2018-05-16 22:09:28,59,r/CrappyDesign,7,2018-05-17 01:25:05,2,0,40,0
8jyzlv,2018-05-16 22:09:28,59,r/CrappyDesign,7,2018-05-17 03:19:08,1,1,67,0
8jyzlv,2018-05-16 22:09:28,59,r/CrappyDesign,7,2018-05-17 04:56:43,2,1,1,0
8jyzlv,2018-05-16 22:09:28,59,r/CrappyDesign,7,2018-05-17 05:09:35,3,0,1,0
8jyzlv,2018-05-16 22:09:28,59,r/CrappyDesign,7,2018-05-17 02:34:01,1,5,92,0
8jyzlv,2018-05-16 22:09:28,59,r/CrappyDesign,7,2018-05-17 02:52:09,2,0,41,0
8jyzlv,2018-05-16 22:09:28,59,r/CrappyDesign,7,2018-05-17 04:00:54,2,0,24,0
8jyzlv,2018-05-16 22:09:28,59,r/CrappyDesign,7,2018-05-17 04:07:09,2,1,12,0
8jyzlv,2018-05-16 22:09:28,59,r/CrappyDesign,7,2018-05-17 04:55:54,3,0,1,0
8jyzlv,2018-05-16 22:09:28,59,r/CrappyDesign,7,2018-05-17 04:46:31,2,1,3,0
8jyzlv,2018-05-16 22:09:28,59,r/CrappyDesign,7,2018-05-17 05:06:30,3,0,1,0
8jyzlv,2018-05-16 22:09:28,59,r/CrappyDesign,7,2018-05-17 04:58:19,2,0,1,0
8jyzlv,2018-05-16 22:09:28,59,r/CrappyDesign,7,2018-05-17 03:34:29,1,1,7,0
8jyzlv,2018-05-16 22:09:28,59,r/CrappyDesign,7,2018-05-17 04:37:56,2,1,6,0
8jyzlv,2018-05-16 22:09:28,59,r/CrappyDesign,7,2018-05-17 04:44:37,3,1,8,0
8jyzlv,2018-05-16 22:09:28,59,r/CrappyDesign,7,2018-05-17 04:53:35,4,0,1,0
8jyzlv,2018-05-16 22:09:28,59,r/CrappyDesign,7,2018-05-17 03:37:14,1,1,6,0
8jyzlv,2018-05-16 22:09:28,59,r/CrappyDesign,7,2018-05-17 04:34:29,2,0,7,0
8jyzlv,2018-05-16 22:09:28,59,r/CrappyDesign,7,2018-05-17 04:23:59,1,0,2,0
8jyzlv,2018-05-16 22:09:28,59,r/CrappyDesign,7,2018-05-17 05:16:59,1,0,1,0
8jyzlv,2018-05-16 22:09:28,59,r/CrappyDesign,7,2018-05-17 05:18:00,1,0,1,0
8jyzlv,2018-05-16 22:09:28,59,r/CrappyDesign,8,2018-05-16 22:14:17,0,3,37,0
8jyzlv,2018-05-16 22:09:28,59,r/CrappyDesign,8,2018-05-17 00:17:01,1,1,45,0
8jyzlv,2018-05-16 22:09:28,59,r/CrappyDesign,8,2018-05-17 04:01:47,2,0,5,0
8jyzlv,2018-05-16 22:09:28,59,r/CrappyDesign,8,2018-05-16 23:33:31,1,1,11,0
8jyzlv,2018-05-16 22:09:28,59,r/CrappyDesign,8,2018-05-17 02:14:40,2,2,9,0
8jyzlv,2018-05-16 22:09:28,59,r/CrappyDesign,8,2018-05-17 02:23:51,3,3,14,0
8jyzlv,2018-05-16 22:09:28,59,r/CrappyDesign,8,2018-05-17 02:31:01,4,3,7,0
8jyzlv,2018-05-16 22:09:28,59,r/CrappyDesign,8,2018-05-17 02:31:36,5,0,5,0
8jyzlv,2018-05-16 22:09:28,59,r/CrappyDesign,8,2018-05-17 03:23:39,5,0,3,0
8jyzlv,2018-05-16 22:09:28,59,r/CrappyDesign,8,2018-05-17 05:20:17,5,0,1,0
8jyzlv,2018-05-16 22:09:28,59,r/CrappyDesign,8,2018-05-17 03:29:32,4,1,3,0
8jyzlv,2018-05-16 22:09:28,59,r/CrappyDesign,8,2018-05-17 04:02:58,5,0,3,0
8jyzlv,2018-05-16 22:09:28,59,r/CrappyDesign,8,2018-05-17 03:36:27,4,0,2,0
8jyzlv,2018-05-16 22:09:28,59,r/CrappyDesign,8,2018-05-17 04:25:43,3,0,3,0
8jyzlv,2018-05-16 22:09:28,59,r/CrappyDesign,8,2018-05-16 23:09:05,1,0,13,0
8jyzlv,2018-05-16 22:09:28,59,r/CrappyDesign,9,2018-05-16 23:14:40,0,0,13,0
8jyzlv,2018-05-16 22:09:28,59,r/CrappyDesign,10,2018-05-16 22:15:03,0,0,25,0
8jyzlv,2018-05-16 22:09:28,59,r/CrappyDesign,11,2018-05-16 22:36:11,0,1,11,0
8jyzlv,2018-05-16 22:09:28,59,r/CrappyDesign,11,2018-05-17 05:18:39,1,0,1,0
8jyzlv,2018-05-16 22:09:28,59,r/CrappyDesign,12,2018-05-17 00:26:38,0,2,6,0
8jyzlv,2018-05-16 22:09:28,59,r/CrappyDesign,12,2018-05-17 02:56:56,1,1,2,0
8jyzlv,2018-05-16 22:09:28,59,r/CrappyDesign,12,2018-05-17 03:07:16,2,0,6,0
8jyzlv,2018-05-16 22:09:28,59,r/CrappyDesign,12,2018-05-17 04:49:16,1,0,1,0
8jyzlv,2018-05-16 22:09:28,59,r/CrappyDesign,13,2018-05-17 03:36:22,0,1,11,0
8jyzlv,2018-05-16 22:09:28,59,r/CrappyDesign,13,2018-05-17 04:26:20,1,0,-1,0
8jyzlv,2018-05-16 22:09:28,59,r/CrappyDesign,14,2018-05-17 00:28:51,0,1,4,0
8jyzlv,2018-05-16 22:09:28,59,r/CrappyDesign,14,2018-05-17 02:12:57,1,0,4,0
8jyzlv,2018-05-16 22:09:28,59,r/CrappyDesign,15,2018-05-16 22:34:06,0,2,4,0
8jyzlv,2018-05-16 22:09:28,59,r/CrappyDesign,15,2018-05-17 03:49:56,1,1,4,0
8jyzlv,2018-05-16 22:09:28,59,r/CrappyDesign,15,2018-05-17 04:57:42,2,1,1,0
8jyzlv,2018-05-16 22:09:28,59,r/CrappyDesign,15,2018-05-17 04:58:21,3,0,1,0
8jyzlv,2018-05-16 22:09:28,59,r/CrappyDesign,15,2018-05-17 01:35:32,1,0,2,0
8jyzlv,2018-05-16 22:09:28,59,r/CrappyDesign,16,2018-05-17 01:35:53,0,0,5,0
8jyzlv,2018-05-16 22:09:28,59,r/CrappyDesign,17,2018-05-17 03:57:27,0,0,3,0
8jyzlv,2018-05-16 22:09:28,59,r/CrappyDesign,18,2018-05-16 22:45:05,0,0,2,0
8jyzlv,2018-05-16 22:09:28,59,r/CrappyDesign,19,2018-05-16 23:07:33,0,0,2,0
8jyzlv,2018-05-16 22:09:28,59,r/CrappyDesign,20,2018-05-17 01:08:30,0,0,2,0
8jyzlv,2018-05-16 22:09:28,59,r/CrappyDesign,21,2018-05-17 03:32:01,0,0,2,0
8jyzlv,2018-05-16 22:09:28,59,r/CrappyDesign,22,2018-05-17 04:50:45,0,0,1,0
8jyzlv,2018-05-16 22:09:28,59,r/CrappyDesign,23,2018-05-17 05:12:52,0,1,1,0
8jyzlv,2018-05-16 22:09:28,59,r/CrappyDesign,23,2018-05-17 05:14:05,1,0,1,0
8jyzlv,2018-05-16 22:09:28,59,r/CrappyDesign,24,2018-05-17 05:18:42,0,0,1,0
8jyzlv,2018-05-16 22:09:28,59,r/CrappyDesign,25,2018-05-17 01:28:28,0,0,4,0
8jyzlv,2018-05-16 22:09:28,59,r/CrappyDesign,26,2018-05-16 22:53:45,0,0,2,0
8jyzlv,2018-05-16 22:09:28,59,r/CrappyDesign,27,2018-05-16 22:37:14,0,1,1,0
8jyzlv,2018-05-16 22:09:28,59,r/CrappyDesign,27,2018-05-16 22:51:38,1,2,35,0
8jyzlv,2018-05-16 22:09:28,59,r/CrappyDesign,27,2018-05-16 23:09:32,2,0,7,0
8jyzlv,2018-05-16 22:09:28,59,r/CrappyDesign,27,2018-05-16 23:14:21,2,0,1,0
8jyzlv,2018-05-16 22:09:28,59,r/CrappyDesign,28,2018-05-16 22:48:59,0,0,1,0
8jyzlv,2018-05-16 22:09:28,59,r/CrappyDesign,29,2018-05-16 23:05:16,0,0,1,0
8jyzlv,2018-05-16 22:09:28,59,r/CrappyDesign,30,2018-05-17 00:47:22,0,0,1,0
8jyzlv,2018-05-16 22:09:28,59,r/CrappyDesign,31,2018-05-17 01:36:02,0,0,1,0
8jyzlv,2018-05-16 22:09:28,59,r/CrappyDesign,32,2018-05-17 01:50:36,0,0,1,0
8jyzlv,2018-05-16 22:09:28,59,r/CrappyDesign,33,2018-05-17 02:09:00,0,0,1,0
8jyzlv,2018-05-16 22:09:28,59,r/CrappyDesign,34,2018-05-17 02:18:05,0,0,1,0
8jyzlv,2018-05-16 22:09:28,59,r/CrappyDesign,35,2018-05-17 02:25:52,0,0,1,0
8jyzlv,2018-05-16 22:09:28,59,r/CrappyDesign,36,2018-05-17 02:40:16,0,0,1,0
8jyzlv,2018-05-16 22:09:28,59,r/CrappyDesign,37,2018-05-17 02:43:33,0,0,1,0
8jyzlv,2018-05-16 22:09:28,59,r/CrappyDesign,38,2018-05-17 02:45:37,0,0,1,0
8jyzlv,2018-05-16 22:09:28,59,r/CrappyDesign,39,2018-05-17 02:50:45,0,2,1,0
8jyzlv,2018-05-16 22:09:28,59,r/CrappyDesign,39,2018-05-17 04:45:37,1,0,1,0
8jyzlv,2018-05-16 22:09:28,59,r/CrappyDesign,39,2018-05-17 05:11:05,1,0,1,0
8jyzlv,2018-05-16 22:09:28,59,r/CrappyDesign,40,2018-05-17 03:01:48,0,0,1,0
8jyzlv,2018-05-16 22:09:28,59,r/CrappyDesign,41,2018-05-17 03:10:32,0,0,1,0
8jyzlv,2018-05-16 22:09:28,59,r/CrappyDesign,42,2018-05-17 03:13:42,0,0,1,0
8jyzlv,2018-05-16 22:09:28,59,r/CrappyDesign,43,2018-05-17 03:43:56,0,0,1,0
8jyzlv,2018-05-16 22:09:28,59,r/CrappyDesign,44,2018-05-17 03:47:17,0,0,1,0
8jyzlv,2018-05-16 22:09:28,59,r/CrappyDesign,45,2018-05-17 03:54:57,0,0,1,0
8jyzlv,2018-05-16 22:09:28,59,r/CrappyDesign,46,2018-05-17 03:59:25,0,0,1,0
8jyzlv,2018-05-16 22:09:28,59,r/CrappyDesign,47,2018-05-17 04:12:11,0,0,1,0
8jyzlv,2018-05-16 22:09:28,59,r/CrappyDesign,48,2018-05-17 04:15:03,0,0,1,0
8jyzlv,2018-05-16 22:09:28,59,r/CrappyDesign,49,2018-05-17 04:20:44,0,0,1,0
8jyzlv,2018-05-16 22:09:28,59,r/CrappyDesign,50,2018-05-17 04:21:53,0,0,1,0
8jyzlv,2018-05-16 22:09:28,59,r/CrappyDesign,51,2018-05-17 04:26:57,0,1,1,0
8jyzlv,2018-05-16 22:09:28,59,r/CrappyDesign,51,2018-05-17 04:43:28,1,1,2,0
8jyzlv,2018-05-16 22:09:28,59,r/CrappyDesign,51,2018-05-17 04:46:03,2,0,1,0
8jyzlv,2018-05-16 22:09:28,59,r/CrappyDesign,52,2018-05-17 04:29:14,0,0,1,0
8jyzlv,2018-05-16 22:09:28,59,r/CrappyDesign,53,2018-05-17 04:40:28,0,1,1,0
8jyzlv,2018-05-16 22:09:28,59,r/CrappyDesign,53,2018-05-17 05:16:52,1,0,1,0
8jyzlv,2018-05-16 22:09:28,59,r/CrappyDesign,54,2018-05-17 04:43:55,0,0,1,0
8jyzlv,2018-05-16 22:09:28,59,r/CrappyDesign,55,2018-05-17 04:46:03,0,0,1,0
8jyzlv,2018-05-16 22:09:28,59,r/CrappyDesign,56,2018-05-17 04:55:55,0,0,1,0
8jyzlv,2018-05-16 22:09:28,59,r/CrappyDesign,57,2018-05-17 04:58:29,0,0,1,0
8jyzlv,2018-05-16 22:09:28,59,r/CrappyDesign,58,2018-05-17 05:05:52,0,0,1,0
8jyzlv,2018-05-16 22:09:28,59,r/CrappyDesign,59,2018-05-17 05:06:37,0,0,1,0
8jyzlv,2018-05-16 22:09:28,59,r/CrappyDesign,60,2018-05-17 05:07:18,0,0,1,0
8jyzlv,2018-05-16 22:09:28,59,r/CrappyDesign,61,2018-05-17 05:11:32,0,0,1,0
8jyzlv,2018-05-16 22:09:28,59,r/CrappyDesign,62,2018-05-17 05:11:56,0,0,1,0
8jyzlv,2018-05-16 22:09:28,59,r/CrappyDesign,63,2018-05-17 05:19:41,0,0,1,0
8jyzlv,2018-05-16 22:09:28,59,r/CrappyDesign,64,2018-05-17 05:21:05,0,0,1,0
8jyzlv,2018-05-16 22:09:28,59,r/CrappyDesign,65,2018-05-16 23:00:18,0,0,1,0
8jyzlv,2018-05-16 22:09:28,59,r/CrappyDesign,66,2018-05-17 04:23:48,0,0,0,0
8jyzlv,2018-05-16 22:09:28,59,r/CrappyDesign,67,2018-05-16 22:50:40,0,2,-11,0
8jyzlv,2018-05-16 22:09:28,59,r/CrappyDesign,67,2018-05-16 23:32:18,1,1,26,0
8jyzlv,2018-05-16 22:09:28,59,r/CrappyDesign,67,2018-05-16 23:50:10,2,3,16,0
8jyzlv,2018-05-16 22:09:28,59,r/CrappyDesign,67,2018-05-17 00:05:28,3,0,3,0
8jyzlv,2018-05-16 22:09:28,59,r/CrappyDesign,67,2018-05-17 00:08:39,3,0,2,0
8jyzlv,2018-05-16 22:09:28,59,r/CrappyDesign,67,2018-05-17 02:35:37,3,1,1,0
8jyzlv,2018-05-16 22:09:28,59,r/CrappyDesign,67,2018-05-17 02:44:55,4,0,1,0
8jyzlv,2018-05-16 22:09:28,59,r/CrappyDesign,67,2018-05-17 01:10:16,1,0,3,0
8jyzlv,2018-05-16 22:09:28,59,r/CrappyDesign,68,2018-05-17 04:20:39,0,0,-1,0
8jyzlv,2018-05-16 22:09:28,59,r/CrappyDesign,69,2018-05-17 04:42:33,0,0,0,0
8jyzlv,2018-05-16 22:09:28,59,r/CrappyDesign,70,2018-05-17 04:57:33,0,0,1,0
8jyrid,2018-05-16 21:38:21,60,r/forbiddensnacks,0,2018-05-16 22:25:16,0,2,199,0
8jyrid,2018-05-16 21:38:21,60,r/forbiddensnacks,0,2018-05-16 22:52:59,1,1,216,0
8jyrid,2018-05-16 21:38:21,60,r/forbiddensnacks,0,2018-05-17 00:57:12,2,1,37,0
8jyrid,2018-05-16 21:38:21,60,r/forbiddensnacks,0,2018-05-17 03:36:21,3,0,11,0
8jyrid,2018-05-16 21:38:21,60,r/forbiddensnacks,0,2018-05-16 22:39:21,1,1,24,0
8jyrid,2018-05-16 21:38:21,60,r/forbiddensnacks,0,2018-05-16 22:43:35,2,1,13,0
8jyrid,2018-05-16 21:38:21,60,r/forbiddensnacks,0,2018-05-17 03:58:00,3,0,7,0
8jyrid,2018-05-16 21:38:21,60,r/forbiddensnacks,1,2018-05-17 00:49:09,0,2,58,0
8jyrid,2018-05-16 21:38:21,60,r/forbiddensnacks,1,2018-05-17 00:52:03,1,0,20,0
8jyrid,2018-05-16 21:38:21,60,r/forbiddensnacks,1,2018-05-17 04:36:29,1,0,1,0
8jyrid,2018-05-16 21:38:21,60,r/forbiddensnacks,2,2018-05-16 22:52:53,0,2,33,0
8jyrid,2018-05-16 21:38:21,60,r/forbiddensnacks,2,2018-05-17 01:27:23,1,0,23,0
8jyrid,2018-05-16 21:38:21,60,r/forbiddensnacks,2,2018-05-17 03:55:55,1,0,1,0
8jyrid,2018-05-16 21:38:21,60,r/forbiddensnacks,3,2018-05-16 21:41:42,0,0,22,0
8jyrid,2018-05-16 21:38:21,60,r/forbiddensnacks,4,2018-05-16 22:44:30,0,0,10,0
8jyrid,2018-05-16 21:38:21,60,r/forbiddensnacks,5,2018-05-17 01:36:50,0,0,7,0
8jyrid,2018-05-16 21:38:21,60,r/forbiddensnacks,6,2018-05-17 00:50:14,0,0,2,0
8jyrid,2018-05-16 21:38:21,60,r/forbiddensnacks,7,2018-05-17 00:53:35,0,0,3,0
8jyrid,2018-05-16 21:38:21,60,r/forbiddensnacks,8,2018-05-16 22:43:13,0,1,2,0
8jyrid,2018-05-16 21:38:21,60,r/forbiddensnacks,8,2018-05-16 22:57:30,1,0,10,0
8jyrid,2018-05-16 21:38:21,60,r/forbiddensnacks,9,2018-05-17 01:55:37,0,0,2,0
8jyrid,2018-05-16 21:38:21,60,r/forbiddensnacks,10,2018-05-17 01:24:20,0,0,1,0
8jyrid,2018-05-16 21:38:21,60,r/forbiddensnacks,11,2018-05-17 02:09:42,0,0,1,0
8jyrid,2018-05-16 21:38:21,60,r/forbiddensnacks,12,2018-05-17 02:24:25,0,0,1,0
8jyrid,2018-05-16 21:38:21,60,r/forbiddensnacks,13,2018-05-17 02:36:20,0,0,1,0
8jyrid,2018-05-16 21:38:21,60,r/forbiddensnacks,14,2018-05-17 03:10:42,0,0,1,0
8jyrid,2018-05-16 21:38:21,60,r/forbiddensnacks,15,2018-05-17 03:47:32,0,0,1,0
8jyrid,2018-05-16 21:38:21,60,r/forbiddensnacks,16,2018-05-17 03:54:22,0,0,1,0
8jyrid,2018-05-16 21:38:21,60,r/forbiddensnacks,17,2018-05-17 04:00:01,0,0,1,0
8jyrid,2018-05-16 21:38:21,60,r/forbiddensnacks,18,2018-05-17 04:11:55,0,0,1,0
8jyrid,2018-05-16 21:38:21,60,r/forbiddensnacks,19,2018-05-17 04:32:19,0,0,1,0
8jyrid,2018-05-16 21:38:21,60,r/forbiddensnacks,20,2018-05-17 04:58:14,0,0,1,0
8jyrid,2018-05-16 21:38:21,60,r/forbiddensnacks,21,2018-05-17 05:09:22,0,0,1,0
8jyrid,2018-05-16 21:38:21,60,r/forbiddensnacks,22,2018-05-17 02:17:51,0,2,-2,0
8jyrid,2018-05-16 21:38:21,60,r/forbiddensnacks,22,2018-05-17 03:05:42,1,0,5,0
8jyrid,2018-05-16 21:38:21,60,r/forbiddensnacks,22,2018-05-17 02:23:11,1,0,2,0
8jxkcj,2018-05-16 19:06:06,61,r/AnimalsBeingBros,0,2018-05-16 19:35:15,0,8,1054,0
8jxkcj,2018-05-16 19:06:06,61,r/AnimalsBeingBros,0,2018-05-17 00:18:57,1,1,132,0
8jxkcj,2018-05-16 19:06:06,61,r/AnimalsBeingBros,0,2018-05-17 03:38:05,2,3,110,0
8jxkcj,2018-05-16 19:06:06,61,r/AnimalsBeingBros,0,2018-05-17 03:49:01,3,2,82,0
8jxkcj,2018-05-16 19:06:06,61,r/AnimalsBeingBros,0,2018-05-17 03:50:52,4,0,52,0
8jxkcj,2018-05-16 19:06:06,61,r/AnimalsBeingBros,0,2018-05-17 05:19:19,4,0,1,0
8jxkcj,2018-05-16 19:06:06,61,r/AnimalsBeingBros,0,2018-05-17 05:02:47,3,1,4,0
8jxkcj,2018-05-16 19:06:06,61,r/AnimalsBeingBros,0,2018-05-17 05:19:07,4,0,0,0
8jxkcj,2018-05-16 19:06:06,61,r/AnimalsBeingBros,0,2018-05-17 03:51:59,3,1,4,0
8jxkcj,2018-05-16 19:06:06,61,r/AnimalsBeingBros,0,2018-05-17 04:20:15,4,1,-2,0
8jxkcj,2018-05-16 19:06:06,61,r/AnimalsBeingBros,0,2018-05-17 05:03:10,5,0,2,0
8jxkcj,2018-05-16 19:06:06,61,r/AnimalsBeingBros,0,2018-05-17 04:14:13,1,0,15,0
8jxkcj,2018-05-16 19:06:06,61,r/AnimalsBeingBros,0,2018-05-17 01:38:41,1,1,34,0
8jxkcj,2018-05-16 19:06:06,61,r/AnimalsBeingBros,0,2018-05-17 02:45:13,2,0,31,0
8jxkcj,2018-05-16 19:06:06,61,r/AnimalsBeingBros,0,2018-05-17 03:44:11,1,0,2,0
8jxkcj,2018-05-16 19:06:06,61,r/AnimalsBeingBros,0,2018-05-17 04:52:08,1,0,2,0
8jxkcj,2018-05-16 19:06:06,61,r/AnimalsBeingBros,0,2018-05-17 04:01:46,1,1,1,0
8jxkcj,2018-05-16 19:06:06,61,r/AnimalsBeingBros,0,2018-05-17 04:01:51,2,1,0,0
8jxkcj,2018-05-16 19:06:06,61,r/AnimalsBeingBros,0,2018-05-17 04:02:22,3,0,0,0
8jxkcj,2018-05-16 19:06:06,61,r/AnimalsBeingBros,0,2018-05-17 05:05:08,1,0,1,0
8jxkcj,2018-05-16 19:06:06,61,r/AnimalsBeingBros,0,2018-05-17 02:18:33,1,0,-9,0
8jxkcj,2018-05-16 19:06:06,61,r/AnimalsBeingBros,1,2018-05-16 19:07:09,0,33,2531,0
8jxkcj,2018-05-16 19:06:06,61,r/AnimalsBeingBros,1,2018-05-16 19:44:56,1,1,599,0
8jxkcj,2018-05-16 19:06:06,61,r/AnimalsBeingBros,1,2018-05-16 20:23:43,2,1,684,0
8jxkcj,2018-05-16 19:06:06,61,r/AnimalsBeingBros,1,2018-05-16 20:38:52,3,3,123,0
8jxkcj,2018-05-16 19:06:06,61,r/AnimalsBeingBros,1,2018-05-16 21:33:46,4,1,148,0
8jxkcj,2018-05-16 19:06:06,61,r/AnimalsBeingBros,1,2018-05-16 22:21:58,5,1,140,0
8jxkcj,2018-05-16 19:06:06,61,r/AnimalsBeingBros,1,2018-05-16 23:07:11,6,8,61,0
8jxkcj,2018-05-16 19:06:06,61,r/AnimalsBeingBros,1,2018-05-16 23:15:09,7,9,75,0
8jxkcj,2018-05-16 19:06:06,61,r/AnimalsBeingBros,1,2018-05-16 23:30:40,8,1,32,0
8jxkcj,2018-05-16 19:06:06,61,r/AnimalsBeingBros,1,2018-05-17 02:36:15,9,1,7,0
8jxkcj,2018-05-16 19:06:06,61,r/AnimalsBeingBros,1,2018-05-16 23:41:54,8,1,6,0
8jxkcj,2018-05-16 19:06:06,61,r/AnimalsBeingBros,1,2018-05-16 23:58:21,9,0,6,0
8jxkcj,2018-05-16 19:06:06,61,r/AnimalsBeingBros,1,2018-05-17 02:12:07,8,0,6,0
8jxkcj,2018-05-16 19:06:06,61,r/AnimalsBeingBros,1,2018-05-16 23:55:20,8,0,3,0
8jxkcj,2018-05-16 19:06:06,61,r/AnimalsBeingBros,1,2018-05-16 23:32:14,8,4,15,0
8jxkcj,2018-05-16 19:06:06,61,r/AnimalsBeingBros,1,2018-05-17 00:06:34,9,1,13,0
8jxkcj,2018-05-16 19:06:06,61,r/AnimalsBeingBros,1,2018-05-16 23:50:20,9,0,10,0
8jxkcj,2018-05-16 19:06:06,61,r/AnimalsBeingBros,1,2018-05-17 00:08:13,9,0,7,0
8jxkcj,2018-05-16 19:06:06,61,r/AnimalsBeingBros,1,2018-05-17 03:19:05,9,0,2,0
8jxkcj,2018-05-16 19:06:06,61,r/AnimalsBeingBros,1,2018-05-17 00:46:16,8,0,2,0
8jxkcj,2018-05-16 19:06:06,61,r/AnimalsBeingBros,1,2018-05-16 23:34:37,8,3,2,0
8jxkcj,2018-05-16 19:06:06,61,r/AnimalsBeingBros,1,2018-05-17 00:16:00,9,0,8,0
8jxkcj,2018-05-16 19:06:06,61,r/AnimalsBeingBros,1,2018-05-17 02:44:34,9,0,5,0
8jxkcj,2018-05-16 19:06:06,61,r/AnimalsBeingBros,1,2018-05-16 23:46:03,9,1,3,0
8jxkcj,2018-05-16 19:06:06,61,r/AnimalsBeingBros,1,2018-05-17 00:07:22,8,0,1,0
8jxkcj,2018-05-16 19:06:06,61,r/AnimalsBeingBros,1,2018-05-16 23:41:03,8,0,-14,0
8jxkcj,2018-05-16 19:06:06,61,r/AnimalsBeingBros,1,2018-05-17 01:11:34,7,1,4,0
8jxkcj,2018-05-16 19:06:06,61,r/AnimalsBeingBros,1,2018-05-17 01:21:39,8,0,5,0
8jxkcj,2018-05-16 19:06:06,61,r/AnimalsBeingBros,1,2018-05-17 01:31:21,7,0,4,0
8jxkcj,2018-05-16 19:06:06,61,r/AnimalsBeingBros,1,2018-05-17 01:54:27,7,0,2,0
8jxkcj,2018-05-16 19:06:06,61,r/AnimalsBeingBros,1,2018-05-16 23:44:21,7,1,1,0
8jxkcj,2018-05-16 19:06:06,61,r/AnimalsBeingBros,1,2018-05-16 23:57:05,8,1,2,0
8jxkcj,2018-05-16 19:06:06,61,r/AnimalsBeingBros,1,2018-05-17 00:39:44,9,1,1,0
8jxkcj,2018-05-16 19:06:06,61,r/AnimalsBeingBros,1,2018-05-17 00:51:01,7,0,1,0
8jxkcj,2018-05-16 19:06:06,61,r/AnimalsBeingBros,1,2018-05-17 01:05:14,7,1,1,0
8jxkcj,2018-05-16 19:06:06,61,r/AnimalsBeingBros,1,2018-05-17 01:08:14,8,1,1,0
8jxkcj,2018-05-16 19:06:06,61,r/AnimalsBeingBros,1,2018-05-17 01:29:01,9,1,1,0
8jxkcj,2018-05-16 19:06:06,61,r/AnimalsBeingBros,1,2018-05-17 02:10:40,7,1,1,0
8jxkcj,2018-05-16 19:06:06,61,r/AnimalsBeingBros,1,2018-05-17 02:10:44,8,0,1,0
8jxkcj,2018-05-16 19:06:06,61,r/AnimalsBeingBros,1,2018-05-16 22:42:47,4,0,17,0
8jxkcj,2018-05-16 19:06:06,61,r/AnimalsBeingBros,1,2018-05-17 00:58:12,4,0,1,0
8jxkcj,2018-05-16 19:06:06,61,r/AnimalsBeingBros,1,2018-05-16 19:55:37,1,1,70,0
8jxkcj,2018-05-16 19:06:06,61,r/AnimalsBeingBros,1,2018-05-16 23:57:55,2,1,8,0
8jxkcj,2018-05-16 19:06:06,61,r/AnimalsBeingBros,1,2018-05-17 00:50:53,3,1,-6,0
8jxkcj,2018-05-16 19:06:06,61,r/AnimalsBeingBros,1,2018-05-17 03:56:02,4,0,2,0
8jxkcj,2018-05-16 19:06:06,61,r/AnimalsBeingBros,1,2018-05-16 22:05:59,1,1,43,0
8jxkcj,2018-05-16 19:06:06,61,r/AnimalsBeingBros,1,2018-05-17 00:57:06,2,1,4,0
8jxkcj,2018-05-16 19:06:06,61,r/AnimalsBeingBros,1,2018-05-17 00:58:13,3,1,0,0
8jxkcj,2018-05-16 19:06:06,61,r/AnimalsBeingBros,1,2018-05-17 00:59:36,4,0,8,0
8jxkcj,2018-05-16 19:06:06,61,r/AnimalsBeingBros,1,2018-05-16 23:05:22,1,1,19,0
8jxkcj,2018-05-16 19:06:06,61,r/AnimalsBeingBros,1,2018-05-16 23:55:11,2,1,18,0
8jxkcj,2018-05-16 19:06:06,61,r/AnimalsBeingBros,1,2018-05-17 02:51:13,3,0,0,0
8jxkcj,2018-05-16 19:06:06,61,r/AnimalsBeingBros,1,2018-05-16 22:27:47,1,0,7,0
8jxkcj,2018-05-16 19:06:06,61,r/AnimalsBeingBros,1,2018-05-16 22:21:58,1,0,6,0
8jxkcj,2018-05-16 19:06:06,61,r/AnimalsBeingBros,1,2018-05-16 22:34:48,1,0,3,0
8jxkcj,2018-05-16 19:06:06,61,r/AnimalsBeingBros,1,2018-05-17 00:54:49,1,0,5,0
8jxkcj,2018-05-16 19:06:06,61,r/AnimalsBeingBros,1,2018-05-17 00:01:03,1,1,3,0
8jxkcj,2018-05-16 19:06:06,61,r/AnimalsBeingBros,1,2018-05-17 00:02:01,2,1,7,0
8jxkcj,2018-05-16 19:06:06,61,r/AnimalsBeingBros,1,2018-05-17 03:51:59,3,0,1,0
8jxkcj,2018-05-16 19:06:06,61,r/AnimalsBeingBros,1,2018-05-17 00:05:34,1,0,3,0
8jxkcj,2018-05-16 19:06:06,61,r/AnimalsBeingBros,1,2018-05-17 03:24:28,1,1,3,0
8jxkcj,2018-05-16 19:06:06,61,r/AnimalsBeingBros,1,2018-05-17 03:25:19,2,0,3,0
8jxkcj,2018-05-16 19:06:06,61,r/AnimalsBeingBros,1,2018-05-17 00:02:36,1,0,2,0
8jxkcj,2018-05-16 19:06:06,61,r/AnimalsBeingBros,1,2018-05-17 00:17:12,1,0,2,0
8jxkcj,2018-05-16 19:06:06,61,r/AnimalsBeingBros,1,2018-05-17 02:58:15,1,0,2,0
8jxkcj,2018-05-16 19:06:06,61,r/AnimalsBeingBros,1,2018-05-17 03:26:42,1,0,2,0
8jxkcj,2018-05-16 19:06:06,61,r/AnimalsBeingBros,1,2018-05-17 03:44:04,1,1,2,0
8jxkcj,2018-05-16 19:06:06,61,r/AnimalsBeingBros,1,2018-05-17 03:44:20,2,0,1,0
8jxkcj,2018-05-16 19:06:06,61,r/AnimalsBeingBros,1,2018-05-16 22:57:13,1,1,4,0
8jxkcj,2018-05-16 19:06:06,61,r/AnimalsBeingBros,1,2018-05-16 23:47:38,2,0,9,0
8jxkcj,2018-05-16 19:06:06,61,r/AnimalsBeingBros,1,2018-05-17 00:24:46,1,0,1,0
8jxkcj,2018-05-16 19:06:06,61,r/AnimalsBeingBros,1,2018-05-17 02:12:22,1,0,1,0
8jxkcj,2018-05-16 19:06:06,61,r/AnimalsBeingBros,1,2018-05-17 02:52:23,1,0,1,0
8jxkcj,2018-05-16 19:06:06,61,r/AnimalsBeingBros,1,2018-05-17 02:58:18,1,0,1,0
8jxkcj,2018-05-16 19:06:06,61,r/AnimalsBeingBros,1,2018-05-17 03:14:19,1,0,1,0
8jxkcj,2018-05-16 19:06:06,61,r/AnimalsBeingBros,1,2018-05-17 03:16:37,1,0,1,0
8jxkcj,2018-05-16 19:06:06,61,r/AnimalsBeingBros,1,2018-05-17 03:35:17,1,0,1,0
8jxkcj,2018-05-16 19:06:06,61,r/AnimalsBeingBros,1,2018-05-17 04:31:29,1,0,1,0
8jxkcj,2018-05-16 19:06:06,61,r/AnimalsBeingBros,1,2018-05-17 04:45:19,1,0,1,0
8jxkcj,2018-05-16 19:06:06,61,r/AnimalsBeingBros,1,2018-05-17 00:58:39,1,0,1,0
8jxkcj,2018-05-16 19:06:06,61,r/AnimalsBeingBros,1,2018-05-16 23:24:52,1,0,1,0
8jxkcj,2018-05-16 19:06:06,61,r/AnimalsBeingBros,1,2018-05-17 00:18:05,1,0,1,0
8jxkcj,2018-05-16 19:06:06,61,r/AnimalsBeingBros,1,2018-05-17 01:14:54,1,0,0,0
8jxkcj,2018-05-16 19:06:06,61,r/AnimalsBeingBros,1,2018-05-17 00:42:37,1,0,0,0
8jxkcj,2018-05-16 19:06:06,61,r/AnimalsBeingBros,1,2018-05-16 23:53:56,1,0,-1,0
8jxkcj,2018-05-16 19:06:06,61,r/AnimalsBeingBros,1,2018-05-17 00:11:55,1,0,-7,0
8jxkcj,2018-05-16 19:06:06,61,r/AnimalsBeingBros,2,2018-05-16 20:05:18,0,6,504,0
8jxkcj,2018-05-16 19:06:06,61,r/AnimalsBeingBros,2,2018-05-16 21:22:47,1,3,87,0
8jxkcj,2018-05-16 19:06:06,61,r/AnimalsBeingBros,2,2018-05-16 22:42:35,2,4,289,0
8jxkcj,2018-05-16 19:06:06,61,r/AnimalsBeingBros,2,2018-05-16 22:50:29,3,1,167,0
8jxkcj,2018-05-16 19:06:06,61,r/AnimalsBeingBros,2,2018-05-16 22:56:33,4,1,34,0
8jxkcj,2018-05-16 19:06:06,61,r/AnimalsBeingBros,2,2018-05-16 23:22:27,5,3,-18,0
8jxkcj,2018-05-16 19:06:06,61,r/AnimalsBeingBros,2,2018-05-16 23:32:39,6,0,15,0
8jxkcj,2018-05-16 19:06:06,61,r/AnimalsBeingBros,2,2018-05-16 23:58:52,6,1,0,0
8jxkcj,2018-05-16 19:06:06,61,r/AnimalsBeingBros,2,2018-05-17 00:09:40,7,1,7,0
8jxkcj,2018-05-16 19:06:06,61,r/AnimalsBeingBros,2,2018-05-17 00:20:01,8,1,3,0
8jxkcj,2018-05-16 19:06:06,61,r/AnimalsBeingBros,2,2018-05-17 02:18:51,9,1,1,0
8jxkcj,2018-05-16 19:06:06,61,r/AnimalsBeingBros,2,2018-05-17 00:08:29,6,1,-6,0
8jxkcj,2018-05-16 19:06:06,61,r/AnimalsBeingBros,2,2018-05-17 01:24:03,7,1,3,0
8jxkcj,2018-05-16 19:06:06,61,r/AnimalsBeingBros,2,2018-05-17 02:14:04,8,0,1,0
8jxkcj,2018-05-16 19:06:06,61,r/AnimalsBeingBros,2,2018-05-16 22:53:05,3,3,31,0
8jxkcj,2018-05-16 19:06:06,61,r/AnimalsBeingBros,2,2018-05-16 23:13:48,4,0,23,0
8jxkcj,2018-05-16 19:06:06,61,r/AnimalsBeingBros,2,2018-05-16 23:23:42,4,1,8,0
8jxkcj,2018-05-16 19:06:06,61,r/AnimalsBeingBros,2,2018-05-16 23:26:15,5,1,7,0
8jxkcj,2018-05-16 19:06:06,61,r/AnimalsBeingBros,2,2018-05-17 02:00:51,6,0,2,0
8jxkcj,2018-05-16 19:06:06,61,r/AnimalsBeingBros,2,2018-05-16 23:25:57,4,2,6,0
8jxkcj,2018-05-16 19:06:06,61,r/AnimalsBeingBros,2,2018-05-16 23:26:54,5,0,4,0
8jxkcj,2018-05-16 19:06:06,61,r/AnimalsBeingBros,2,2018-05-16 23:40:31,5,0,3,0
8jxkcj,2018-05-16 19:06:06,61,r/AnimalsBeingBros,2,2018-05-16 23:23:32,3,0,0,0
8jxkcj,2018-05-16 19:06:06,61,r/AnimalsBeingBros,2,2018-05-16 23:20:47,3,0,0,0
8jxkcj,2018-05-16 19:06:06,61,r/AnimalsBeingBros,2,2018-05-16 21:24:06,2,1,56,0
8jxkcj,2018-05-16 19:06:06,61,r/AnimalsBeingBros,2,2018-05-16 21:34:10,3,1,47,0
8jxkcj,2018-05-16 19:06:06,61,r/AnimalsBeingBros,2,2018-05-16 21:34:36,4,3,34,0
8jxkcj,2018-05-16 19:06:06,61,r/AnimalsBeingBros,2,2018-05-16 22:59:37,5,0,15,0
8jxkcj,2018-05-16 19:06:06,61,r/AnimalsBeingBros,2,2018-05-16 22:09:25,5,0,21,0
8jxkcj,2018-05-16 19:06:06,61,r/AnimalsBeingBros,2,2018-05-16 22:08:10,5,2,-114,0
8jxkcj,2018-05-16 19:06:06,61,r/AnimalsBeingBros,2,2018-05-17 01:41:38,6,0,2,0
8jxkcj,2018-05-16 19:06:06,61,r/AnimalsBeingBros,2,2018-05-16 22:31:56,6,1,6,0
8jxkcj,2018-05-16 19:06:06,61,r/AnimalsBeingBros,2,2018-05-16 22:39:01,7,1,29,0
8jxkcj,2018-05-16 19:06:06,61,r/AnimalsBeingBros,2,2018-05-16 22:47:28,8,1,-4,0
8jxkcj,2018-05-16 19:06:06,61,r/AnimalsBeingBros,2,2018-05-16 23:44:51,9,0,0,0
8jxkcj,2018-05-16 19:06:06,61,r/AnimalsBeingBros,2,2018-05-17 00:17:04,2,2,1,0
8jxkcj,2018-05-16 19:06:06,61,r/AnimalsBeingBros,2,2018-05-17 01:17:45,3,0,4,0
8jxkcj,2018-05-16 19:06:06,61,r/AnimalsBeingBros,2,2018-05-17 02:37:46,3,0,0,0
8jxkcj,2018-05-16 19:06:06,61,r/AnimalsBeingBros,2,2018-05-16 23:00:34,1,0,5,0
8jxkcj,2018-05-16 19:06:06,61,r/AnimalsBeingBros,2,2018-05-16 23:53:46,1,0,2,0
8jxkcj,2018-05-16 19:06:06,61,r/AnimalsBeingBros,2,2018-05-17 00:28:32,1,0,2,0
8jxkcj,2018-05-16 19:06:06,61,r/AnimalsBeingBros,2,2018-05-17 00:52:40,1,0,1,0
8jxkcj,2018-05-16 19:06:06,61,r/AnimalsBeingBros,2,2018-05-17 00:43:07,1,0,-1,0
8jxkcj,2018-05-16 19:06:06,61,r/AnimalsBeingBros,3,2018-05-16 19:10:33,0,1,90,0
8jxkcj,2018-05-16 19:06:06,61,r/AnimalsBeingBros,3,2018-05-16 23:14:05,1,1,23,0
8jxkcj,2018-05-16 19:06:06,61,r/AnimalsBeingBros,3,2018-05-17 04:46:50,2,0,1,0
8jxkcj,2018-05-16 19:06:06,61,r/AnimalsBeingBros,4,2018-05-16 19:54:53,0,1,54,0
8jxkcj,2018-05-16 19:06:06,61,r/AnimalsBeingBros,4,2018-05-17 00:04:07,1,0,6,0
8jxkcj,2018-05-16 19:06:06,61,r/AnimalsBeingBros,5,2018-05-16 20:46:17,0,2,70,0
8jxkcj,2018-05-16 19:06:06,61,r/AnimalsBeingBros,5,2018-05-16 23:36:12,1,1,5,0
8jxkcj,2018-05-16 19:06:06,61,r/AnimalsBeingBros,5,2018-05-17 04:13:43,2,0,0,0
8jxkcj,2018-05-16 19:06:06,61,r/AnimalsBeingBros,5,2018-05-16 22:19:51,1,0,-13,0
8jxkcj,2018-05-16 19:06:06,61,r/AnimalsBeingBros,6,2018-05-16 19:08:47,0,1,57,0
8jxkcj,2018-05-16 19:06:06,61,r/AnimalsBeingBros,6,2018-05-16 19:10:44,1,2,79,0
8jxkcj,2018-05-16 19:06:06,61,r/AnimalsBeingBros,6,2018-05-16 20:25:44,2,1,62,0
8jxkcj,2018-05-16 19:06:06,61,r/AnimalsBeingBros,6,2018-05-17 02:19:55,3,0,3,0
8jxkcj,2018-05-16 19:06:06,61,r/AnimalsBeingBros,6,2018-05-17 00:45:58,2,0,1,0
8jxkcj,2018-05-16 19:06:06,61,r/AnimalsBeingBros,7,2018-05-16 21:27:53,0,3,45,0
8jxkcj,2018-05-16 19:06:06,61,r/AnimalsBeingBros,7,2018-05-16 21:33:38,1,0,9,0
8jxkcj,2018-05-16 19:06:06,61,r/AnimalsBeingBros,7,2018-05-17 02:58:13,1,0,2,0
8jxkcj,2018-05-16 19:06:06,61,r/AnimalsBeingBros,7,2018-05-17 05:03:35,1,0,1,0
8jxkcj,2018-05-16 19:06:06,61,r/AnimalsBeingBros,8,2018-05-16 21:50:22,0,1,34,0
8jxkcj,2018-05-16 19:06:06,61,r/AnimalsBeingBros,8,2018-05-16 22:09:57,1,1,12,0
8jxkcj,2018-05-16 19:06:06,61,r/AnimalsBeingBros,8,2018-05-17 00:00:45,2,1,4,0
8jxkcj,2018-05-16 19:06:06,61,r/AnimalsBeingBros,8,2018-05-17 01:46:30,3,0,10,0
8jxkcj,2018-05-16 19:06:06,61,r/AnimalsBeingBros,9,2018-05-16 19:16:49,0,3,40,0
8jxkcj,2018-05-16 19:06:06,61,r/AnimalsBeingBros,9,2018-05-16 20:09:01,1,0,19,0
8jxkcj,2018-05-16 19:06:06,61,r/AnimalsBeingBros,9,2018-05-16 23:59:10,1,0,4,0
8jxkcj,2018-05-16 19:06:06,61,r/AnimalsBeingBros,9,2018-05-17 02:00:57,1,0,1,0
8jxkcj,2018-05-16 19:06:06,61,r/AnimalsBeingBros,10,2018-05-16 23:28:19,0,2,9,0
8jxkcj,2018-05-16 19:06:06,61,r/AnimalsBeingBros,10,2018-05-17 02:26:40,1,0,2,0
8jxkcj,2018-05-16 19:06:06,61,r/AnimalsBeingBros,10,2018-05-17 00:17:46,1,2,-44,0
8jxkcj,2018-05-16 19:06:06,61,r/AnimalsBeingBros,10,2018-05-17 00:24:42,2,1,11,0
8jxkcj,2018-05-16 19:06:06,61,r/AnimalsBeingBros,10,2018-05-17 00:28:35,3,4,-20,0
8jxkcj,2018-05-16 19:06:06,61,r/AnimalsBeingBros,10,2018-05-17 01:04:54,4,1,6,0
8jxkcj,2018-05-16 19:06:06,61,r/AnimalsBeingBros,10,2018-05-17 01:24:37,5,1,-8,0
8jxkcj,2018-05-16 19:06:06,61,r/AnimalsBeingBros,10,2018-05-17 01:26:53,6,1,4,0
8jxkcj,2018-05-16 19:06:06,61,r/AnimalsBeingBros,10,2018-05-17 02:06:52,7,1,-1,0
8jxkcj,2018-05-16 19:06:06,61,r/AnimalsBeingBros,10,2018-05-17 02:35:56,8,1,2,0
8jxkcj,2018-05-16 19:06:06,61,r/AnimalsBeingBros,10,2018-05-17 03:14:14,9,1,0,0
8jxkcj,2018-05-16 19:06:06,61,r/AnimalsBeingBros,10,2018-05-17 01:28:51,4,0,4,0
8jxkcj,2018-05-16 19:06:06,61,r/AnimalsBeingBros,10,2018-05-17 04:00:19,4,0,2,0
8jxkcj,2018-05-16 19:06:06,61,r/AnimalsBeingBros,10,2018-05-17 01:24:57,4,1,1,0
8jxkcj,2018-05-16 19:06:06,61,r/AnimalsBeingBros,10,2018-05-17 02:17:20,5,1,-1,0
8jxkcj,2018-05-16 19:06:06,61,r/AnimalsBeingBros,10,2018-05-17 02:53:30,6,0,2,0
8jxkcj,2018-05-16 19:06:06,61,r/AnimalsBeingBros,10,2018-05-17 00:28:25,2,1,6,0
8jxkcj,2018-05-16 19:06:06,61,r/AnimalsBeingBros,10,2018-05-17 00:35:29,3,0,-12,0
8jxkcj,2018-05-16 19:06:06,61,r/AnimalsBeingBros,11,2018-05-16 20:11:51,0,0,18,0
8jxkcj,2018-05-16 19:06:06,61,r/AnimalsBeingBros,12,2018-05-17 01:42:10,0,0,6,0
8jxkcj,2018-05-16 19:06:06,61,r/AnimalsBeingBros,13,2018-05-16 21:38:01,0,5,109,0
8jxkcj,2018-05-16 19:06:06,61,r/AnimalsBeingBros,13,2018-05-16 21:38:58,1,5,36,0
8jxkcj,2018-05-16 19:06:06,61,r/AnimalsBeingBros,13,2018-05-16 22:27:51,2,6,101,0
8jxkcj,2018-05-16 19:06:06,61,r/AnimalsBeingBros,13,2018-05-16 22:50:07,3,1,17,0
8jxkcj,2018-05-16 19:06:06,61,r/AnimalsBeingBros,13,2018-05-17 00:43:15,4,0,1,0
8jxkcj,2018-05-16 19:06:06,61,r/AnimalsBeingBros,13,2018-05-16 23:10:43,3,0,8,0
8jxkcj,2018-05-16 19:06:06,61,r/AnimalsBeingBros,13,2018-05-16 23:53:46,3,1,7,0
8jxkcj,2018-05-16 19:06:06,61,r/AnimalsBeingBros,13,2018-05-17 00:04:36,4,1,8,0
8jxkcj,2018-05-16 19:06:06,61,r/AnimalsBeingBros,13,2018-05-17 00:17:26,5,0,0,0
8jxkcj,2018-05-16 19:06:06,61,r/AnimalsBeingBros,13,2018-05-17 00:03:20,3,1,4,0
8jxkcj,2018-05-16 19:06:06,61,r/AnimalsBeingBros,13,2018-05-17 00:07:06,4,0,7,0
8jxkcj,2018-05-16 19:06:06,61,r/AnimalsBeingBros,13,2018-05-17 02:57:49,3,0,1,0
8jxkcj,2018-05-16 19:06:06,61,r/AnimalsBeingBros,13,2018-05-17 01:34:28,3,0,1,0
8jxkcj,2018-05-16 19:06:06,61,r/AnimalsBeingBros,13,2018-05-16 21:49:16,2,2,19,0
8jxkcj,2018-05-16 19:06:06,61,r/AnimalsBeingBros,13,2018-05-16 21:50:30,3,1,25,0
8jxkcj,2018-05-16 19:06:06,61,r/AnimalsBeingBros,13,2018-05-16 22:57:46,4,0,0,0
8jxkcj,2018-05-16 19:06:06,61,r/AnimalsBeingBros,13,2018-05-17 01:35:34,3,1,6,0
8jxkcj,2018-05-16 19:06:06,61,r/AnimalsBeingBros,13,2018-05-17 02:06:11,4,0,1,0
8jxkcj,2018-05-16 19:06:06,61,r/AnimalsBeingBros,13,2018-05-17 00:46:31,2,0,3,0
8jxkcj,2018-05-16 19:06:06,61,r/AnimalsBeingBros,13,2018-05-17 01:48:30,2,0,2,0
8jxkcj,2018-05-16 19:06:06,61,r/AnimalsBeingBros,13,2018-05-16 22:42:58,2,0,1,0
8jxkcj,2018-05-16 19:06:06,61,r/AnimalsBeingBros,13,2018-05-16 22:44:44,1,1,9,0
8jxkcj,2018-05-16 19:06:06,61,r/AnimalsBeingBros,13,2018-05-16 22:57:51,2,0,1,0
8jxkcj,2018-05-16 19:06:06,61,r/AnimalsBeingBros,13,2018-05-16 23:38:12,1,1,1,0
8jxkcj,2018-05-16 19:06:06,61,r/AnimalsBeingBros,13,2018-05-16 23:41:42,2,0,-9,0
8jxkcj,2018-05-16 19:06:06,61,r/AnimalsBeingBros,13,2018-05-17 02:08:37,1,1,-1,0
8jxkcj,2018-05-16 19:06:06,61,r/AnimalsBeingBros,13,2018-05-17 02:18:07,2,1,1,0
8jxkcj,2018-05-16 19:06:06,61,r/AnimalsBeingBros,13,2018-05-17 02:23:47,3,0,1,0
8jxkcj,2018-05-16 19:06:06,61,r/AnimalsBeingBros,13,2018-05-17 01:40:50,1,0,-7,0
8jxkcj,2018-05-16 19:06:06,61,r/AnimalsBeingBros,14,2018-05-17 01:46:53,0,0,4,0
8jxkcj,2018-05-16 19:06:06,61,r/AnimalsBeingBros,15,2018-05-16 23:44:00,0,0,7,0
8jxkcj,2018-05-16 19:06:06,61,r/AnimalsBeingBros,16,2018-05-16 19:11:47,0,1,17,0
8jxkcj,2018-05-16 19:06:06,61,r/AnimalsBeingBros,16,2018-05-16 19:12:40,1,1,11,0
8jxkcj,2018-05-16 19:06:06,61,r/AnimalsBeingBros,16,2018-05-16 22:47:39,2,0,-6,0
8jxkcj,2018-05-16 19:06:06,61,r/AnimalsBeingBros,17,2018-05-16 21:32:26,0,2,3,0
8jxkcj,2018-05-16 19:06:06,61,r/AnimalsBeingBros,17,2018-05-16 21:33:04,1,3,8,0
8jxkcj,2018-05-16 19:06:06,61,r/AnimalsBeingBros,17,2018-05-16 21:44:45,2,0,2,0
8jxkcj,2018-05-16 19:06:06,61,r/AnimalsBeingBros,17,2018-05-17 00:23:23,2,0,1,0
8jxkcj,2018-05-16 19:06:06,61,r/AnimalsBeingBros,17,2018-05-17 02:29:40,2,0,1,0
8jxkcj,2018-05-16 19:06:06,61,r/AnimalsBeingBros,17,2018-05-16 23:30:27,1,0,3,0
8jxkcj,2018-05-16 19:06:06,61,r/AnimalsBeingBros,18,2018-05-17 02:05:26,0,1,3,0
8jxkcj,2018-05-16 19:06:06,61,r/AnimalsBeingBros,18,2018-05-17 02:24:19,1,0,1,0
8jxkcj,2018-05-16 19:06:06,61,r/AnimalsBeingBros,19,2018-05-17 00:54:10,0,0,8,0
8jxkcj,2018-05-16 19:06:06,61,r/AnimalsBeingBros,20,2018-05-17 01:07:37,0,0,4,0
8jxkcj,2018-05-16 19:06:06,61,r/AnimalsBeingBros,21,2018-05-17 01:41:24,0,1,2,0
8jxkcj,2018-05-16 19:06:06,61,r/AnimalsBeingBros,21,2018-05-17 02:12:48,1,0,2,0
8jxkcj,2018-05-16 19:06:06,61,r/AnimalsBeingBros,22,2018-05-17 02:15:20,0,0,2,0
8jxkcj,2018-05-16 19:06:06,61,r/AnimalsBeingBros,23,2018-05-17 03:22:14,0,0,2,0
8jxkcj,2018-05-16 19:06:06,61,r/AnimalsBeingBros,24,2018-05-17 04:47:28,0,0,2,0
8jxkcj,2018-05-16 19:06:06,61,r/AnimalsBeingBros,25,2018-05-17 04:51:01,0,1,2,0
8jxkcj,2018-05-16 19:06:06,61,r/AnimalsBeingBros,25,2018-05-17 05:15:38,1,0,1,0
8jxkcj,2018-05-16 19:06:06,61,r/AnimalsBeingBros,26,2018-05-16 22:55:11,0,0,3,0
8jxkcj,2018-05-16 19:06:06,61,r/AnimalsBeingBros,27,2018-05-17 01:43:09,0,0,2,0
8jxkcj,2018-05-16 19:06:06,61,r/AnimalsBeingBros,28,2018-05-17 00:54:39,0,0,2,0
8jxkcj,2018-05-16 19:06:06,61,r/AnimalsBeingBros,29,2018-05-17 02:52:22,0,0,1,0
8jxkcj,2018-05-16 19:06:06,61,r/AnimalsBeingBros,30,2018-05-16 20:30:00,0,0,1,0
8jxkcj,2018-05-16 19:06:06,61,r/AnimalsBeingBros,31,2018-05-16 23:27:06,0,0,3,0
8jxkcj,2018-05-16 19:06:06,61,r/AnimalsBeingBros,32,2018-05-16 23:32:47,0,0,2,0
8jxkcj,2018-05-16 19:06:06,61,r/AnimalsBeingBros,33,2018-05-17 00:13:17,0,1,1,0
8jxkcj,2018-05-16 19:06:06,61,r/AnimalsBeingBros,33,2018-05-17 01:34:53,1,0,0,0
8jxkcj,2018-05-16 19:06:06,61,r/AnimalsBeingBros,34,2018-05-17 01:41:36,0,0,1,0
8jxkcj,2018-05-16 19:06:06,61,r/AnimalsBeingBros,35,2018-05-17 01:53:15,0,0,1,0
8jxkcj,2018-05-16 19:06:06,61,r/AnimalsBeingBros,36,2018-05-17 01:58:21,0,0,1,0
8jxkcj,2018-05-16 19:06:06,61,r/AnimalsBeingBros,37,2018-05-17 02:03:40,0,0,1,0
8jxkcj,2018-05-16 19:06:06,61,r/AnimalsBeingBros,38,2018-05-17 02:05:26,0,0,1,0
8jxkcj,2018-05-16 19:06:06,61,r/AnimalsBeingBros,39,2018-05-17 02:12:07,0,0,1,0
8jxkcj,2018-05-16 19:06:06,61,r/AnimalsBeingBros,40,2018-05-17 02:21:38,0,0,1,0
8jxkcj,2018-05-16 19:06:06,61,r/AnimalsBeingBros,41,2018-05-17 02:28:21,0,1,1,0
8jxkcj,2018-05-16 19:06:06,61,r/AnimalsBeingBros,41,2018-05-17 02:28:44,1,0,1,0
8jxkcj,2018-05-16 19:06:06,61,r/AnimalsBeingBros,42,2018-05-17 02:34:52,0,0,1,0
8jxkcj,2018-05-16 19:06:06,61,r/AnimalsBeingBros,43,2018-05-17 02:42:22,0,0,1,0
8jxkcj,2018-05-16 19:06:06,61,r/AnimalsBeingBros,44,2018-05-17 02:46:56,0,1,1,0
8jxkcj,2018-05-16 19:06:06,61,r/AnimalsBeingBros,44,2018-05-17 02:47:53,1,1,2,0
8jxkcj,2018-05-16 19:06:06,61,r/AnimalsBeingBros,44,2018-05-17 02:48:32,2,0,1,0
8jxkcj,2018-05-16 19:06:06,61,r/AnimalsBeingBros,45,2018-05-17 03:02:42,0,0,1,0
8jxkcj,2018-05-16 19:06:06,61,r/AnimalsBeingBros,46,2018-05-17 03:02:51,0,0,1,0
8jxkcj,2018-05-16 19:06:06,61,r/AnimalsBeingBros,47,2018-05-17 03:04:02,0,0,1,0
8jxkcj,2018-05-16 19:06:06,61,r/AnimalsBeingBros,48,2018-05-17 03:18:29,0,0,1,0
8jxkcj,2018-05-16 19:06:06,61,r/AnimalsBeingBros,49,2018-05-17 03:18:59,0,0,1,0
8jxkcj,2018-05-16 19:06:06,61,r/AnimalsBeingBros,50,2018-05-17 03:23:32,0,0,1,0
8jxkcj,2018-05-16 19:06:06,61,r/AnimalsBeingBros,51,2018-05-17 03:23:38,0,0,1,0
8jxkcj,2018-05-16 19:06:06,61,r/AnimalsBeingBros,52,2018-05-17 03:24:31,0,0,1,0
8jxkcj,2018-05-16 19:06:06,61,r/AnimalsBeingBros,53,2018-05-17 03:26:14,0,0,1,0
8jxkcj,2018-05-16 19:06:06,61,r/AnimalsBeingBros,54,2018-05-17 03:34:20,0,0,1,0
8jxkcj,2018-05-16 19:06:06,61,r/AnimalsBeingBros,55,2018-05-17 03:36:49,0,0,1,0
8jxkcj,2018-05-16 19:06:06,61,r/AnimalsBeingBros,56,2018-05-17 03:38:10,0,0,1,0
8jxkcj,2018-05-16 19:06:06,61,r/AnimalsBeingBros,57,2018-05-17 03:55:06,0,0,1,0
8jxkcj,2018-05-16 19:06:06,61,r/AnimalsBeingBros,58,2018-05-17 04:12:56,0,0,1,0
8jxkcj,2018-05-16 19:06:06,61,r/AnimalsBeingBros,59,2018-05-17 04:13:19,0,0,1,0
8jxkcj,2018-05-16 19:06:06,61,r/AnimalsBeingBros,60,2018-05-17 04:28:05,0,0,1,0
8jxkcj,2018-05-16 19:06:06,61,r/AnimalsBeingBros,61,2018-05-17 04:38:06,0,0,1,0
8jxkcj,2018-05-16 19:06:06,61,r/AnimalsBeingBros,62,2018-05-17 04:41:20,0,0,1,0
8jxkcj,2018-05-16 19:06:06,61,r/AnimalsBeingBros,63,2018-05-17 04:41:36,0,0,1,0
8jxkcj,2018-05-16 19:06:06,61,r/AnimalsBeingBros,64,2018-05-17 05:14:51,0,0,1,0
8jxkcj,2018-05-16 19:06:06,61,r/AnimalsBeingBros,65,2018-05-17 01:18:33,0,0,1,0
8jxkcj,2018-05-16 19:06:06,61,r/AnimalsBeingBros,66,2018-05-16 22:46:46,0,0,1,0
8jxkcj,2018-05-16 19:06:06,61,r/AnimalsBeingBros,67,2018-05-16 23:06:42,0,0,1,0
8jxkcj,2018-05-16 19:06:06,61,r/AnimalsBeingBros,68,2018-05-17 00:07:02,0,0,1,0
8jxkcj,2018-05-16 19:06:06,61,r/AnimalsBeingBros,69,2018-05-17 00:59:54,0,0,1,0
8jxkcj,2018-05-16 19:06:06,61,r/AnimalsBeingBros,70,2018-05-16 21:25:54,0,0,1,0
8jxkcj,2018-05-16 19:06:06,61,r/AnimalsBeingBros,71,2018-05-16 23:28:03,0,0,1,0
8jxkcj,2018-05-16 19:06:06,61,r/AnimalsBeingBros,72,2018-05-17 00:32:39,0,0,1,0
8jxkcj,2018-05-16 19:06:06,61,r/AnimalsBeingBros,73,2018-05-17 00:38:11,0,1,1,0
8jxkcj,2018-05-16 19:06:06,61,r/AnimalsBeingBros,73,2018-05-17 00:43:23,1,0,3,0
8jxkcj,2018-05-16 19:06:06,61,r/AnimalsBeingBros,74,2018-05-17 01:22:31,0,0,1,0
8jxkcj,2018-05-16 19:06:06,61,r/AnimalsBeingBros,75,2018-05-17 01:32:06,0,1,1,0
8jxkcj,2018-05-16 19:06:06,61,r/AnimalsBeingBros,75,2018-05-17 01:32:30,1,1,2,0
8jxkcj,2018-05-16 19:06:06,61,r/AnimalsBeingBros,75,2018-05-17 02:29:07,2,0,1,0
8jxkcj,2018-05-16 19:06:06,61,r/AnimalsBeingBros,76,2018-05-17 01:45:26,0,0,1,0
8jxkcj,2018-05-16 19:06:06,61,r/AnimalsBeingBros,77,2018-05-16 21:20:01,0,0,0,0
8jxkcj,2018-05-16 19:06:06,61,r/AnimalsBeingBros,78,2018-05-16 21:55:42,0,0,0,0
8jxkcj,2018-05-16 19:06:06,61,r/AnimalsBeingBros,79,2018-05-16 21:56:45,0,0,0,0
8jxkcj,2018-05-16 19:06:06,61,r/AnimalsBeingBros,80,2018-05-16 22:46:26,0,0,0,0
8jxkcj,2018-05-16 19:06:06,61,r/AnimalsBeingBros,81,2018-05-17 00:48:40,0,0,0,0
8jxkcj,2018-05-16 19:06:06,61,r/AnimalsBeingBros,82,2018-05-17 00:51:17,0,0,0,0
8jxkcj,2018-05-16 19:06:06,61,r/AnimalsBeingBros,83,2018-05-16 22:18:27,0,0,0,0
8jxkcj,2018-05-16 19:06:06,61,r/AnimalsBeingBros,84,2018-05-16 22:20:08,0,0,0,0
8jxkcj,2018-05-16 19:06:06,61,r/AnimalsBeingBros,85,2018-05-16 22:27:58,0,0,0,0
8jxkcj,2018-05-16 19:06:06,61,r/AnimalsBeingBros,86,2018-05-16 23:36:15,0,0,0,0
8jxkcj,2018-05-16 19:06:06,61,r/AnimalsBeingBros,87,2018-05-16 23:52:52,0,0,0,0
8jxkcj,2018-05-16 19:06:06,61,r/AnimalsBeingBros,88,2018-05-16 23:55:35,0,0,0,0
8jxkcj,2018-05-16 19:06:06,61,r/AnimalsBeingBros,89,2018-05-16 23:57:32,0,0,0,0
8jxkcj,2018-05-16 19:06:06,61,r/AnimalsBeingBros,90,2018-05-17 00:23:56,0,0,0,0
8jxkcj,2018-05-16 19:06:06,61,r/AnimalsBeingBros,91,2018-05-17 00:30:17,0,0,0,0
8jxkcj,2018-05-16 19:06:06,61,r/AnimalsBeingBros,92,2018-05-17 00:33:07,0,0,0,0
8jxkcj,2018-05-16 19:06:06,61,r/AnimalsBeingBros,93,2018-05-17 00:58:16,0,1,0,0
8jxkcj,2018-05-16 19:06:06,61,r/AnimalsBeingBros,93,2018-05-17 00:58:32,1,0,1,0
8jxkcj,2018-05-16 19:06:06,61,r/AnimalsBeingBros,94,2018-05-17 01:29:03,0,0,0,0
8jxkcj,2018-05-16 19:06:06,61,r/AnimalsBeingBros,95,2018-05-17 01:33:10,0,0,0,0
8jxkcj,2018-05-16 19:06:06,61,r/AnimalsBeingBros,96,2018-05-16 21:46:05,0,0,-1,0
8jxkcj,2018-05-16 19:06:06,61,r/AnimalsBeingBros,97,2018-05-16 22:48:09,0,0,-1,0
8jxkcj,2018-05-16 19:06:06,61,r/AnimalsBeingBros,98,2018-05-16 22:51:12,0,0,-1,0
8jxkcj,2018-05-16 19:06:06,61,r/AnimalsBeingBros,99,2018-05-16 22:52:39,0,0,-1,0
8jxkcj,2018-05-16 19:06:06,61,r/AnimalsBeingBros,100,2018-05-16 23:16:51,0,0,-1,0
8jxkcj,2018-05-16 19:06:06,61,r/AnimalsBeingBros,101,2018-05-16 23:22:29,0,0,-1,0
8jxkcj,2018-05-16 19:06:06,61,r/AnimalsBeingBros,102,2018-05-16 23:48:02,0,0,-1,0
8jxkcj,2018-05-16 19:06:06,61,r/AnimalsBeingBros,103,2018-05-16 23:53:35,0,0,-1,0
8jxkcj,2018-05-16 19:06:06,61,r/AnimalsBeingBros,104,2018-05-17 00:19:27,0,0,-1,0
8jxkcj,2018-05-16 19:06:06,61,r/AnimalsBeingBros,105,2018-05-17 00:23:50,0,0,-1,0
8jxkcj,2018-05-16 19:06:06,61,r/AnimalsBeingBros,106,2018-05-17 00:25:04,0,0,-1,0
8jxkcj,2018-05-16 19:06:06,61,r/AnimalsBeingBros,107,2018-05-17 00:29:22,0,0,-1,0
8jxkcj,2018-05-16 19:06:06,61,r/AnimalsBeingBros,108,2018-05-17 00:43:21,0,0,-1,0
8jxkcj,2018-05-16 19:06:06,61,r/AnimalsBeingBros,109,2018-05-17 00:44:50,0,0,-1,0
8jxkcj,2018-05-16 19:06:06,61,r/AnimalsBeingBros,110,2018-05-17 00:12:54,0,0,-8,0
8jxkcj,2018-05-16 19:06:06,61,r/AnimalsBeingBros,111,2018-05-17 00:31:43,0,1,-2,0
8jxkcj,2018-05-16 19:06:06,61,r/AnimalsBeingBros,111,2018-05-17 00:32:59,1,1,1,0
8jxkcj,2018-05-16 19:06:06,61,r/AnimalsBeingBros,111,2018-05-17 01:02:50,2,1,-2,0
8jxkcj,2018-05-16 19:06:06,61,r/AnimalsBeingBros,111,2018-05-17 01:03:17,3,2,1,0
8jxkcj,2018-05-16 19:06:06,61,r/AnimalsBeingBros,111,2018-05-17 02:46:11,4,0,1,0
8jxkcj,2018-05-16 19:06:06,61,r/AnimalsBeingBros,111,2018-05-17 04:16:52,4,0,1,0
8jz2oe,2018-05-16 22:21:56,62,r/NatureIsFuckingLit,0,2018-05-17 00:45:24,0,14,319,0
8jz2oe,2018-05-16 22:21:56,62,r/NatureIsFuckingLit,0,2018-05-17 02:17:59,1,4,83,0
8jz2oe,2018-05-16 22:21:56,62,r/NatureIsFuckingLit,0,2018-05-17 02:18:53,2,1,40,0
8jz2oe,2018-05-16 22:21:56,62,r/NatureIsFuckingLit,0,2018-05-17 04:00:52,3,1,11,0
8jz2oe,2018-05-16 22:21:56,62,r/NatureIsFuckingLit,0,2018-05-17 04:12:36,4,0,10,0
8jz2oe,2018-05-16 22:21:56,62,r/NatureIsFuckingLit,0,2018-05-17 03:57:03,2,0,3,0
8jz2oe,2018-05-16 22:21:56,62,r/NatureIsFuckingLit,0,2018-05-17 04:16:53,2,0,4,0
8jz2oe,2018-05-16 22:21:56,62,r/NatureIsFuckingLit,0,2018-05-17 04:10:36,2,1,-1,0
8jz2oe,2018-05-16 22:21:56,62,r/NatureIsFuckingLit,0,2018-05-17 04:53:28,3,1,1,0
8jz2oe,2018-05-16 22:21:56,62,r/NatureIsFuckingLit,0,2018-05-17 05:18:00,4,0,1,0
8jz2oe,2018-05-16 22:21:56,62,r/NatureIsFuckingLit,0,2018-05-17 01:47:31,1,1,10,0
8jz2oe,2018-05-16 22:21:56,62,r/NatureIsFuckingLit,0,2018-05-17 01:58:52,2,1,5,0
8jz2oe,2018-05-16 22:21:56,62,r/NatureIsFuckingLit,0,2018-05-17 02:19:43,3,0,2,0
8jz2oe,2018-05-16 22:21:56,62,r/NatureIsFuckingLit,0,2018-05-17 02:19:33,1,1,38,0
8jz2oe,2018-05-16 22:21:56,62,r/NatureIsFuckingLit,0,2018-05-17 02:21:28,2,3,1,0
8jz2oe,2018-05-16 22:21:56,62,r/NatureIsFuckingLit,0,2018-05-17 04:15:45,3,1,5,0
8jz2oe,2018-05-16 22:21:56,62,r/NatureIsFuckingLit,0,2018-05-17 04:16:35,4,1,-4,0
8jz2oe,2018-05-16 22:21:56,62,r/NatureIsFuckingLit,0,2018-05-17 04:28:28,5,1,1,0
8jz2oe,2018-05-16 22:21:56,62,r/NatureIsFuckingLit,0,2018-05-17 04:49:18,6,1,1,0
8jz2oe,2018-05-16 22:21:56,62,r/NatureIsFuckingLit,0,2018-05-17 04:55:37,7,0,1,0
8jz2oe,2018-05-16 22:21:56,62,r/NatureIsFuckingLit,0,2018-05-17 02:38:34,3,1,10,0
8jz2oe,2018-05-16 22:21:56,62,r/NatureIsFuckingLit,0,2018-05-17 03:42:46,4,1,19,0
8jz2oe,2018-05-16 22:21:56,62,r/NatureIsFuckingLit,0,2018-05-17 04:28:56,5,1,1,0
8jz2oe,2018-05-16 22:21:56,62,r/NatureIsFuckingLit,0,2018-05-17 04:43:46,6,1,1,0
8jz2oe,2018-05-16 22:21:56,62,r/NatureIsFuckingLit,0,2018-05-17 04:55:14,7,0,1,0
8jz2oe,2018-05-16 22:21:56,62,r/NatureIsFuckingLit,0,2018-05-17 03:46:55,3,0,-1,0
8jz2oe,2018-05-16 22:21:56,62,r/NatureIsFuckingLit,0,2018-05-17 02:57:56,1,1,6,0
8jz2oe,2018-05-16 22:21:56,62,r/NatureIsFuckingLit,0,2018-05-17 04:56:59,2,0,1,0
8jz2oe,2018-05-16 22:21:56,62,r/NatureIsFuckingLit,0,2018-05-17 03:51:08,1,0,2,0
8jz2oe,2018-05-16 22:21:56,62,r/NatureIsFuckingLit,0,2018-05-17 04:25:46,1,1,1,0
8jz2oe,2018-05-16 22:21:56,62,r/NatureIsFuckingLit,0,2018-05-17 04:35:36,2,0,1,0
8jz2oe,2018-05-16 22:21:56,62,r/NatureIsFuckingLit,0,2018-05-17 04:13:02,1,0,2,0
8jz2oe,2018-05-16 22:21:56,62,r/NatureIsFuckingLit,0,2018-05-17 04:00:51,1,0,1,0
8jz2oe,2018-05-16 22:21:56,62,r/NatureIsFuckingLit,0,2018-05-17 04:11:05,1,0,1,0
8jz2oe,2018-05-16 22:21:56,62,r/NatureIsFuckingLit,0,2018-05-17 04:16:43,1,0,1,0
8jz2oe,2018-05-16 22:21:56,62,r/NatureIsFuckingLit,0,2018-05-17 04:18:57,1,1,1,0
8jz2oe,2018-05-16 22:21:56,62,r/NatureIsFuckingLit,0,2018-05-17 04:21:17,2,0,4,0
8jz2oe,2018-05-16 22:21:56,62,r/NatureIsFuckingLit,0,2018-05-17 04:33:46,1,1,1,0
8jz2oe,2018-05-16 22:21:56,62,r/NatureIsFuckingLit,0,2018-05-17 04:37:24,2,1,1,0
8jz2oe,2018-05-16 22:21:56,62,r/NatureIsFuckingLit,0,2018-05-17 04:56:01,3,0,1,0
8jz2oe,2018-05-16 22:21:56,62,r/NatureIsFuckingLit,0,2018-05-17 04:42:26,1,0,1,0
8jz2oe,2018-05-16 22:21:56,62,r/NatureIsFuckingLit,0,2018-05-17 04:45:08,1,0,1,0
8jz2oe,2018-05-16 22:21:56,62,r/NatureIsFuckingLit,1,2018-05-17 02:04:03,0,0,70,0
8jz2oe,2018-05-16 22:21:56,62,r/NatureIsFuckingLit,2,2018-05-17 02:56:40,0,1,35,0
8jz2oe,2018-05-16 22:21:56,62,r/NatureIsFuckingLit,2,2018-05-17 04:29:07,1,0,1,0
8jz2oe,2018-05-16 22:21:56,62,r/NatureIsFuckingLit,3,2018-05-16 22:38:39,0,1,29,0
8jz2oe,2018-05-16 22:21:56,62,r/NatureIsFuckingLit,3,2018-05-16 22:40:56,1,1,60,0
8jz2oe,2018-05-16 22:21:56,62,r/NatureIsFuckingLit,3,2018-05-17 01:50:53,2,0,6,0
8jz2oe,2018-05-16 22:21:56,62,r/NatureIsFuckingLit,4,2018-05-17 00:44:56,0,1,48,0
8jz2oe,2018-05-16 22:21:56,62,r/NatureIsFuckingLit,4,2018-05-17 01:35:57,1,2,17,0
8jz2oe,2018-05-16 22:21:56,62,r/NatureIsFuckingLit,4,2018-05-17 03:38:05,2,0,7,0
8jz2oe,2018-05-16 22:21:56,62,r/NatureIsFuckingLit,4,2018-05-17 04:49:37,2,0,1,0
8jz2oe,2018-05-16 22:21:56,62,r/NatureIsFuckingLit,5,2018-05-17 03:19:53,0,0,6,0
8jz2oe,2018-05-16 22:21:56,62,r/NatureIsFuckingLit,6,2018-05-17 02:30:30,0,0,7,0
8jz2oe,2018-05-16 22:21:56,62,r/NatureIsFuckingLit,7,2018-05-17 02:03:42,0,1,12,0
8jz2oe,2018-05-16 22:21:56,62,r/NatureIsFuckingLit,7,2018-05-17 02:18:08,1,1,26,0
8jz2oe,2018-05-16 22:21:56,62,r/NatureIsFuckingLit,7,2018-05-17 02:46:59,2,1,12,0
8jz2oe,2018-05-16 22:21:56,62,r/NatureIsFuckingLit,7,2018-05-17 03:00:22,3,1,8,0
8jz2oe,2018-05-16 22:21:56,62,r/NatureIsFuckingLit,7,2018-05-17 03:03:47,4,1,5,0
8jz2oe,2018-05-16 22:21:56,62,r/NatureIsFuckingLit,7,2018-05-17 03:04:39,5,1,5,0
8jz2oe,2018-05-16 22:21:56,62,r/NatureIsFuckingLit,7,2018-05-17 03:09:59,6,1,3,0
8jz2oe,2018-05-16 22:21:56,62,r/NatureIsFuckingLit,7,2018-05-17 03:12:30,7,1,2,0
8jz2oe,2018-05-16 22:21:56,62,r/NatureIsFuckingLit,7,2018-05-17 03:20:52,8,0,2,0
8jz2oe,2018-05-16 22:21:56,62,r/NatureIsFuckingLit,8,2018-05-17 04:00:56,0,0,5,0
8jz2oe,2018-05-16 22:21:56,62,r/NatureIsFuckingLit,9,2018-05-16 22:23:03,0,1,11,0
8jz2oe,2018-05-16 22:21:56,62,r/NatureIsFuckingLit,9,2018-05-16 22:23:45,1,1,24,0
8jz2oe,2018-05-16 22:21:56,62,r/NatureIsFuckingLit,9,2018-05-16 22:25:52,2,1,12,0
8jz2oe,2018-05-16 22:21:56,62,r/NatureIsFuckingLit,9,2018-05-16 23:39:24,3,1,14,0
8jz2oe,2018-05-16 22:21:56,62,r/NatureIsFuckingLit,9,2018-05-17 01:56:57,4,0,7,0
8jz2oe,2018-05-16 22:21:56,62,r/NatureIsFuckingLit,10,2018-05-17 02:40:35,0,0,8,0
8jz2oe,2018-05-16 22:21:56,62,r/NatureIsFuckingLit,11,2018-05-17 01:10:25,0,3,7,0
8jz2oe,2018-05-16 22:21:56,62,r/NatureIsFuckingLit,11,2018-05-17 02:54:49,1,0,10,0
8jz2oe,2018-05-16 22:21:56,62,r/NatureIsFuckingLit,11,2018-05-17 02:08:03,1,0,2,0
8jz2oe,2018-05-16 22:21:56,62,r/NatureIsFuckingLit,11,2018-05-17 04:57:03,1,0,1,0
8jz2oe,2018-05-16 22:21:56,62,r/NatureIsFuckingLit,12,2018-05-17 01:52:29,0,0,6,0
8jz2oe,2018-05-16 22:21:56,62,r/NatureIsFuckingLit,13,2018-05-17 03:42:56,0,0,3,0
8jz2oe,2018-05-16 22:21:56,62,r/NatureIsFuckingLit,14,2018-05-17 04:10:04,0,0,3,0
8jz2oe,2018-05-16 22:21:56,62,r/NatureIsFuckingLit,15,2018-05-17 04:21:01,0,0,3,0
8jz2oe,2018-05-16 22:21:56,62,r/NatureIsFuckingLit,16,2018-05-17 04:26:43,0,1,1,0
8jz2oe,2018-05-16 22:21:56,62,r/NatureIsFuckingLit,16,2018-05-17 04:28:44,1,0,1,0
8jz2oe,2018-05-16 22:21:56,62,r/NatureIsFuckingLit,17,2018-05-16 22:46:18,0,1,4,0
8jz2oe,2018-05-16 22:21:56,62,r/NatureIsFuckingLit,17,2018-05-16 22:50:00,1,0,15,0
8jz2oe,2018-05-16 22:21:56,62,r/NatureIsFuckingLit,18,2018-05-17 01:23:16,0,1,5,0
8jz2oe,2018-05-16 22:21:56,62,r/NatureIsFuckingLit,18,2018-05-17 01:25:14,1,0,8,0
8jz2oe,2018-05-16 22:21:56,62,r/NatureIsFuckingLit,19,2018-05-16 23:19:39,0,0,4,0
8jz2oe,2018-05-16 22:21:56,62,r/NatureIsFuckingLit,20,2018-05-17 03:26:39,0,0,2,0
8jz2oe,2018-05-16 22:21:56,62,r/NatureIsFuckingLit,21,2018-05-17 03:35:12,0,0,2,0
8jz2oe,2018-05-16 22:21:56,62,r/NatureIsFuckingLit,22,2018-05-17 03:50:06,0,0,2,0
8jz2oe,2018-05-16 22:21:56,62,r/NatureIsFuckingLit,23,2018-05-17 03:51:19,0,0,2,0
8jz2oe,2018-05-16 22:21:56,62,r/NatureIsFuckingLit,24,2018-05-17 03:55:45,0,0,2,0
8jz2oe,2018-05-16 22:21:56,62,r/NatureIsFuckingLit,25,2018-05-17 04:00:53,0,0,2,0
8jz2oe,2018-05-16 22:21:56,62,r/NatureIsFuckingLit,26,2018-05-16 22:55:31,0,0,4,0
8jz2oe,2018-05-16 22:21:56,62,r/NatureIsFuckingLit,27,2018-05-17 03:09:44,0,1,3,0
8jz2oe,2018-05-16 22:21:56,62,r/NatureIsFuckingLit,27,2018-05-17 04:01:43,1,0,3,0
8jz2oe,2018-05-16 22:21:56,62,r/NatureIsFuckingLit,28,2018-05-17 03:05:21,0,0,1,0
8jz2oe,2018-05-16 22:21:56,62,r/NatureIsFuckingLit,29,2018-05-17 03:28:00,0,0,1,0
8jz2oe,2018-05-16 22:21:56,62,r/NatureIsFuckingLit,30,2018-05-17 03:50:17,0,0,1,0
8jz2oe,2018-05-16 22:21:56,62,r/NatureIsFuckingLit,31,2018-05-17 03:52:30,0,0,1,0
8jz2oe,2018-05-16 22:21:56,62,r/NatureIsFuckingLit,32,2018-05-17 03:52:57,0,0,1,0
8jz2oe,2018-05-16 22:21:56,62,r/NatureIsFuckingLit,33,2018-05-17 04:09:19,0,0,1,0
8jz2oe,2018-05-16 22:21:56,62,r/NatureIsFuckingLit,34,2018-05-17 04:15:33,0,0,1,0
8jz2oe,2018-05-16 22:21:56,62,r/NatureIsFuckingLit,35,2018-05-17 04:15:35,0,0,1,0
8jz2oe,2018-05-16 22:21:56,62,r/NatureIsFuckingLit,36,2018-05-17 04:18:02,0,0,1,0
8jz2oe,2018-05-16 22:21:56,62,r/NatureIsFuckingLit,37,2018-05-17 04:25:04,0,0,1,0
8jz2oe,2018-05-16 22:21:56,62,r/NatureIsFuckingLit,38,2018-05-17 04:31:46,0,0,1,0
8jz2oe,2018-05-16 22:21:56,62,r/NatureIsFuckingLit,39,2018-05-17 04:36:15,0,0,1,0
8jz2oe,2018-05-16 22:21:56,62,r/NatureIsFuckingLit,40,2018-05-17 04:39:16,0,1,1,0
8jz2oe,2018-05-16 22:21:56,62,r/NatureIsFuckingLit,40,2018-05-17 04:44:35,1,0,1,0
8jz2oe,2018-05-16 22:21:56,62,r/NatureIsFuckingLit,41,2018-05-17 04:45:59,0,0,1,0
8jz2oe,2018-05-16 22:21:56,62,r/NatureIsFuckingLit,42,2018-05-17 04:50:23,0,0,1,0
8jz2oe,2018-05-16 22:21:56,62,r/NatureIsFuckingLit,43,2018-05-17 04:52:44,0,0,1,0
8jz2oe,2018-05-16 22:21:56,62,r/NatureIsFuckingLit,44,2018-05-17 04:58:27,0,0,1,0
8jz2oe,2018-05-16 22:21:56,62,r/NatureIsFuckingLit,45,2018-05-17 05:09:34,0,0,1,0
8jz2oe,2018-05-16 22:21:56,62,r/NatureIsFuckingLit,46,2018-05-17 05:10:12,0,0,1,0
8jz2oe,2018-05-16 22:21:56,62,r/NatureIsFuckingLit,47,2018-05-17 05:10:30,0,0,1,0
8jz2oe,2018-05-16 22:21:56,62,r/NatureIsFuckingLit,48,2018-05-17 05:12:06,0,0,1,0
8jz2oe,2018-05-16 22:21:56,62,r/NatureIsFuckingLit,49,2018-05-17 05:13:32,0,1,1,0
8jz2oe,2018-05-16 22:21:56,62,r/NatureIsFuckingLit,49,2018-05-17 05:16:00,1,0,1,0
8jz2oe,2018-05-16 22:21:56,62,r/NatureIsFuckingLit,50,2018-05-17 05:15:27,0,0,1,0
8jz2oe,2018-05-16 22:21:56,62,r/NatureIsFuckingLit,51,2018-05-17 05:15:51,0,0,1,0
8jz2oe,2018-05-16 22:21:56,62,r/NatureIsFuckingLit,52,2018-05-17 05:16:14,0,0,1,0
8jz2oe,2018-05-16 22:21:56,62,r/NatureIsFuckingLit,53,2018-05-17 05:16:48,0,0,1,0
8jz2oe,2018-05-16 22:21:56,62,r/NatureIsFuckingLit,54,2018-05-17 05:19:00,0,0,1,0
8jz2oe,2018-05-16 22:21:56,62,r/NatureIsFuckingLit,55,2018-05-17 02:41:51,0,0,1,0
8jz2oe,2018-05-16 22:21:56,62,r/NatureIsFuckingLit,56,2018-05-17 04:59:42,0,0,1,0
8jz2oe,2018-05-16 22:21:56,62,r/NatureIsFuckingLit,57,2018-05-17 00:48:27,0,0,-3,0
8jzxp3,2018-05-17 00:30:20,63,r/babybigcatgifs,0,2018-05-17 01:00:24,0,1,118,0
8jzxp3,2018-05-17 00:30:20,63,r/babybigcatgifs,0,2018-05-17 02:56:29,1,0,15,0
8jzxp3,2018-05-17 00:30:20,63,r/babybigcatgifs,1,2018-05-17 01:14:37,0,1,26,0
8jzxp3,2018-05-17 00:30:20,63,r/babybigcatgifs,1,2018-05-17 04:49:02,1,0,3,0
8jzxp3,2018-05-17 00:30:20,63,r/babybigcatgifs,2,2018-05-17 01:22:50,0,0,41,0
8jzxp3,2018-05-17 00:30:20,63,r/babybigcatgifs,3,2018-05-17 02:23:41,0,0,16,0
8jzxp3,2018-05-17 00:30:20,63,r/babybigcatgifs,4,2018-05-17 03:53:11,0,0,4,0
8jzxp3,2018-05-17 00:30:20,63,r/babybigcatgifs,5,2018-05-17 04:08:55,0,2,3,0
8jzxp3,2018-05-17 00:30:20,63,r/babybigcatgifs,5,2018-05-17 04:59:16,1,1,2,0
8jzxp3,2018-05-17 00:30:20,63,r/babybigcatgifs,5,2018-05-17 05:13:49,2,0,1,0
8jzxp3,2018-05-17 00:30:20,63,r/babybigcatgifs,5,2018-05-17 05:07:44,1,1,2,0
8jzxp3,2018-05-17 00:30:20,63,r/babybigcatgifs,5,2018-05-17 05:12:36,2,0,1,0
8jzxp3,2018-05-17 00:30:20,63,r/babybigcatgifs,6,2018-05-17 01:31:57,0,0,2,0
8jzxp3,2018-05-17 00:30:20,63,r/babybigcatgifs,7,2018-05-17 04:40:05,0,0,2,0
8jzxp3,2018-05-17 00:30:20,63,r/babybigcatgifs,8,2018-05-17 01:25:13,0,0,-3,0
8jy91g,2018-05-16 20:31:43,64,r/greentext,0,2018-05-16 21:41:01,0,9,340,0
8jy91g,2018-05-16 20:31:43,64,r/greentext,0,2018-05-16 23:28:42,1,1,142,0
8jy91g,2018-05-16 20:31:43,64,r/greentext,0,2018-05-17 03:31:49,2,1,8,0
8jy91g,2018-05-16 20:31:43,64,r/greentext,0,2018-05-17 03:38:25,3,0,6,0
8jy91g,2018-05-16 20:31:43,64,r/greentext,0,2018-05-17 00:01:04,1,0,54,0
8jy91g,2018-05-16 20:31:43,64,r/greentext,0,2018-05-17 01:45:26,1,0,16,0
8jy91g,2018-05-16 20:31:43,64,r/greentext,0,2018-05-17 00:49:43,1,2,15,0
8jy91g,2018-05-16 20:31:43,64,r/greentext,0,2018-05-17 01:48:37,2,1,16,0
8jy91g,2018-05-16 20:31:43,64,r/greentext,0,2018-05-17 02:02:48,3,2,24,0
8jy91g,2018-05-16 20:31:43,64,r/greentext,0,2018-05-17 03:16:29,4,1,10,0
8jy91g,2018-05-16 20:31:43,64,r/greentext,0,2018-05-17 03:19:39,5,0,4,0
8jy91g,2018-05-16 20:31:43,64,r/greentext,0,2018-05-17 03:09:02,4,0,3,0
8jy91g,2018-05-16 20:31:43,64,r/greentext,0,2018-05-17 04:27:46,2,0,8,0
8jy91g,2018-05-16 20:31:43,64,r/greentext,0,2018-05-17 00:49:00,1,0,7,0
8jy91g,2018-05-16 20:31:43,64,r/greentext,0,2018-05-17 01:47:42,1,0,6,0
8jy91g,2018-05-16 20:31:43,64,r/greentext,0,2018-05-17 02:27:13,1,0,6,0
8jy91g,2018-05-16 20:31:43,64,r/greentext,0,2018-05-17 02:21:09,1,0,4,0
8jy91g,2018-05-16 20:31:43,64,r/greentext,0,2018-05-17 03:50:40,1,0,3,0
8jy91g,2018-05-16 20:31:43,64,r/greentext,1,2018-05-16 21:06:56,0,3,1767,0
8jy91g,2018-05-16 20:31:43,64,r/greentext,1,2018-05-17 00:40:58,1,1,305,0
8jy91g,2018-05-16 20:31:43,64,r/greentext,1,2018-05-17 01:49:41,2,1,83,0
8jy91g,2018-05-16 20:31:43,64,r/greentext,1,2018-05-17 02:53:51,3,0,31,0
8jy91g,2018-05-16 20:31:43,64,r/greentext,1,2018-05-17 04:55:52,1,0,4,0
8jy91g,2018-05-16 20:31:43,64,r/greentext,1,2018-05-17 04:13:20,1,1,-20,0
8jy91g,2018-05-16 20:31:43,64,r/greentext,1,2018-05-17 04:25:25,2,1,12,0
8jy91g,2018-05-16 20:31:43,64,r/greentext,1,2018-05-17 04:49:52,3,1,7,0
8jy91g,2018-05-16 20:31:43,64,r/greentext,1,2018-05-17 04:51:53,4,0,7,0
8jy91g,2018-05-16 20:31:43,64,r/greentext,2,2018-05-16 20:56:35,0,0,367,0
8jy91g,2018-05-16 20:31:43,64,r/greentext,3,2018-05-16 21:33:08,0,1,124,0
8jy91g,2018-05-16 20:31:43,64,r/greentext,3,2018-05-16 23:39:19,1,1,30,0
8jy91g,2018-05-16 20:31:43,64,r/greentext,3,2018-05-17 00:42:59,2,1,18,0
8jy91g,2018-05-16 20:31:43,64,r/greentext,3,2018-05-17 01:36:32,3,1,31,0
8jy91g,2018-05-16 20:31:43,64,r/greentext,3,2018-05-17 01:49:13,4,1,7,0
8jy91g,2018-05-16 20:31:43,64,r/greentext,3,2018-05-17 03:50:00,5,2,8,0
8jy91g,2018-05-16 20:31:43,64,r/greentext,3,2018-05-17 03:55:39,6,1,7,0
8jy91g,2018-05-16 20:31:43,64,r/greentext,3,2018-05-17 04:39:37,7,0,2,0
8jy91g,2018-05-16 20:31:43,64,r/greentext,3,2018-05-17 04:40:40,6,0,-2,0
8jy91g,2018-05-16 20:31:43,64,r/greentext,4,2018-05-16 20:43:52,0,0,29,0
8jy91g,2018-05-16 20:31:43,64,r/greentext,5,2018-05-16 23:34:35,0,0,54,0
8jy91g,2018-05-16 20:31:43,64,r/greentext,6,2018-05-17 02:13:05,0,0,9,0
8jy91g,2018-05-16 20:31:43,64,r/greentext,7,2018-05-17 04:24:23,0,2,6,0
8jy91g,2018-05-16 20:31:43,64,r/greentext,7,2018-05-17 04:40:25,1,1,2,0
8jy91g,2018-05-16 20:31:43,64,r/greentext,7,2018-05-17 05:00:56,2,0,2,0
8jy91g,2018-05-16 20:31:43,64,r/greentext,7,2018-05-17 05:20:39,1,0,1,0
8jy91g,2018-05-16 20:31:43,64,r/greentext,8,2018-05-17 01:12:33,0,0,13,0
8jy91g,2018-05-16 20:31:43,64,r/greentext,9,2018-05-17 02:11:57,0,4,25,0
8jy91g,2018-05-16 20:31:43,64,r/greentext,9,2018-05-17 02:17:55,1,0,15,0
8jy91g,2018-05-16 20:31:43,64,r/greentext,9,2018-05-17 04:43:40,1,1,2,0
8jy91g,2018-05-16 20:31:43,64,r/greentext,9,2018-05-17 04:44:36,2,0,2,0
8jy91g,2018-05-16 20:31:43,64,r/greentext,9,2018-05-17 05:16:35,1,0,2,0
8jy91g,2018-05-16 20:31:43,64,r/greentext,9,2018-05-17 02:27:54,1,1,-12,0
8jy91g,2018-05-16 20:31:43,64,r/greentext,9,2018-05-17 02:48:43,2,2,13,0
8jy91g,2018-05-16 20:31:43,64,r/greentext,9,2018-05-17 03:14:53,3,0,6,0
8jy91g,2018-05-16 20:31:43,64,r/greentext,9,2018-05-17 02:48:46,3,1,-1,0
8jy91g,2018-05-16 20:31:43,64,r/greentext,9,2018-05-17 02:49:04,4,1,7,0
8jy91g,2018-05-16 20:31:43,64,r/greentext,9,2018-05-17 03:23:14,5,0,5,0
8jy91g,2018-05-16 20:31:43,64,r/greentext,10,2018-05-17 03:05:25,0,0,7,0
8jy91g,2018-05-16 20:31:43,64,r/greentext,11,2018-05-17 04:48:38,0,0,2,0
8jy91g,2018-05-16 20:31:43,64,r/greentext,12,2018-05-17 04:50:46,0,0,2,0
8jy91g,2018-05-16 20:31:43,64,r/greentext,13,2018-05-17 05:09:50,0,0,1,0
8jy91g,2018-05-16 20:31:43,64,r/greentext,14,2018-05-17 05:12:40,0,0,-1,0
8jy91g,2018-05-16 20:31:43,64,r/greentext,15,2018-05-17 04:24:11,0,0,-3,0
8jy91g,2018-05-16 20:31:43,64,r/greentext,16,2018-05-17 03:38:09,0,3,-14,0
8jy91g,2018-05-16 20:31:43,64,r/greentext,16,2018-05-17 03:50:19,1,0,7,0
8jy91g,2018-05-16 20:31:43,64,r/greentext,16,2018-05-17 04:43:13,1,0,3,0
8jy91g,2018-05-16 20:31:43,64,r/greentext,16,2018-05-17 05:00:11,1,0,2,0
8jx48v,2018-05-16 18:08:38,65,r/mildlyinteresting,0,2018-05-16 19:09:12,0,44,9676,0
8jx48v,2018-05-16 18:08:38,65,r/mildlyinteresting,0,2018-05-16 19:22:36,1,1,4350,0
8jx48v,2018-05-16 18:08:38,65,r/mildlyinteresting,0,2018-05-16 20:50:59,2,3,973,0
8jx48v,2018-05-16 18:08:38,65,r/mildlyinteresting,0,2018-05-16 20:52:43,3,1,357,0
8jx48v,2018-05-16 18:08:38,65,r/mildlyinteresting,0,2018-05-16 20:53:36,4,7,604,0
8jx48v,2018-05-16 18:08:38,65,r/mildlyinteresting,0,2018-05-16 21:05:45,5,6,315,0
8jx48v,2018-05-16 18:08:38,65,r/mildlyinteresting,0,2018-05-16 21:21:45,6,3,245,0
8jx48v,2018-05-16 18:08:38,65,r/mildlyinteresting,0,2018-05-16 21:44:11,7,2,86,0
8jx48v,2018-05-16 18:08:38,65,r/mildlyinteresting,0,2018-05-16 22:02:17,8,1,31,0
8jx48v,2018-05-16 18:08:38,65,r/mildlyinteresting,0,2018-05-16 22:29:04,9,1,25,0
8jx48v,2018-05-16 18:08:38,65,r/mildlyinteresting,0,2018-05-17 01:31:25,8,0,1,0
8jx48v,2018-05-16 18:08:38,65,r/mildlyinteresting,0,2018-05-16 21:56:20,7,1,23,0
8jx48v,2018-05-16 18:08:38,65,r/mildlyinteresting,0,2018-05-16 22:05:54,8,1,13,0
8jx48v,2018-05-16 18:08:38,65,r/mildlyinteresting,0,2018-05-16 22:53:17,7,2,8,0
8jx48v,2018-05-16 18:08:38,65,r/mildlyinteresting,0,2018-05-16 23:16:02,8,0,2,0
8jx48v,2018-05-16 18:08:38,65,r/mildlyinteresting,0,2018-05-16 23:53:44,8,0,1,0
8jx48v,2018-05-16 18:08:38,65,r/mildlyinteresting,0,2018-05-16 21:22:27,6,2,19,0
8jx48v,2018-05-16 18:08:38,65,r/mildlyinteresting,0,2018-05-16 22:04:59,7,2,6,0
8jx48v,2018-05-16 18:08:38,65,r/mildlyinteresting,0,2018-05-16 22:51:08,8,1,9,0
8jx48v,2018-05-16 18:08:38,65,r/mildlyinteresting,0,2018-05-17 02:06:14,9,0,1,0
8jx48v,2018-05-16 18:08:38,65,r/mildlyinteresting,0,2018-05-16 22:03:19,7,0,2,0
8jx48v,2018-05-16 18:08:38,65,r/mildlyinteresting,0,2018-05-16 21:38:48,6,0,16,0
8jx48v,2018-05-16 18:08:38,65,r/mildlyinteresting,0,2018-05-16 21:28:34,6,4,13,0
8jx48v,2018-05-16 18:08:38,65,r/mildlyinteresting,0,2018-05-16 21:35:29,7,3,14,0
8jx48v,2018-05-16 18:08:38,65,r/mildlyinteresting,0,2018-05-16 22:20:39,8,1,12,0
8jx48v,2018-05-16 18:08:38,65,r/mildlyinteresting,0,2018-05-17 01:10:34,9,0,5,0
8jx48v,2018-05-16 18:08:38,65,r/mildlyinteresting,0,2018-05-16 22:26:23,8,0,1,0
8jx48v,2018-05-16 18:08:38,65,r/mildlyinteresting,0,2018-05-16 22:33:51,8,0,1,0
8jx48v,2018-05-16 18:08:38,65,r/mildlyinteresting,0,2018-05-16 21:31:28,7,1,5,0
8jx48v,2018-05-16 18:08:38,65,r/mildlyinteresting,0,2018-05-16 21:38:31,8,1,10,0
8jx48v,2018-05-16 18:08:38,65,r/mildlyinteresting,0,2018-05-16 21:41:00,9,0,18,0
8jx48v,2018-05-16 18:08:38,65,r/mildlyinteresting,0,2018-05-17 02:08:15,7,0,1,0
8jx48v,2018-05-16 18:08:38,65,r/mildlyinteresting,0,2018-05-16 21:47:34,6,0,2,0
8jx48v,2018-05-16 18:08:38,65,r/mildlyinteresting,0,2018-05-17 00:20:45,6,0,1,0
8jx48v,2018-05-16 18:08:38,65,r/mildlyinteresting,0,2018-05-16 20:57:15,5,1,23,0
8jx48v,2018-05-16 18:08:38,65,r/mildlyinteresting,0,2018-05-16 21:03:43,6,1,36,0
8jx48v,2018-05-16 18:08:38,65,r/mildlyinteresting,0,2018-05-16 21:08:51,7,1,26,0
8jx48v,2018-05-16 18:08:38,65,r/mildlyinteresting,0,2018-05-16 21:18:32,8,0,3,0
8jx48v,2018-05-16 18:08:38,65,r/mildlyinteresting,0,2018-05-16 22:06:24,5,0,4,0
8jx48v,2018-05-16 18:08:38,65,r/mildlyinteresting,0,2018-05-16 21:42:29,5,0,3,0
8jx48v,2018-05-16 18:08:38,65,r/mildlyinteresting,0,2018-05-16 21:43:47,5,0,2,0
8jx48v,2018-05-16 18:08:38,65,r/mildlyinteresting,0,2018-05-16 22:40:47,5,0,1,0
8jx48v,2018-05-16 18:08:38,65,r/mildlyinteresting,0,2018-05-16 21:23:29,3,0,1,0
8jx48v,2018-05-16 18:08:38,65,r/mildlyinteresting,0,2018-05-17 01:34:11,3,0,1,0
8jx48v,2018-05-16 18:08:38,65,r/mildlyinteresting,0,2018-05-16 19:44:01,1,3,1370,0
8jx48v,2018-05-16 18:08:38,65,r/mildlyinteresting,0,2018-05-16 21:03:24,2,4,790,0
8jx48v,2018-05-16 18:08:38,65,r/mildlyinteresting,0,2018-05-16 21:08:16,3,2,519,0
8jx48v,2018-05-16 18:08:38,65,r/mildlyinteresting,0,2018-05-16 21:35:59,4,1,183,0
8jx48v,2018-05-16 18:08:38,65,r/mildlyinteresting,0,2018-05-16 21:52:45,5,2,101,0
8jx48v,2018-05-16 18:08:38,65,r/mildlyinteresting,0,2018-05-16 22:26:14,6,1,65,0
8jx48v,2018-05-16 18:08:38,65,r/mildlyinteresting,0,2018-05-17 00:34:36,7,0,5,0
8jx48v,2018-05-16 18:08:38,65,r/mildlyinteresting,0,2018-05-16 22:28:14,6,1,15,0
8jx48v,2018-05-16 18:08:38,65,r/mildlyinteresting,0,2018-05-17 00:34:16,7,0,1,0
8jx48v,2018-05-16 18:08:38,65,r/mildlyinteresting,0,2018-05-16 22:46:12,4,0,3,0
8jx48v,2018-05-16 18:08:38,65,r/mildlyinteresting,0,2018-05-16 21:12:00,3,3,130,0
8jx48v,2018-05-16 18:08:38,65,r/mildlyinteresting,0,2018-05-16 21:25:17,4,3,79,0
8jx48v,2018-05-16 18:08:38,65,r/mildlyinteresting,0,2018-05-16 23:51:47,5,0,16,0
8jx48v,2018-05-16 18:08:38,65,r/mildlyinteresting,0,2018-05-16 21:33:48,5,0,22,0
8jx48v,2018-05-16 18:08:38,65,r/mildlyinteresting,0,2018-05-16 22:46:21,5,0,6,0
8jx48v,2018-05-16 18:08:38,65,r/mildlyinteresting,0,2018-05-16 21:37:45,4,0,4,0
8jx48v,2018-05-16 18:08:38,65,r/mildlyinteresting,0,2018-05-16 21:28:12,3,1,33,0
8jx48v,2018-05-16 18:08:38,65,r/mildlyinteresting,0,2018-05-16 22:34:54,4,2,5,0
8jx48v,2018-05-16 18:08:38,65,r/mildlyinteresting,0,2018-05-16 23:22:57,5,0,28,0
8jx48v,2018-05-16 18:08:38,65,r/mildlyinteresting,0,2018-05-16 23:51:39,5,0,1,0
8jx48v,2018-05-16 18:08:38,65,r/mildlyinteresting,0,2018-05-16 21:46:59,3,1,9,0
8jx48v,2018-05-16 18:08:38,65,r/mildlyinteresting,0,2018-05-17 00:59:12,4,0,1,0
8jx48v,2018-05-16 18:08:38,65,r/mildlyinteresting,0,2018-05-16 22:24:01,2,5,31,0
8jx48v,2018-05-16 18:08:38,65,r/mildlyinteresting,0,2018-05-16 22:51:33,3,0,26,0
8jx48v,2018-05-16 18:08:38,65,r/mildlyinteresting,0,2018-05-16 23:43:37,3,0,17,0
8jx48v,2018-05-16 18:08:38,65,r/mildlyinteresting,0,2018-05-17 00:34:28,3,0,7,0
8jx48v,2018-05-16 18:08:38,65,r/mildlyinteresting,0,2018-05-16 22:25:58,3,0,5,0
8jx48v,2018-05-16 18:08:38,65,r/mildlyinteresting,0,2018-05-16 22:47:53,3,0,5,0
8jx48v,2018-05-16 18:08:38,65,r/mildlyinteresting,0,2018-05-16 20:24:52,1,1,184,0
8jx48v,2018-05-16 18:08:38,65,r/mildlyinteresting,0,2018-05-16 20:40:06,2,9,259,0
8jx48v,2018-05-16 18:08:38,65,r/mildlyinteresting,0,2018-05-16 21:10:41,3,3,127,0
8jx48v,2018-05-16 18:08:38,65,r/mildlyinteresting,0,2018-05-16 21:45:43,4,1,48,0
8jx48v,2018-05-16 18:08:38,65,r/mildlyinteresting,0,2018-05-17 01:49:25,5,0,2,0
8jx48v,2018-05-16 18:08:38,65,r/mildlyinteresting,0,2018-05-16 21:59:51,4,0,17,0
8jx48v,2018-05-16 18:08:38,65,r/mildlyinteresting,0,2018-05-16 21:42:35,4,0,5,0
8jx48v,2018-05-16 18:08:38,65,r/mildlyinteresting,0,2018-05-16 20:52:07,3,4,148,0
8jx48v,2018-05-16 18:08:38,65,r/mildlyinteresting,0,2018-05-16 21:09:47,4,0,18,0
8jx48v,2018-05-16 18:08:38,65,r/mildlyinteresting,0,2018-05-16 21:00:04,4,0,29,0
8jx48v,2018-05-16 18:08:38,65,r/mildlyinteresting,0,2018-05-17 01:18:26,4,0,3,0
8jx48v,2018-05-16 18:08:38,65,r/mildlyinteresting,0,2018-05-16 21:31:20,3,3,66,0
8jx48v,2018-05-16 18:08:38,65,r/mildlyinteresting,0,2018-05-16 23:02:20,4,1,48,0
8jx48v,2018-05-16 18:08:38,65,r/mildlyinteresting,0,2018-05-16 23:28:14,5,0,3,0
8jx48v,2018-05-16 18:08:38,65,r/mildlyinteresting,0,2018-05-16 21:59:07,4,1,11,0
8jx48v,2018-05-16 18:08:38,65,r/mildlyinteresting,0,2018-05-16 23:28:24,5,0,6,0
8jx48v,2018-05-16 18:08:38,65,r/mildlyinteresting,0,2018-05-17 02:17:10,4,0,3,0
8jx48v,2018-05-16 18:08:38,65,r/mildlyinteresting,0,2018-05-16 23:11:45,3,0,10,0
8jx48v,2018-05-16 18:08:38,65,r/mildlyinteresting,0,2018-05-16 21:21:06,3,0,8,0
8jx48v,2018-05-16 18:08:38,65,r/mildlyinteresting,0,2018-05-16 21:16:44,3,0,4,0
8jx48v,2018-05-16 18:08:38,65,r/mildlyinteresting,0,2018-05-16 23:41:18,3,0,2,0
8jx48v,2018-05-16 18:08:38,65,r/mildlyinteresting,0,2018-05-16 20:41:15,3,1,0,0
8jx48v,2018-05-16 18:08:38,65,r/mildlyinteresting,0,2018-05-16 21:00:49,4,1,26,0
8jx48v,2018-05-16 18:08:38,65,r/mildlyinteresting,0,2018-05-16 21:03:24,5,0,7,0
8jx48v,2018-05-16 18:08:38,65,r/mildlyinteresting,0,2018-05-17 00:58:16,3,1,1,0
8jx48v,2018-05-16 18:08:38,65,r/mildlyinteresting,0,2018-05-16 20:16:20,1,1,58,0
8jx48v,2018-05-16 18:08:38,65,r/mildlyinteresting,0,2018-05-17 01:10:49,2,0,8,0
8jx48v,2018-05-16 18:08:38,65,r/mildlyinteresting,0,2018-05-16 19:42:39,1,0,115,0
8jx48v,2018-05-16 18:08:38,65,r/mildlyinteresting,0,2018-05-16 19:54:08,1,4,86,0
8jx48v,2018-05-16 18:08:38,65,r/mildlyinteresting,0,2018-05-16 20:23:46,2,4,99,0
8jx48v,2018-05-16 18:08:38,65,r/mildlyinteresting,0,2018-05-16 20:51:44,3,1,28,0
8jx48v,2018-05-16 18:08:38,65,r/mildlyinteresting,0,2018-05-16 22:21:11,3,0,3,0
8jx48v,2018-05-16 18:08:38,65,r/mildlyinteresting,0,2018-05-16 21:30:26,3,0,3,0
8jx48v,2018-05-16 18:08:38,65,r/mildlyinteresting,0,2018-05-16 21:52:16,3,0,1,0
8jx48v,2018-05-16 18:08:38,65,r/mildlyinteresting,0,2018-05-16 21:00:34,2,1,10,0
8jx48v,2018-05-16 18:08:38,65,r/mildlyinteresting,0,2018-05-16 22:25:37,3,0,6,0
8jx48v,2018-05-16 18:08:38,65,r/mildlyinteresting,0,2018-05-16 19:55:08,2,0,18,0
8jx48v,2018-05-16 18:08:38,65,r/mildlyinteresting,0,2018-05-16 20:52:41,1,1,18,0
8jx48v,2018-05-16 18:08:38,65,r/mildlyinteresting,0,2018-05-16 22:21:45,2,0,1,0
8jx48v,2018-05-16 18:08:38,65,r/mildlyinteresting,0,2018-05-16 21:10:35,1,0,25,0
8jx48v,2018-05-16 18:08:38,65,r/mildlyinteresting,0,2018-05-16 22:38:46,1,0,9,0
8jx48v,2018-05-16 18:08:38,65,r/mildlyinteresting,0,2018-05-16 21:28:27,1,0,7,0
8jx48v,2018-05-16 18:08:38,65,r/mildlyinteresting,0,2018-05-16 21:25:14,1,1,4,0
8jx48v,2018-05-16 18:08:38,65,r/mildlyinteresting,0,2018-05-16 22:00:47,2,1,14,0
8jx48v,2018-05-16 18:08:38,65,r/mildlyinteresting,0,2018-05-16 20:58:33,1,0,3,0
8jx48v,2018-05-16 18:08:38,65,r/mildlyinteresting,0,2018-05-16 21:17:36,1,0,3,0
8jx48v,2018-05-16 18:08:38,65,r/mildlyinteresting,0,2018-05-16 22:02:09,1,0,2,0
8jx48v,2018-05-16 18:08:38,65,r/mildlyinteresting,0,2018-05-16 23:55:16,1,0,2,0
8jx48v,2018-05-16 18:08:38,65,r/mildlyinteresting,0,2018-05-16 21:00:24,1,0,1,0
8jx48v,2018-05-16 18:08:38,65,r/mildlyinteresting,0,2018-05-16 21:11:10,1,0,1,0
8jx48v,2018-05-16 18:08:38,65,r/mildlyinteresting,0,2018-05-16 21:11:49,1,0,1,0
8jx48v,2018-05-16 18:08:38,65,r/mildlyinteresting,0,2018-05-16 21:13:52,1,0,1,0
8jx48v,2018-05-16 18:08:38,65,r/mildlyinteresting,0,2018-05-16 21:28:48,1,0,1,0
8jx48v,2018-05-16 18:08:38,65,r/mildlyinteresting,0,2018-05-16 21:42:27,1,0,1,0
8jx48v,2018-05-16 18:08:38,65,r/mildlyinteresting,0,2018-05-16 22:12:24,1,0,1,0
8jx48v,2018-05-16 18:08:38,65,r/mildlyinteresting,0,2018-05-16 22:15:51,1,0,1,0
8jx48v,2018-05-16 18:08:38,65,r/mildlyinteresting,0,2018-05-16 22:21:56,1,0,1,0
8jx48v,2018-05-16 18:08:38,65,r/mildlyinteresting,0,2018-05-16 22:22:55,1,0,1,0
8jx48v,2018-05-16 18:08:38,65,r/mildlyinteresting,0,2018-05-16 22:24:27,1,0,1,0
8jx48v,2018-05-16 18:08:38,65,r/mildlyinteresting,0,2018-05-16 22:26:23,1,0,1,0
8jx48v,2018-05-16 18:08:38,65,r/mildlyinteresting,0,2018-05-16 22:28:35,1,0,1,0
8jx48v,2018-05-16 18:08:38,65,r/mildlyinteresting,0,2018-05-16 22:37:32,1,0,1,0
8jx48v,2018-05-16 18:08:38,65,r/mildlyinteresting,0,2018-05-16 22:41:24,1,0,1,0
8jx48v,2018-05-16 18:08:38,65,r/mildlyinteresting,0,2018-05-16 22:49:29,1,0,1,0
8jx48v,2018-05-16 18:08:38,65,r/mildlyinteresting,0,2018-05-16 22:53:47,1,0,1,0
8jx48v,2018-05-16 18:08:38,65,r/mildlyinteresting,0,2018-05-16 23:03:15,1,0,1,0
8jx48v,2018-05-16 18:08:38,65,r/mildlyinteresting,0,2018-05-16 23:10:06,1,0,1,0
8jx48v,2018-05-16 18:08:38,65,r/mildlyinteresting,0,2018-05-16 23:10:27,1,0,1,0
8jx48v,2018-05-16 18:08:38,65,r/mildlyinteresting,0,2018-05-16 23:15:57,1,0,1,0
8jx48v,2018-05-16 18:08:38,65,r/mildlyinteresting,0,2018-05-16 23:35:50,1,0,1,0
8jx48v,2018-05-16 18:08:38,65,r/mildlyinteresting,0,2018-05-16 23:41:57,1,0,1,0
8jx48v,2018-05-16 18:08:38,65,r/mildlyinteresting,0,2018-05-17 00:16:47,1,0,1,0
8jx48v,2018-05-16 18:08:38,65,r/mildlyinteresting,0,2018-05-17 00:54:45,1,0,1,0
8jx48v,2018-05-16 18:08:38,65,r/mildlyinteresting,0,2018-05-17 01:18:08,1,0,1,0
8jx48v,2018-05-16 18:08:38,65,r/mildlyinteresting,0,2018-05-17 01:40:43,1,0,1,0
8jx48v,2018-05-16 18:08:38,65,r/mildlyinteresting,0,2018-05-17 01:49:48,1,0,1,0
8jx48v,2018-05-16 18:08:38,65,r/mildlyinteresting,1,2018-05-16 19:10:17,0,3,1448,0
8jx48v,2018-05-16 18:08:38,65,r/mildlyinteresting,1,2018-05-16 20:59:43,1,2,67,0
8jx48v,2018-05-16 18:08:38,65,r/mildlyinteresting,1,2018-05-16 21:01:57,2,1,19,0
8jx48v,2018-05-16 18:08:38,65,r/mildlyinteresting,1,2018-05-16 22:32:22,3,0,1,0
8jx48v,2018-05-16 18:08:38,65,r/mildlyinteresting,1,2018-05-16 21:05:59,2,2,17,0
8jx48v,2018-05-16 18:08:38,65,r/mildlyinteresting,1,2018-05-16 21:06:16,3,1,22,0
8jx48v,2018-05-16 18:08:38,65,r/mildlyinteresting,1,2018-05-17 00:18:14,4,0,2,0
8jx48v,2018-05-16 18:08:38,65,r/mildlyinteresting,1,2018-05-16 21:37:34,3,1,8,0
8jx48v,2018-05-16 18:08:38,65,r/mildlyinteresting,1,2018-05-16 21:56:46,4,2,26,0
8jx48v,2018-05-16 18:08:38,65,r/mildlyinteresting,1,2018-05-16 21:58:10,5,1,6,0
8jx48v,2018-05-16 18:08:38,65,r/mildlyinteresting,1,2018-05-16 22:23:12,6,0,2,0
8jx48v,2018-05-16 18:08:38,65,r/mildlyinteresting,1,2018-05-16 22:19:10,5,0,3,0
8jx48v,2018-05-16 18:08:38,65,r/mildlyinteresting,1,2018-05-17 00:22:36,1,0,1,0
8jx48v,2018-05-16 18:08:38,65,r/mildlyinteresting,2,2018-05-16 18:21:54,0,9,1429,0
8jx48v,2018-05-16 18:08:38,65,r/mildlyinteresting,2,2018-05-16 19:04:51,1,5,678,0
8jx48v,2018-05-16 18:08:38,65,r/mildlyinteresting,2,2018-05-16 19:12:41,2,1,254,0
8jx48v,2018-05-16 18:08:38,65,r/mildlyinteresting,2,2018-05-16 20:51:49,3,4,101,0
8jx48v,2018-05-16 18:08:38,65,r/mildlyinteresting,2,2018-05-16 22:29:06,4,0,28,0
8jx48v,2018-05-16 18:08:38,65,r/mildlyinteresting,2,2018-05-16 22:27:26,4,0,16,0
8jx48v,2018-05-16 18:08:38,65,r/mildlyinteresting,2,2018-05-16 21:35:44,4,0,10,0
8jx48v,2018-05-16 18:08:38,65,r/mildlyinteresting,2,2018-05-16 23:11:01,4,0,2,0
8jx48v,2018-05-16 18:08:38,65,r/mildlyinteresting,2,2018-05-16 21:43:25,2,0,39,0
8jx48v,2018-05-16 18:08:38,65,r/mildlyinteresting,2,2018-05-16 23:10:23,2,0,15,0
8jx48v,2018-05-16 18:08:38,65,r/mildlyinteresting,2,2018-05-16 22:03:07,2,1,1,0
8jx48v,2018-05-16 18:08:38,65,r/mildlyinteresting,2,2018-05-16 22:06:55,3,0,1,0
8jx48v,2018-05-16 18:08:38,65,r/mildlyinteresting,2,2018-05-16 18:41:39,1,1,34,0
8jx48v,2018-05-16 18:08:38,65,r/mildlyinteresting,2,2018-05-16 19:23:24,2,0,3,0
8jx48v,2018-05-16 18:08:38,65,r/mildlyinteresting,2,2018-05-16 18:44:50,1,1,27,0
8jx48v,2018-05-16 18:08:38,65,r/mildlyinteresting,2,2018-05-16 19:14:34,2,0,9,0
8jx48v,2018-05-16 18:08:38,65,r/mildlyinteresting,2,2018-05-16 18:44:09,1,2,27,0
8jx48v,2018-05-16 18:08:38,65,r/mildlyinteresting,2,2018-05-16 18:46:44,2,2,98,0
8jx48v,2018-05-16 18:08:38,65,r/mildlyinteresting,2,2018-05-16 20:25:30,3,1,44,0
8jx48v,2018-05-16 18:08:38,65,r/mildlyinteresting,2,2018-05-16 22:14:18,4,1,11,0
8jx48v,2018-05-16 18:08:38,65,r/mildlyinteresting,2,2018-05-16 23:35:10,5,0,2,0
8jx48v,2018-05-16 18:08:38,65,r/mildlyinteresting,2,2018-05-16 20:42:42,3,1,6,0
8jx48v,2018-05-16 18:08:38,65,r/mildlyinteresting,2,2018-05-16 21:10:46,4,1,12,0
8jx48v,2018-05-16 18:08:38,65,r/mildlyinteresting,2,2018-05-16 21:38:05,5,0,1,0
8jx48v,2018-05-16 18:08:38,65,r/mildlyinteresting,2,2018-05-16 19:02:19,1,0,3,0
8jx48v,2018-05-16 18:08:38,65,r/mildlyinteresting,2,2018-05-16 20:25:51,1,0,3,0
8jx48v,2018-05-16 18:08:38,65,r/mildlyinteresting,2,2018-05-16 21:39:26,1,0,1,0
8jx48v,2018-05-16 18:08:38,65,r/mildlyinteresting,2,2018-05-16 21:57:05,1,0,1,0
8jx48v,2018-05-16 18:08:38,65,r/mildlyinteresting,3,2018-05-16 18:17:46,0,1,470,0
8jx48v,2018-05-16 18:08:38,65,r/mildlyinteresting,3,2018-05-16 18:27:10,1,5,600,0
8jx48v,2018-05-16 18:08:38,65,r/mildlyinteresting,3,2018-05-16 20:48:46,2,16,486,0
8jx48v,2018-05-16 18:08:38,65,r/mildlyinteresting,3,2018-05-16 20:56:49,3,11,423,0
8jx48v,2018-05-16 18:08:38,65,r/mildlyinteresting,3,2018-05-16 21:22:14,4,1,78,0
8jx48v,2018-05-16 18:08:38,65,r/mildlyinteresting,3,2018-05-16 22:15:16,5,0,15,0
8jx48v,2018-05-16 18:08:38,65,r/mildlyinteresting,3,2018-05-16 21:08:31,4,1,190,0
8jx48v,2018-05-16 18:08:38,65,r/mildlyinteresting,3,2018-05-16 22:41:38,5,1,21,0
8jx48v,2018-05-16 18:08:38,65,r/mildlyinteresting,3,2018-05-16 23:29:17,6,0,10,0
8jx48v,2018-05-16 18:08:38,65,r/mildlyinteresting,3,2018-05-16 21:18:29,4,0,58,0
8jx48v,2018-05-16 18:08:38,65,r/mildlyinteresting,3,2018-05-16 22:23:55,4,0,14,0
8jx48v,2018-05-16 18:08:38,65,r/mildlyinteresting,3,2018-05-17 01:41:36,4,0,2,0
8jx48v,2018-05-16 18:08:38,65,r/mildlyinteresting,3,2018-05-16 23:41:01,4,1,1,0
8jx48v,2018-05-16 18:08:38,65,r/mildlyinteresting,3,2018-05-16 23:43:56,4,0,1,0
8jx48v,2018-05-16 18:08:38,65,r/mildlyinteresting,3,2018-05-17 01:04:54,4,0,1,0
8jx48v,2018-05-16 18:08:38,65,r/mildlyinteresting,3,2018-05-17 01:14:54,4,0,1,0
8jx48v,2018-05-16 18:08:38,65,r/mildlyinteresting,3,2018-05-17 01:54:56,4,0,1,0
8jx48v,2018-05-16 18:08:38,65,r/mildlyinteresting,3,2018-05-16 21:09:58,3,1,68,0
8jx48v,2018-05-16 18:08:38,65,r/mildlyinteresting,3,2018-05-16 21:57:03,4,0,3,0
8jx48v,2018-05-16 18:08:38,65,r/mildlyinteresting,3,2018-05-16 21:29:49,3,4,53,0
8jx48v,2018-05-16 18:08:38,65,r/mildlyinteresting,3,2018-05-16 21:50:22,4,0,63,0
8jx48v,2018-05-16 18:08:38,65,r/mildlyinteresting,3,2018-05-16 22:01:03,4,0,10,0
8jx48v,2018-05-16 18:08:38,65,r/mildlyinteresting,3,2018-05-16 21:58:58,4,0,5,0
8jx48v,2018-05-16 18:08:38,65,r/mildlyinteresting,3,2018-05-16 21:58:18,4,0,2,0
8jx48v,2018-05-16 18:08:38,65,r/mildlyinteresting,3,2018-05-16 22:57:17,3,0,6,0
8jx48v,2018-05-16 18:08:38,65,r/mildlyinteresting,3,2018-05-16 21:19:48,3,1,20,0
8jx48v,2018-05-16 18:08:38,65,r/mildlyinteresting,3,2018-05-16 21:32:11,4,0,9,0
8jx48v,2018-05-16 18:08:38,65,r/mildlyinteresting,3,2018-05-16 21:28:36,3,1,8,0
8jx48v,2018-05-16 18:08:38,65,r/mildlyinteresting,3,2018-05-16 21:58:49,4,1,1,0
8jx48v,2018-05-16 18:08:38,65,r/mildlyinteresting,3,2018-05-16 22:28:49,5,0,1,0
8jx48v,2018-05-16 18:08:38,65,r/mildlyinteresting,3,2018-05-17 01:31:04,3,0,3,0
8jx48v,2018-05-16 18:08:38,65,r/mildlyinteresting,3,2018-05-16 21:40:08,3,0,1,0
8jx48v,2018-05-16 18:08:38,65,r/mildlyinteresting,3,2018-05-16 21:43:42,3,0,1,0
8jx48v,2018-05-16 18:08:38,65,r/mildlyinteresting,3,2018-05-16 21:59:04,3,0,1,0
8jx48v,2018-05-16 18:08:38,65,r/mildlyinteresting,3,2018-05-16 22:19:13,3,0,1,0
8jx48v,2018-05-16 18:08:38,65,r/mildlyinteresting,3,2018-05-16 22:43:06,3,0,1,0
8jx48v,2018-05-16 18:08:38,65,r/mildlyinteresting,3,2018-05-16 23:00:28,3,0,1,0
8jx48v,2018-05-16 18:08:38,65,r/mildlyinteresting,3,2018-05-16 23:40:20,3,0,1,0
8jx48v,2018-05-16 18:08:38,65,r/mildlyinteresting,3,2018-05-17 01:31:43,3,0,1,0
8jx48v,2018-05-16 18:08:38,65,r/mildlyinteresting,3,2018-05-17 01:48:26,3,0,1,0
8jx48v,2018-05-16 18:08:38,65,r/mildlyinteresting,3,2018-05-16 21:59:12,2,0,5,0
8jx48v,2018-05-16 18:08:38,65,r/mildlyinteresting,3,2018-05-16 18:49:02,2,1,4,0
8jx48v,2018-05-16 18:08:38,65,r/mildlyinteresting,3,2018-05-16 19:16:11,3,1,34,0
8jx48v,2018-05-16 18:08:38,65,r/mildlyinteresting,3,2018-05-16 20:43:20,4,0,7,0
8jx48v,2018-05-16 18:08:38,65,r/mildlyinteresting,3,2018-05-16 22:33:07,2,1,1,0
8jx48v,2018-05-16 18:08:38,65,r/mildlyinteresting,4,2018-05-16 18:56:42,0,2,258,0
8jx48v,2018-05-16 18:08:38,65,r/mildlyinteresting,4,2018-05-16 19:47:03,1,2,206,0
8jx48v,2018-05-16 18:08:38,65,r/mildlyinteresting,4,2018-05-16 20:08:59,2,3,124,0
8jx48v,2018-05-16 18:08:38,65,r/mildlyinteresting,4,2018-05-16 20:32:53,3,1,42,0
8jx48v,2018-05-16 18:08:38,65,r/mildlyinteresting,4,2018-05-16 20:48:35,4,4,74,0
8jx48v,2018-05-16 18:08:38,65,r/mildlyinteresting,4,2018-05-16 20:59:34,5,3,38,0
8jx48v,2018-05-16 18:08:38,65,r/mildlyinteresting,4,2018-05-16 21:04:04,6,0,21,0
8jx48v,2018-05-16 18:08:38,65,r/mildlyinteresting,4,2018-05-16 21:05:55,6,1,19,0
8jx48v,2018-05-16 18:08:38,65,r/mildlyinteresting,4,2018-05-16 21:13:21,7,1,2,0
8jx48v,2018-05-16 18:08:38,65,r/mildlyinteresting,4,2018-05-16 21:53:15,8,0,3,0
8jx48v,2018-05-16 18:08:38,65,r/mildlyinteresting,4,2018-05-16 21:08:28,6,3,4,0
8jx48v,2018-05-16 18:08:38,65,r/mildlyinteresting,4,2018-05-16 21:59:02,7,0,1,0
8jx48v,2018-05-16 18:08:38,65,r/mildlyinteresting,4,2018-05-16 22:46:32,7,0,1,0
8jx48v,2018-05-16 18:08:38,65,r/mildlyinteresting,4,2018-05-17 01:46:16,7,0,1,0
8jx48v,2018-05-16 18:08:38,65,r/mildlyinteresting,4,2018-05-16 20:58:44,5,0,1,0
8jx48v,2018-05-16 18:08:38,65,r/mildlyinteresting,4,2018-05-16 21:10:20,5,0,1,0
8jx48v,2018-05-16 18:08:38,65,r/mildlyinteresting,4,2018-05-16 21:26:35,5,0,1,0
8jx48v,2018-05-16 18:08:38,65,r/mildlyinteresting,4,2018-05-17 01:42:58,3,1,2,0
8jx48v,2018-05-16 18:08:38,65,r/mildlyinteresting,4,2018-05-17 01:59:46,4,0,1,0
8jx48v,2018-05-16 18:08:38,65,r/mildlyinteresting,4,2018-05-16 22:08:59,3,0,1,0
8jx48v,2018-05-16 18:08:38,65,r/mildlyinteresting,4,2018-05-16 23:22:53,2,0,1,0
8jx48v,2018-05-16 18:08:38,65,r/mildlyinteresting,4,2018-05-16 21:17:24,1,2,27,0
8jx48v,2018-05-16 18:08:38,65,r/mildlyinteresting,4,2018-05-16 21:31:49,2,0,2,0
8jx48v,2018-05-16 18:08:38,65,r/mildlyinteresting,4,2018-05-16 23:06:19,2,0,1,0
8jx48v,2018-05-16 18:08:38,65,r/mildlyinteresting,5,2018-05-16 19:11:02,0,0,37,0
8jx48v,2018-05-16 18:08:38,65,r/mildlyinteresting,6,2018-05-16 23:06:59,0,0,67,0
8jx48v,2018-05-16 18:08:38,65,r/mildlyinteresting,7,2018-05-16 21:01:46,0,2,71,0
8jx48v,2018-05-16 18:08:38,65,r/mildlyinteresting,7,2018-05-16 23:37:01,1,0,23,0
8jx48v,2018-05-16 18:08:38,65,r/mildlyinteresting,7,2018-05-17 00:28:07,1,0,2,0
8jx48v,2018-05-16 18:08:38,65,r/mildlyinteresting,8,2018-05-16 20:06:47,0,2,20,0
8jx48v,2018-05-16 18:08:38,65,r/mildlyinteresting,8,2018-05-16 20:30:43,1,1,4,0
8jx48v,2018-05-16 18:08:38,65,r/mildlyinteresting,8,2018-05-16 22:37:18,2,0,1,0
8jx48v,2018-05-16 18:08:38,65,r/mildlyinteresting,8,2018-05-17 00:58:18,1,1,1,0
8jx48v,2018-05-16 18:08:38,65,r/mildlyinteresting,9,2018-05-16 21:26:08,0,0,18,0
8jx48v,2018-05-16 18:08:38,65,r/mildlyinteresting,10,2018-05-16 19:17:42,0,0,10,0
8jx48v,2018-05-16 18:08:38,65,r/mildlyinteresting,11,2018-05-16 18:48:04,0,3,69,0
8jx48v,2018-05-16 18:08:38,65,r/mildlyinteresting,11,2018-05-16 19:09:14,1,0,15,0
8jx48v,2018-05-16 18:08:38,65,r/mildlyinteresting,11,2018-05-16 18:55:31,1,0,6,0
8jx48v,2018-05-16 18:08:38,65,r/mildlyinteresting,12,2018-05-16 21:20:10,0,0,6,0
8jx48v,2018-05-16 18:08:38,65,r/mildlyinteresting,13,2018-05-16 20:35:57,0,0,6,0
8jx48v,2018-05-16 18:08:38,65,r/mildlyinteresting,14,2018-05-16 19:50:17,0,0,4,0
8jx48v,2018-05-16 18:08:38,65,r/mildlyinteresting,15,2018-05-16 20:59:01,0,1,4,0
8jx48v,2018-05-16 18:08:38,65,r/mildlyinteresting,15,2018-05-16 22:44:34,1,0,2,0
8jx48v,2018-05-16 18:08:38,65,r/mildlyinteresting,16,2018-05-16 21:15:16,0,1,5,0
8jx48v,2018-05-16 18:08:38,65,r/mildlyinteresting,16,2018-05-16 22:43:52,1,0,1,0
8jx48v,2018-05-16 18:08:38,65,r/mildlyinteresting,17,2018-05-16 21:25:09,0,0,5,0
8jx48v,2018-05-16 18:08:38,65,r/mildlyinteresting,18,2018-05-16 20:25:51,0,1,7,0
8jx48v,2018-05-16 18:08:38,65,r/mildlyinteresting,18,2018-05-16 20:40:34,1,0,6,0
8jx48v,2018-05-16 18:08:38,65,r/mildlyinteresting,19,2018-05-16 19:20:54,0,0,9,0
8jx48v,2018-05-16 18:08:38,65,r/mildlyinteresting,20,2018-05-16 20:37:33,0,0,3,0
8jx48v,2018-05-16 18:08:38,65,r/mildlyinteresting,21,2018-05-16 21:14:50,0,0,3,0
8jx48v,2018-05-16 18:08:38,65,r/mildlyinteresting,22,2018-05-16 21:28:31,0,0,3,0
8jx48v,2018-05-16 18:08:38,65,r/mildlyinteresting,23,2018-05-16 21:53:53,0,1,3,0
8jx48v,2018-05-16 18:08:38,65,r/mildlyinteresting,24,2018-05-17 02:32:30,0,0,3,0
8jx48v,2018-05-16 18:08:38,65,r/mildlyinteresting,25,2018-05-16 19:18:21,0,1,16,0
8jx48v,2018-05-16 18:08:38,65,r/mildlyinteresting,25,2018-05-16 20:06:49,1,1,31,0
8jx48v,2018-05-16 18:08:38,65,r/mildlyinteresting,25,2018-05-16 20:50:19,2,1,17,0
8jx48v,2018-05-16 18:08:38,65,r/mildlyinteresting,25,2018-05-16 20:54:24,3,1,12,0
8jx48v,2018-05-16 18:08:38,65,r/mildlyinteresting,26,2018-05-16 18:34:02,0,0,2,0
8jx48v,2018-05-16 18:08:38,65,r/mildlyinteresting,27,2018-05-16 19:26:11,0,0,2,0
8jx48v,2018-05-16 18:08:38,65,r/mildlyinteresting,28,2018-05-16 19:38:13,0,0,2,0
8jx48v,2018-05-16 18:08:38,65,r/mildlyinteresting,29,2018-05-16 20:08:37,0,1,2,0
8jx48v,2018-05-16 18:08:38,65,r/mildlyinteresting,29,2018-05-16 20:48:57,1,1,5,0
8jx48v,2018-05-16 18:08:38,65,r/mildlyinteresting,29,2018-05-16 21:10:21,2,1,2,0
8jx48v,2018-05-16 18:08:38,65,r/mildlyinteresting,30,2018-05-16 20:10:55,0,0,2,0
8jx48v,2018-05-16 18:08:38,65,r/mildlyinteresting,31,2018-05-16 20:12:10,0,0,2,0
8jx48v,2018-05-16 18:08:38,65,r/mildlyinteresting,32,2018-05-16 20:32:25,0,0,2,0
8jx48v,2018-05-16 18:08:38,65,r/mildlyinteresting,33,2018-05-16 20:56:41,0,0,2,0
8jx48v,2018-05-16 18:08:38,65,r/mildlyinteresting,34,2018-05-16 21:03:39,0,0,2,0
8jx48v,2018-05-16 18:08:38,65,r/mildlyinteresting,35,2018-05-16 21:25:29,0,1,2,0
8jx48v,2018-05-16 18:08:38,65,r/mildlyinteresting,35,2018-05-16 21:31:40,1,0,2,0
8jx48v,2018-05-16 18:08:38,65,r/mildlyinteresting,36,2018-05-16 21:29:31,0,1,2,0
8jx48v,2018-05-16 18:08:38,65,r/mildlyinteresting,36,2018-05-16 22:18:12,1,0,1,0
8jx48v,2018-05-16 18:08:38,65,r/mildlyinteresting,37,2018-05-16 21:30:56,0,0,2,0
8jx48v,2018-05-16 18:08:38,65,r/mildlyinteresting,38,2018-05-16 21:33:08,0,0,2,0
8jx48v,2018-05-16 18:08:38,65,r/mildlyinteresting,39,2018-05-16 21:36:15,0,0,2,0
8jx48v,2018-05-16 18:08:38,65,r/mildlyinteresting,40,2018-05-16 21:38:43,0,0,2,0
8jx48v,2018-05-16 18:08:38,65,r/mildlyinteresting,41,2018-05-16 22:11:10,0,0,2,0
8jx48v,2018-05-16 18:08:38,65,r/mildlyinteresting,42,2018-05-16 22:22:12,0,0,2,0
8jx48v,2018-05-16 18:08:38,65,r/mildlyinteresting,43,2018-05-16 22:27:58,0,0,2,0
8jx48v,2018-05-16 18:08:38,65,r/mildlyinteresting,44,2018-05-16 22:41:10,0,1,2,0
8jx48v,2018-05-16 18:08:38,65,r/mildlyinteresting,44,2018-05-17 01:55:10,1,0,1,0
8jx48v,2018-05-16 18:08:38,65,r/mildlyinteresting,45,2018-05-16 23:56:33,0,0,2,0
8jx48v,2018-05-16 18:08:38,65,r/mildlyinteresting,46,2018-05-16 23:58:01,0,0,2,0
8jx48v,2018-05-16 18:08:38,65,r/mildlyinteresting,47,2018-05-17 00:50:24,0,0,2,0
8jx48v,2018-05-16 18:08:38,65,r/mildlyinteresting,48,2018-05-17 01:45:27,0,0,2,0
8jx48v,2018-05-16 18:08:38,65,r/mildlyinteresting,49,2018-05-17 01:52:11,0,0,2,0
8jx48v,2018-05-16 18:08:38,65,r/mildlyinteresting,50,2018-05-17 01:53:35,0,0,2,0
8jx48v,2018-05-16 18:08:38,65,r/mildlyinteresting,51,2018-05-17 02:47:16,0,0,2,0
8jx48v,2018-05-16 18:08:38,65,r/mildlyinteresting,52,2018-05-17 03:19:05,0,0,2,0
8jx48v,2018-05-16 18:08:38,65,r/mildlyinteresting,53,2018-05-17 03:40:36,0,0,2,0
8jx48v,2018-05-16 18:08:38,65,r/mildlyinteresting,54,2018-05-17 03:54:26,0,0,2,0
8jx48v,2018-05-16 18:08:38,65,r/mildlyinteresting,55,2018-05-17 04:45:13,0,0,2,0
8jx48v,2018-05-16 18:08:38,65,r/mildlyinteresting,56,2018-05-16 19:37:02,0,0,1,0
8jx48v,2018-05-16 18:08:38,65,r/mildlyinteresting,57,2018-05-16 20:55:54,0,0,2,0
8jx48v,2018-05-16 18:08:38,65,r/mildlyinteresting,58,2018-05-16 20:35:33,0,0,1,0
8jx48v,2018-05-16 18:08:38,65,r/mildlyinteresting,59,2018-05-16 20:40:11,0,0,1,0
8jx48v,2018-05-16 18:08:38,65,r/mildlyinteresting,60,2018-05-16 20:41:20,0,0,1,0
8jx48v,2018-05-16 18:08:38,65,r/mildlyinteresting,61,2018-05-16 20:45:16,0,0,1,0
8jx48v,2018-05-16 18:08:38,65,r/mildlyinteresting,62,2018-05-16 21:00:54,0,1,1,0
8jx48v,2018-05-16 18:08:38,65,r/mildlyinteresting,62,2018-05-16 22:44:28,1,0,1,0
8jx48v,2018-05-16 18:08:38,65,r/mildlyinteresting,63,2018-05-16 21:00:58,0,0,1,0
8jx48v,2018-05-16 18:08:38,65,r/mildlyinteresting,64,2018-05-16 21:01:50,0,0,1,0
8jx48v,2018-05-16 18:08:38,65,r/mildlyinteresting,65,2018-05-16 21:03:40,0,0,1,0
8jx48v,2018-05-16 18:08:38,65,r/mildlyinteresting,66,2018-05-16 21:04:56,0,0,1,0
8jx48v,2018-05-16 18:08:38,65,r/mildlyinteresting,67,2018-05-16 21:05:02,0,0,1,0
8jx48v,2018-05-16 18:08:38,65,r/mildlyinteresting,68,2018-05-16 21:05:48,0,0,1,0
8jx48v,2018-05-16 18:08:38,65,r/mildlyinteresting,69,2018-05-16 21:06:27,0,1,1,0
8jx48v,2018-05-16 18:08:38,65,r/mildlyinteresting,69,2018-05-16 22:44:14,1,0,1,0
8jx48v,2018-05-16 18:08:38,65,r/mildlyinteresting,70,2018-05-16 21:06:33,0,0,1,0
8jx48v,2018-05-16 18:08:38,65,r/mildlyinteresting,71,2018-05-16 21:07:41,0,0,1,0
8jx48v,2018-05-16 18:08:38,65,r/mildlyinteresting,72,2018-05-16 21:07:50,0,0,1,0
8jx48v,2018-05-16 18:08:38,65,r/mildlyinteresting,73,2018-05-16 21:09:33,0,0,1,0
8jx48v,2018-05-16 18:08:38,65,r/mildlyinteresting,74,2018-05-16 21:10:30,0,0,1,0
8jx48v,2018-05-16 18:08:38,65,r/mildlyinteresting,75,2018-05-16 21:11:24,0,0,1,0
8jx48v,2018-05-16 18:08:38,65,r/mildlyinteresting,76,2018-05-16 21:12:53,0,0,1,0
8jx48v,2018-05-16 18:08:38,65,r/mildlyinteresting,77,2018-05-16 21:13:01,0,0,1,0
8jx48v,2018-05-16 18:08:38,65,r/mildlyinteresting,78,2018-05-16 21:13:29,0,1,1,0
8jx48v,2018-05-16 18:08:38,65,r/mildlyinteresting,78,2018-05-16 21:33:16,1,0,1,0
8jx48v,2018-05-16 18:08:38,65,r/mildlyinteresting,79,2018-05-16 21:15:27,0,0,1,0
8jx48v,2018-05-16 18:08:38,65,r/mildlyinteresting,80,2018-05-16 21:19:32,0,0,1,0
8jx48v,2018-05-16 18:08:38,65,r/mildlyinteresting,81,2018-05-16 21:21:43,0,0,1,0
8jx48v,2018-05-16 18:08:38,65,r/mildlyinteresting,82,2018-05-16 21:25:03,0,0,1,0
8jx48v,2018-05-16 18:08:38,65,r/mildlyinteresting,83,2018-05-16 21:29:35,0,0,1,0
8jx48v,2018-05-16 18:08:38,65,r/mildlyinteresting,84,2018-05-16 21:35:52,0,0,1,0
8jx48v,2018-05-16 18:08:38,65,r/mildlyinteresting,85,2018-05-16 21:39:18,0,0,1,0
8jx48v,2018-05-16 18:08:38,65,r/mildlyinteresting,86,2018-05-16 21:40:52,0,1,1,0
8jx48v,2018-05-16 18:08:38,65,r/mildlyinteresting,86,2018-05-16 22:43:12,1,0,1,0
8jx48v,2018-05-16 18:08:38,65,r/mildlyinteresting,87,2018-05-16 21:41:04,0,0,1,0
8jx48v,2018-05-16 18:08:38,65,r/mildlyinteresting,88,2018-05-16 21:41:10,0,0,1,0
8jx48v,2018-05-16 18:08:38,65,r/mildlyinteresting,89,2018-05-16 21:43:42,0,0,1,0
8jx48v,2018-05-16 18:08:38,65,r/mildlyinteresting,90,2018-05-16 21:46:20,0,0,1,0
8jx48v,2018-05-16 18:08:38,65,r/mildlyinteresting,91,2018-05-16 21:46:54,0,0,1,0
8jx48v,2018-05-16 18:08:38,65,r/mildlyinteresting,92,2018-05-16 21:49:20,0,0,1,0
8jx48v,2018-05-16 18:08:38,65,r/mildlyinteresting,93,2018-05-16 21:50:18,0,0,1,0
8jx48v,2018-05-16 18:08:38,65,r/mildlyinteresting,94,2018-05-16 21:52:41,0,0,1,0
8jx48v,2018-05-16 18:08:38,65,r/mildlyinteresting,95,2018-05-16 21:53:48,0,0,1,0
8jx48v,2018-05-16 18:08:38,65,r/mildlyinteresting,96,2018-05-16 21:56:46,0,0,1,0
8jx48v,2018-05-16 18:08:38,65,r/mildlyinteresting,97,2018-05-16 21:58:19,0,0,1,0
8jx48v,2018-05-16 18:08:38,65,r/mildlyinteresting,98,2018-05-16 22:00:17,0,0,1,0
8jx48v,2018-05-16 18:08:38,65,r/mildlyinteresting,99,2018-05-16 22:03:30,0,0,1,0
8jx48v,2018-05-16 18:08:38,65,r/mildlyinteresting,100,2018-05-16 22:03:53,0,0,1,0
8jx48v,2018-05-16 18:08:38,65,r/mildlyinteresting,101,2018-05-16 22:03:56,0,1,1,0
8jx48v,2018-05-16 18:08:38,65,r/mildlyinteresting,101,2018-05-16 22:42:46,1,0,1,0
8jx48v,2018-05-16 18:08:38,65,r/mildlyinteresting,102,2018-05-16 22:06:04,0,0,1,0
8jx48v,2018-05-16 18:08:38,65,r/mildlyinteresting,103,2018-05-16 22:08:10,0,0,1,0
8jx48v,2018-05-16 18:08:38,65,r/mildlyinteresting,104,2018-05-16 22:10:11,0,0,1,0
8jx48v,2018-05-16 18:08:38,65,r/mildlyinteresting,105,2018-05-16 22:11:17,0,0,1,0
8jx48v,2018-05-16 18:08:38,65,r/mildlyinteresting,106,2018-05-16 22:13:28,0,0,1,0
8jx48v,2018-05-16 18:08:38,65,r/mildlyinteresting,107,2018-05-16 22:14:05,0,0,1,0
8jx48v,2018-05-16 18:08:38,65,r/mildlyinteresting,108,2018-05-16 22:14:27,0,0,1,0
8jx48v,2018-05-16 18:08:38,65,r/mildlyinteresting,109,2018-05-16 22:14:46,0,0,1,0
8jx48v,2018-05-16 18:08:38,65,r/mildlyinteresting,110,2018-05-16 22:14:48,0,0,1,0
8jx48v,2018-05-16 18:08:38,65,r/mildlyinteresting,111,2018-05-16 22:15:11,0,0,1,0
8jx48v,2018-05-16 18:08:38,65,r/mildlyinteresting,112,2018-05-16 22:16:01,0,0,1,0
8jx48v,2018-05-16 18:08:38,65,r/mildlyinteresting,113,2018-05-16 22:17:25,0,0,1,0
8jx48v,2018-05-16 18:08:38,65,r/mildlyinteresting,114,2018-05-16 22:20:08,0,0,1,0
8jx48v,2018-05-16 18:08:38,65,r/mildlyinteresting,115,2018-05-16 22:21:21,0,0,1,0
8jx48v,2018-05-16 18:08:38,65,r/mildlyinteresting,116,2018-05-16 22:21:25,0,0,1,0
8jx48v,2018-05-16 18:08:38,65,r/mildlyinteresting,117,2018-05-16 22:21:54,0,0,1,0
8jx48v,2018-05-16 18:08:38,65,r/mildlyinteresting,118,2018-05-16 22:23:06,0,1,1,0
8jx48v,2018-05-16 18:08:38,65,r/mildlyinteresting,118,2018-05-16 22:41:43,1,0,1,0
8jx48v,2018-05-16 18:08:38,65,r/mildlyinteresting,119,2018-05-16 22:23:56,0,0,1,0
8jx48v,2018-05-16 18:08:38,65,r/mildlyinteresting,120,2018-05-16 22:25:28,0,0,1,0
8jx48v,2018-05-16 18:08:38,65,r/mildlyinteresting,121,2018-05-16 22:26:32,0,0,1,0
8jx48v,2018-05-16 18:08:38,65,r/mildlyinteresting,122,2018-05-16 22:27:07,0,0,1,0
8jx48v,2018-05-16 18:08:38,65,r/mildlyinteresting,123,2018-05-16 22:27:33,0,0,1,0
8jx48v,2018-05-16 18:08:38,65,r/mildlyinteresting,124,2018-05-16 22:27:39,0,0,1,0
8jx48v,2018-05-16 18:08:38,65,r/mildlyinteresting,125,2018-05-16 22:30:13,0,0,1,0
8jx48v,2018-05-16 18:08:38,65,r/mildlyinteresting,126,2018-05-16 22:34:25,0,0,1,0
8jx48v,2018-05-16 18:08:38,65,r/mildlyinteresting,127,2018-05-16 22:35:10,0,0,1,0
8jx48v,2018-05-16 18:08:38,65,r/mildlyinteresting,128,2018-05-16 22:36:33,0,1,1,0
8jx48v,2018-05-16 18:08:38,65,r/mildlyinteresting,128,2018-05-16 22:41:30,1,0,2,0
8jx48v,2018-05-16 18:08:38,65,r/mildlyinteresting,129,2018-05-16 22:36:59,0,0,1,0
8jx48v,2018-05-16 18:08:38,65,r/mildlyinteresting,130,2018-05-16 22:37:48,0,0,1,0
8jx48v,2018-05-16 18:08:38,65,r/mildlyinteresting,131,2018-05-16 22:41:21,0,1,1,0
8jx48v,2018-05-16 18:08:38,65,r/mildlyinteresting,131,2018-05-16 22:46:07,1,0,1,0
8jx48v,2018-05-16 18:08:38,65,r/mildlyinteresting,132,2018-05-16 22:52:33,0,0,1,0
8jx48v,2018-05-16 18:08:38,65,r/mildlyinteresting,133,2018-05-16 22:55:43,0,0,1,0
8jx48v,2018-05-16 18:08:38,65,r/mildlyinteresting,134,2018-05-16 22:57:22,0,0,1,0
8jx48v,2018-05-16 18:08:38,65,r/mildlyinteresting,135,2018-05-16 23:01:54,0,0,1,0
8jx48v,2018-05-16 18:08:38,65,r/mildlyinteresting,136,2018-05-16 23:01:55,0,0,1,0
8jx48v,2018-05-16 18:08:38,65,r/mildlyinteresting,137,2018-05-16 23:05:12,0,0,1,0
8jx48v,2018-05-16 18:08:38,65,r/mildlyinteresting,138,2018-05-16 23:07:29,0,0,1,0
8jx48v,2018-05-16 18:08:38,65,r/mildlyinteresting,139,2018-05-16 23:07:57,0,0,1,0
8jx48v,2018-05-16 18:08:38,65,r/mildlyinteresting,140,2018-05-16 23:09:11,0,0,1,0
8jx48v,2018-05-16 18:08:38,65,r/mildlyinteresting,141,2018-05-16 23:11:32,0,0,1,0
8jx48v,2018-05-16 18:08:38,65,r/mildlyinteresting,142,2018-05-16 23:18:28,0,0,1,0
8jx48v,2018-05-16 18:08:38,65,r/mildlyinteresting,143,2018-05-16 23:20:43,0,0,1,0
8jx48v,2018-05-16 18:08:38,65,r/mildlyinteresting,144,2018-05-16 23:24:15,0,0,1,0
8jx48v,2018-05-16 18:08:38,65,r/mildlyinteresting,145,2018-05-16 23:25:52,0,0,1,0
8jx48v,2018-05-16 18:08:38,65,r/mildlyinteresting,146,2018-05-16 23:26:00,0,0,1,0
8jx48v,2018-05-16 18:08:38,65,r/mildlyinteresting,147,2018-05-16 23:30:01,0,0,1,0
8jx48v,2018-05-16 18:08:38,65,r/mildlyinteresting,148,2018-05-16 23:30:27,0,0,1,0
8jx48v,2018-05-16 18:08:38,65,r/mildlyinteresting,149,2018-05-16 23:30:44,0,0,1,0
8jx48v,2018-05-16 18:08:38,65,r/mildlyinteresting,150,2018-05-16 23:32:20,0,0,1,0
8jx48v,2018-05-16 18:08:38,65,r/mildlyinteresting,151,2018-05-16 23:36:56,0,0,1,0
8jx48v,2018-05-16 18:08:38,65,r/mildlyinteresting,152,2018-05-16 23:43:43,0,0,1,0
8jx48v,2018-05-16 18:08:38,65,r/mildlyinteresting,153,2018-05-16 23:47:38,0,0,1,0
8jx48v,2018-05-16 18:08:38,65,r/mildlyinteresting,154,2018-05-16 23:48:55,0,0,1,0
8jx48v,2018-05-16 18:08:38,65,r/mildlyinteresting,155,2018-05-16 23:51:29,0,0,1,0
8jx48v,2018-05-16 18:08:38,65,r/mildlyinteresting,156,2018-05-16 23:53:44,0,0,1,0
8jx48v,2018-05-16 18:08:38,65,r/mildlyinteresting,157,2018-05-16 23:54:33,0,0,1,0
8jx48v,2018-05-16 18:08:38,65,r/mildlyinteresting,158,2018-05-16 23:55:03,0,0,1,0
8jx48v,2018-05-16 18:08:38,65,r/mildlyinteresting,159,2018-05-17 00:05:03,0,0,1,0
8jx48v,2018-05-16 18:08:38,65,r/mildlyinteresting,160,2018-05-17 00:06:38,0,0,1,0
8jx48v,2018-05-16 18:08:38,65,r/mildlyinteresting,161,2018-05-17 00:10:29,0,0,1,0
8jx48v,2018-05-16 18:08:38,65,r/mildlyinteresting,162,2018-05-17 00:18:12,0,0,1,0
8jx48v,2018-05-16 18:08:38,65,r/mildlyinteresting,163,2018-05-17 00:21:16,0,0,1,0
8jx48v,2018-05-16 18:08:38,65,r/mildlyinteresting,164,2018-05-17 00:43:24,0,0,1,0
8jx48v,2018-05-16 18:08:38,65,r/mildlyinteresting,165,2018-05-17 00:48:12,0,0,1,0
8jx48v,2018-05-16 18:08:38,65,r/mildlyinteresting,166,2018-05-17 00:49:10,0,0,1,0
8jx48v,2018-05-16 18:08:38,65,r/mildlyinteresting,167,2018-05-17 00:52:20,0,0,1,0
8jx48v,2018-05-16 18:08:38,65,r/mildlyinteresting,168,2018-05-17 00:59:49,0,0,1,0
8jx48v,2018-05-16 18:08:38,65,r/mildlyinteresting,169,2018-05-17 01:05:17,0,0,1,0
8jx48v,2018-05-16 18:08:38,65,r/mildlyinteresting,170,2018-05-17 01:06:28,0,0,1,0
8jx48v,2018-05-16 18:08:38,65,r/mildlyinteresting,171,2018-05-17 01:07:37,0,0,1,0
8jx48v,2018-05-16 18:08:38,65,r/mildlyinteresting,172,2018-05-17 01:10:38,0,0,1,0
8jx48v,2018-05-16 18:08:38,65,r/mildlyinteresting,173,2018-05-17 01:12:05,0,0,1,0
8jx48v,2018-05-16 18:08:38,65,r/mildlyinteresting,174,2018-05-17 01:16:01,0,0,1,0
8jx48v,2018-05-16 18:08:38,65,r/mildlyinteresting,175,2018-05-17 01:19:15,0,0,1,0
8jx48v,2018-05-16 18:08:38,65,r/mildlyinteresting,176,2018-05-17 01:23:21,0,0,1,0
8jx48v,2018-05-16 18:08:38,65,r/mildlyinteresting,177,2018-05-17 01:26:26,0,0,1,0
8jx48v,2018-05-16 18:08:38,65,r/mildlyinteresting,178,2018-05-17 01:28:34,0,0,1,0
8jx48v,2018-05-16 18:08:38,65,r/mildlyinteresting,179,2018-05-17 01:29:32,0,0,1,0
8jx48v,2018-05-16 18:08:38,65,r/mildlyinteresting,180,2018-05-17 01:30:42,0,0,1,0
8jx48v,2018-05-16 18:08:38,65,r/mildlyinteresting,181,2018-05-17 01:31:05,0,0,1,0
8jx48v,2018-05-16 18:08:38,65,r/mildlyinteresting,182,2018-05-17 01:31:45,0,0,1,0
8jx48v,2018-05-16 18:08:38,65,r/mildlyinteresting,183,2018-05-17 01:33:37,0,0,1,0
8jx48v,2018-05-16 18:08:38,65,r/mildlyinteresting,184,2018-05-17 01:36:51,0,0,1,0
8jx48v,2018-05-16 18:08:38,65,r/mildlyinteresting,185,2018-05-17 01:37:29,0,0,1,0
8jx48v,2018-05-16 18:08:38,65,r/mildlyinteresting,186,2018-05-17 01:38:36,0,0,1,0
8jx48v,2018-05-16 18:08:38,65,r/mildlyinteresting,187,2018-05-17 01:39:59,0,0,1,0
8jx48v,2018-05-16 18:08:38,65,r/mildlyinteresting,188,2018-05-17 01:41:46,0,0,1,0
8jx48v,2018-05-16 18:08:38,65,r/mildlyinteresting,189,2018-05-17 01:42:28,0,0,1,0
8jx48v,2018-05-16 18:08:38,65,r/mildlyinteresting,190,2018-05-17 01:57:39,0,0,1,0
8jx48v,2018-05-16 18:08:38,65,r/mildlyinteresting,191,2018-05-17 01:57:58,0,0,1,0
8jx48v,2018-05-16 18:08:38,65,r/mildlyinteresting,192,2018-05-17 02:02:15,0,0,1,0
8jx48v,2018-05-16 18:08:38,65,r/mildlyinteresting,193,2018-05-17 02:07:31,0,0,1,0
8jx48v,2018-05-16 18:08:38,65,r/mildlyinteresting,194,2018-05-17 02:09:47,0,0,1,0
8jx48v,2018-05-16 18:08:38,65,r/mildlyinteresting,195,2018-05-17 02:12:45,0,0,1,0
8jyn9x,2018-05-16 21:22:32,66,r/AmateurRoomPorn,0,2018-05-16 22:01:38,0,3,171,0
8jyn9x,2018-05-16 21:22:32,66,r/AmateurRoomPorn,0,2018-05-16 23:37:23,1,1,36,0
8jyn9x,2018-05-16 21:22:32,66,r/AmateurRoomPorn,0,2018-05-17 00:43:40,2,0,22,0
8jyn9x,2018-05-16 21:22:32,66,r/AmateurRoomPorn,0,2018-05-17 01:52:45,1,1,12,0
8jyn9x,2018-05-16 21:22:32,66,r/AmateurRoomPorn,0,2018-05-17 02:46:57,2,1,7,0
8jyn9x,2018-05-16 21:22:32,66,r/AmateurRoomPorn,0,2018-05-17 03:41:22,3,0,3,0
8jyn9x,2018-05-16 21:22:32,66,r/AmateurRoomPorn,0,2018-05-17 04:51:24,1,0,1,0
8jyn9x,2018-05-16 21:22:32,66,r/AmateurRoomPorn,1,2018-05-16 22:08:37,0,1,99,0
8jyn9x,2018-05-16 21:22:32,66,r/AmateurRoomPorn,1,2018-05-17 04:46:00,1,0,1,0
8jyn9x,2018-05-16 21:22:32,66,r/AmateurRoomPorn,2,2018-05-16 22:04:32,0,2,118,0
8jyn9x,2018-05-16 21:22:32,66,r/AmateurRoomPorn,2,2018-05-17 04:25:56,1,0,6,0
8jyn9x,2018-05-16 21:22:32,66,r/AmateurRoomPorn,2,2018-05-17 04:27:27,1,0,5,0
8jyn9x,2018-05-16 21:22:32,66,r/AmateurRoomPorn,3,2018-05-16 22:20:23,0,1,36,0
8jyn9x,2018-05-16 21:22:32,66,r/AmateurRoomPorn,3,2018-05-16 22:35:26,1,2,48,0
8jyn9x,2018-05-16 21:22:32,66,r/AmateurRoomPorn,3,2018-05-16 23:40:10,2,0,3,0
8jyn9x,2018-05-16 21:22:32,66,r/AmateurRoomPorn,3,2018-05-17 00:05:10,2,0,1,0
8jyn9x,2018-05-16 21:22:32,66,r/AmateurRoomPorn,4,2018-05-16 22:09:40,0,0,17,0
8jyn9x,2018-05-16 21:22:32,66,r/AmateurRoomPorn,5,2018-05-16 22:20:54,0,1,14,0
8jyn9x,2018-05-16 21:22:32,66,r/AmateurRoomPorn,5,2018-05-16 22:34:20,1,1,11,0
8jyn9x,2018-05-16 21:22:32,66,r/AmateurRoomPorn,5,2018-05-16 23:07:09,2,0,4,0
8jyn9x,2018-05-16 21:22:32,66,r/AmateurRoomPorn,6,2018-05-16 22:59:21,0,4,34,0
8jyn9x,2018-05-16 21:22:32,66,r/AmateurRoomPorn,6,2018-05-17 00:51:52,1,0,6,0
8jyn9x,2018-05-16 21:22:32,66,r/AmateurRoomPorn,6,2018-05-17 03:12:52,1,0,2,0
8jyn9x,2018-05-16 21:22:32,66,r/AmateurRoomPorn,6,2018-05-17 03:53:03,1,0,2,0
8jyn9x,2018-05-16 21:22:32,66,r/AmateurRoomPorn,6,2018-05-17 01:04:36,1,1,4,0
8jyn9x,2018-05-16 21:22:32,66,r/AmateurRoomPorn,6,2018-05-17 01:06:40,2,0,1,0
8jyn9x,2018-05-16 21:22:32,66,r/AmateurRoomPorn,7,2018-05-16 22:30:47,0,1,13,0
8jyn9x,2018-05-16 21:22:32,66,r/AmateurRoomPorn,7,2018-05-16 22:33:42,1,1,14,0
8jyn9x,2018-05-16 21:22:32,66,r/AmateurRoomPorn,7,2018-05-16 22:38:19,2,0,12,0
8jyn9x,2018-05-16 21:22:32,66,r/AmateurRoomPorn,8,2018-05-16 22:30:04,0,0,10,0
8jyn9x,2018-05-16 21:22:32,66,r/AmateurRoomPorn,9,2018-05-16 23:12:04,0,2,22,0
8jyn9x,2018-05-16 21:22:32,66,r/AmateurRoomPorn,9,2018-05-17 00:41:44,1,1,11,0
8jyn9x,2018-05-16 21:22:32,66,r/AmateurRoomPorn,9,2018-05-17 01:51:57,2,1,5,0
8jyn9x,2018-05-16 21:22:32,66,r/AmateurRoomPorn,9,2018-05-17 03:17:39,3,0,2,0
8jyn9x,2018-05-16 21:22:32,66,r/AmateurRoomPorn,9,2018-05-17 03:01:11,1,0,1,0
8jyn9x,2018-05-16 21:22:32,66,r/AmateurRoomPorn,10,2018-05-16 23:54:37,0,1,6,0
8jyn9x,2018-05-16 21:22:32,66,r/AmateurRoomPorn,10,2018-05-17 00:52:24,1,0,1,0
8jyn9x,2018-05-16 21:22:32,66,r/AmateurRoomPorn,11,2018-05-16 22:36:11,0,0,4,0
8jyn9x,2018-05-16 21:22:32,66,r/AmateurRoomPorn,12,2018-05-17 01:41:07,0,0,5,0
8jyn9x,2018-05-16 21:22:32,66,r/AmateurRoomPorn,13,2018-05-16 22:35:53,0,0,5,0
8jyn9x,2018-05-16 21:22:32,66,r/AmateurRoomPorn,14,2018-05-16 23:33:28,0,0,5,0
8jyn9x,2018-05-16 21:22:32,66,r/AmateurRoomPorn,15,2018-05-16 22:45:33,0,0,3,0
8jyn9x,2018-05-16 21:22:32,66,r/AmateurRoomPorn,16,2018-05-16 23:31:55,0,1,3,0
8jyn9x,2018-05-16 21:22:32,66,r/AmateurRoomPorn,16,2018-05-17 04:45:21,1,0,1,0
8jyn9x,2018-05-16 21:22:32,66,r/AmateurRoomPorn,17,2018-05-17 00:35:34,0,0,3,0
8jyn9x,2018-05-16 21:22:32,66,r/AmateurRoomPorn,18,2018-05-16 23:38:33,0,0,2,0
8jyn9x,2018-05-16 21:22:32,66,r/AmateurRoomPorn,19,2018-05-17 02:07:40,0,0,2,0
8jyn9x,2018-05-16 21:22:32,66,r/AmateurRoomPorn,20,2018-05-17 00:30:54,0,0,2,0
8jyn9x,2018-05-16 21:22:32,66,r/AmateurRoomPorn,21,2018-05-16 22:12:15,0,0,1,0
8jyn9x,2018-05-16 21:22:32,66,r/AmateurRoomPorn,22,2018-05-16 22:55:27,0,0,1,0
8jyn9x,2018-05-16 21:22:32,66,r/AmateurRoomPorn,23,2018-05-16 23:44:13,0,0,1,0
8jyn9x,2018-05-16 21:22:32,66,r/AmateurRoomPorn,24,2018-05-17 00:04:23,0,0,1,0
8jyn9x,2018-05-16 21:22:32,66,r/AmateurRoomPorn,25,2018-05-17 00:07:26,0,0,1,0
8jyn9x,2018-05-16 21:22:32,66,r/AmateurRoomPorn,26,2018-05-17 00:22:26,0,0,1,0
8jyn9x,2018-05-16 21:22:32,66,r/AmateurRoomPorn,27,2018-05-17 00:22:28,0,1,1,0
8jyn9x,2018-05-16 21:22:32,66,r/AmateurRoomPorn,27,2018-05-17 00:22:32,1,0,1,0
8jyn9x,2018-05-16 21:22:32,66,r/AmateurRoomPorn,28,2018-05-17 00:23:35,0,1,1,0
8jyn9x,2018-05-16 21:22:32,66,r/AmateurRoomPorn,28,2018-05-17 02:58:37,1,0,1,0
8jyn9x,2018-05-16 21:22:32,66,r/AmateurRoomPorn,29,2018-05-17 00:50:38,0,0,1,0
8jyn9x,2018-05-16 21:22:32,66,r/AmateurRoomPorn,30,2018-05-17 00:56:23,0,0,1,0
8jyn9x,2018-05-16 21:22:32,66,r/AmateurRoomPorn,31,2018-05-17 01:07:04,0,0,1,0
8jyn9x,2018-05-16 21:22:32,66,r/AmateurRoomPorn,32,2018-05-17 01:08:36,0,0,1,0
8jyn9x,2018-05-16 21:22:32,66,r/AmateurRoomPorn,33,2018-05-17 01:27:37,0,0,1,0
8jyn9x,2018-05-16 21:22:32,66,r/AmateurRoomPorn,34,2018-05-17 01:35:00,0,0,1,0
8jyn9x,2018-05-16 21:22:32,66,r/AmateurRoomPorn,35,2018-05-17 01:36:49,0,0,1,0
8jyn9x,2018-05-16 21:22:32,66,r/AmateurRoomPorn,36,2018-05-17 01:41:52,0,0,1,0
8jyn9x,2018-05-16 21:22:32,66,r/AmateurRoomPorn,37,2018-05-17 01:49:11,0,0,1,0
8jyn9x,2018-05-16 21:22:32,66,r/AmateurRoomPorn,38,2018-05-17 02:01:55,0,1,1,0
8jyn9x,2018-05-16 21:22:32,66,r/AmateurRoomPorn,38,2018-05-17 03:00:14,1,0,2,0
8jyn9x,2018-05-16 21:22:32,66,r/AmateurRoomPorn,39,2018-05-17 02:10:55,0,1,1,0
8jyn9x,2018-05-16 21:22:32,66,r/AmateurRoomPorn,39,2018-05-17 02:34:00,1,1,2,0
8jyn9x,2018-05-16 21:22:32,66,r/AmateurRoomPorn,39,2018-05-17 02:42:42,2,1,1,0
8jyn9x,2018-05-16 21:22:32,66,r/AmateurRoomPorn,39,2018-05-17 02:47:32,3,0,1,0
8jyn9x,2018-05-16 21:22:32,66,r/AmateurRoomPorn,40,2018-05-17 02:13:01,0,0,1,0
8jyn9x,2018-05-16 21:22:32,66,r/AmateurRoomPorn,41,2018-05-17 02:32:24,0,0,1,0
8jyn9x,2018-05-16 21:22:32,66,r/AmateurRoomPorn,42,2018-05-17 02:34:19,0,0,1,0
8jyn9x,2018-05-16 21:22:32,66,r/AmateurRoomPorn,43,2018-05-17 02:44:18,0,0,1,0
8jyn9x,2018-05-16 21:22:32,66,r/AmateurRoomPorn,44,2018-05-17 02:54:44,0,0,1,0
8jyn9x,2018-05-16 21:22:32,66,r/AmateurRoomPorn,45,2018-05-17 02:56:33,0,0,1,0
8jyn9x,2018-05-16 21:22:32,66,r/AmateurRoomPorn,46,2018-05-17 03:37:51,0,0,1,0
8jyn9x,2018-05-16 21:22:32,66,r/AmateurRoomPorn,47,2018-05-17 03:43:06,0,0,1,0
8jyn9x,2018-05-16 21:22:32,66,r/AmateurRoomPorn,48,2018-05-17 03:44:25,0,0,1,0
8jyn9x,2018-05-16 21:22:32,66,r/AmateurRoomPorn,49,2018-05-17 03:51:38,0,0,1,0
8jyn9x,2018-05-16 21:22:32,66,r/AmateurRoomPorn,50,2018-05-17 03:58:00,0,0,1,0
8jyn9x,2018-05-16 21:22:32,66,r/AmateurRoomPorn,51,2018-05-17 03:58:18,0,0,1,0
8jyn9x,2018-05-16 21:22:32,66,r/AmateurRoomPorn,52,2018-05-17 04:10:34,0,0,1,0
8jyn9x,2018-05-16 21:22:32,66,r/AmateurRoomPorn,53,2018-05-17 04:15:31,0,0,1,0
8jyn9x,2018-05-16 21:22:32,66,r/AmateurRoomPorn,54,2018-05-17 04:24:46,0,0,1,0
8jyn9x,2018-05-16 21:22:32,66,r/AmateurRoomPorn,55,2018-05-17 04:42:32,0,0,1,0
8jyn9x,2018-05-16 21:22:32,66,r/AmateurRoomPorn,56,2018-05-17 04:48:00,0,0,1,0
8jyn9x,2018-05-16 21:22:32,66,r/AmateurRoomPorn,57,2018-05-17 04:52:28,0,0,1,0
8jyn9x,2018-05-16 21:22:32,66,r/AmateurRoomPorn,58,2018-05-17 04:54:55,0,0,1,0
8jyn9x,2018-05-16 21:22:32,66,r/AmateurRoomPorn,59,2018-05-17 05:09:53,0,0,1,0
8jyn9x,2018-05-16 21:22:32,66,r/AmateurRoomPorn,60,2018-05-17 02:23:09,0,0,1,0
8jyn9x,2018-05-16 21:22:32,66,r/AmateurRoomPorn,61,2018-05-16 22:27:27,0,0,0,0
8jyn9x,2018-05-16 21:22:32,66,r/AmateurRoomPorn,62,2018-05-17 03:10:57,0,0,0,0
8jzbtk,2018-05-16 22:59:10,67,r/ProgrammerHumor,0,2018-05-17 02:06:09,0,3,1010,0
8jzbtk,2018-05-16 22:59:10,67,r/ProgrammerHumor,0,2018-05-17 03:34:54,1,2,137,0
8jzbtk,2018-05-16 22:59:10,67,r/ProgrammerHumor,0,2018-05-17 04:25:29,2,0,34,0
8jzbtk,2018-05-16 22:59:10,67,r/ProgrammerHumor,0,2018-05-17 04:26:27,2,1,18,0
8jzbtk,2018-05-16 22:59:10,67,r/ProgrammerHumor,0,2018-05-17 04:43:27,3,1,3,0
8jzbtk,2018-05-16 22:59:10,67,r/ProgrammerHumor,0,2018-05-17 05:00:37,4,0,5,0
8jzbtk,2018-05-16 22:59:10,67,r/ProgrammerHumor,0,2018-05-17 03:56:58,1,2,8,0
8jzbtk,2018-05-16 22:59:10,67,r/ProgrammerHumor,0,2018-05-17 04:51:11,2,0,6,0
8jzbtk,2018-05-16 22:59:10,67,r/ProgrammerHumor,0,2018-05-17 04:52:01,2,1,1,0
8jzbtk,2018-05-16 22:59:10,67,r/ProgrammerHumor,0,2018-05-17 05:19:32,3,0,1,0
8jzbtk,2018-05-16 22:59:10,67,r/ProgrammerHumor,0,2018-05-17 04:50:03,1,0,2,0
8jzbtk,2018-05-16 22:59:10,67,r/ProgrammerHumor,1,2018-05-17 00:18:51,0,4,224,0
8jzbtk,2018-05-16 22:59:10,67,r/ProgrammerHumor,1,2018-05-17 01:30:10,1,1,110,0
8jzbtk,2018-05-16 22:59:10,67,r/ProgrammerHumor,1,2018-05-17 04:11:49,2,3,9,0
8jzbtk,2018-05-16 22:59:10,67,r/ProgrammerHumor,1,2018-05-17 04:17:35,3,0,23,0
8jzbtk,2018-05-16 22:59:10,67,r/ProgrammerHumor,1,2018-05-17 04:46:15,3,0,6,0
8jzbtk,2018-05-16 22:59:10,67,r/ProgrammerHumor,1,2018-05-17 05:11:42,3,0,3,0
8jzbtk,2018-05-16 22:59:10,67,r/ProgrammerHumor,1,2018-05-17 04:45:40,1,0,1,0
8jzbtk,2018-05-16 22:59:10,67,r/ProgrammerHumor,1,2018-05-17 04:50:31,1,0,1,0
8jzbtk,2018-05-16 22:59:10,67,r/ProgrammerHumor,1,2018-05-17 04:59:37,1,1,1,0
8jzbtk,2018-05-16 22:59:10,67,r/ProgrammerHumor,1,2018-05-17 05:19:18,2,0,1,0
8jzbtk,2018-05-16 22:59:10,67,r/ProgrammerHumor,2,2018-05-16 23:09:52,0,7,306,0
8jzbtk,2018-05-16 22:59:10,67,r/ProgrammerHumor,2,2018-05-17 01:54:01,1,3,130,0
8jzbtk,2018-05-16 22:59:10,67,r/ProgrammerHumor,2,2018-05-17 02:09:54,2,2,89,0
8jzbtk,2018-05-16 22:59:10,67,r/ProgrammerHumor,2,2018-05-17 02:11:43,3,1,118,0
8jzbtk,2018-05-16 22:59:10,67,r/ProgrammerHumor,2,2018-05-17 03:51:01,4,1,29,0
8jzbtk,2018-05-16 22:59:10,67,r/ProgrammerHumor,2,2018-05-17 04:03:22,5,0,47,0
8jzbtk,2018-05-16 22:59:10,67,r/ProgrammerHumor,2,2018-05-17 03:34:49,3,1,20,0
8jzbtk,2018-05-16 22:59:10,67,r/ProgrammerHumor,2,2018-05-17 03:58:24,4,1,12,0
8jzbtk,2018-05-16 22:59:10,67,r/ProgrammerHumor,2,2018-05-17 04:24:16,5,4,5,0
8jzbtk,2018-05-16 22:59:10,67,r/ProgrammerHumor,2,2018-05-17 04:43:04,6,0,5,0
8jzbtk,2018-05-16 22:59:10,67,r/ProgrammerHumor,2,2018-05-17 04:33:28,6,0,3,0
8jzbtk,2018-05-16 22:59:10,67,r/ProgrammerHumor,2,2018-05-17 04:45:14,6,0,2,0
8jzbtk,2018-05-16 22:59:10,67,r/ProgrammerHumor,2,2018-05-17 04:52:25,6,0,1,0
8jzbtk,2018-05-16 22:59:10,67,r/ProgrammerHumor,2,2018-05-17 03:50:08,2,1,6,0
8jzbtk,2018-05-16 22:59:10,67,r/ProgrammerHumor,2,2018-05-17 05:12:12,3,0,1,0
8jzbtk,2018-05-16 22:59:10,67,r/ProgrammerHumor,2,2018-05-17 03:02:18,2,0,4,0
8jzbtk,2018-05-16 22:59:10,67,r/ProgrammerHumor,2,2018-05-17 03:20:20,1,1,51,0
8jzbtk,2018-05-16 22:59:10,67,r/ProgrammerHumor,2,2018-05-17 03:47:55,2,0,14,0
8jzbtk,2018-05-16 22:59:10,67,r/ProgrammerHumor,2,2018-05-17 03:38:33,1,0,9,0
8jzbtk,2018-05-16 22:59:10,67,r/ProgrammerHumor,2,2018-05-17 03:19:43,1,2,26,0
8jzbtk,2018-05-16 22:59:10,67,r/ProgrammerHumor,2,2018-05-17 04:06:24,2,0,21,0
8jzbtk,2018-05-16 22:59:10,67,r/ProgrammerHumor,2,2018-05-17 04:43:57,2,1,8,0
8jzbtk,2018-05-16 22:59:10,67,r/ProgrammerHumor,2,2018-05-17 04:50:58,3,0,-9,0
8jzbtk,2018-05-16 22:59:10,67,r/ProgrammerHumor,2,2018-05-17 02:51:22,1,0,7,0
8jzbtk,2018-05-16 22:59:10,67,r/ProgrammerHumor,2,2018-05-17 03:02:02,1,1,-3,0
8jzbtk,2018-05-16 22:59:10,67,r/ProgrammerHumor,2,2018-05-17 03:34:42,2,2,3,0
8jzbtk,2018-05-16 22:59:10,67,r/ProgrammerHumor,2,2018-05-17 04:03:41,3,1,2,0
8jzbtk,2018-05-16 22:59:10,67,r/ProgrammerHumor,2,2018-05-17 04:31:47,4,0,1,0
8jzbtk,2018-05-16 22:59:10,67,r/ProgrammerHumor,2,2018-05-17 03:45:14,3,0,-1,0
8jzbtk,2018-05-16 22:59:10,67,r/ProgrammerHumor,2,2018-05-17 03:46:00,1,2,-11,0
8jzbtk,2018-05-16 22:59:10,67,r/ProgrammerHumor,2,2018-05-17 03:54:45,2,0,8,0
8jzbtk,2018-05-16 22:59:10,67,r/ProgrammerHumor,2,2018-05-17 04:00:46,2,0,11,0
8jzbtk,2018-05-16 22:59:10,67,r/ProgrammerHumor,3,2018-05-17 00:16:23,0,0,54,0
8jzbtk,2018-05-16 22:59:10,67,r/ProgrammerHumor,4,2018-05-17 02:10:34,0,3,138,0
8jzbtk,2018-05-16 22:59:10,67,r/ProgrammerHumor,4,2018-05-17 03:32:49,1,2,48,0
8jzbtk,2018-05-16 22:59:10,67,r/ProgrammerHumor,4,2018-05-17 03:35:14,2,0,32,0
8jzbtk,2018-05-16 22:59:10,67,r/ProgrammerHumor,4,2018-05-17 03:59:03,2,1,5,0
8jzbtk,2018-05-16 22:59:10,67,r/ProgrammerHumor,4,2018-05-17 05:02:30,3,0,1,0
8jzbtk,2018-05-16 22:59:10,67,r/ProgrammerHumor,4,2018-05-17 05:11:10,1,0,4,0
8jzbtk,2018-05-16 22:59:10,67,r/ProgrammerHumor,4,2018-05-17 04:46:36,1,0,1,0
8jzbtk,2018-05-16 22:59:10,67,r/ProgrammerHumor,5,2018-05-17 01:26:36,0,0,128,0
8jzbtk,2018-05-16 22:59:10,67,r/ProgrammerHumor,6,2018-05-17 03:40:59,0,0,16,0
8jzbtk,2018-05-16 22:59:10,67,r/ProgrammerHumor,7,2018-05-17 00:14:40,0,5,82,0
8jzbtk,2018-05-16 22:59:10,67,r/ProgrammerHumor,7,2018-05-17 01:46:30,1,3,71,0
8jzbtk,2018-05-16 22:59:10,67,r/ProgrammerHumor,7,2018-05-17 02:08:36,2,2,32,0
8jzbtk,2018-05-16 22:59:10,67,r/ProgrammerHumor,7,2018-05-17 02:23:59,3,1,11,0
8jzbtk,2018-05-16 22:59:10,67,r/ProgrammerHumor,7,2018-05-17 03:35:43,4,0,5,0
8jzbtk,2018-05-16 22:59:10,67,r/ProgrammerHumor,7,2018-05-17 05:02:58,3,0,1,0
8jzbtk,2018-05-16 22:59:10,67,r/ProgrammerHumor,7,2018-05-17 03:06:16,2,0,10,0
8jzbtk,2018-05-16 22:59:10,67,r/ProgrammerHumor,7,2018-05-17 02:36:20,2,1,18,0
8jzbtk,2018-05-16 22:59:10,67,r/ProgrammerHumor,7,2018-05-17 02:38:37,3,0,20,0
8jzbtk,2018-05-16 22:59:10,67,r/ProgrammerHumor,7,2018-05-17 02:08:09,1,0,8,0
8jzbtk,2018-05-16 22:59:10,67,r/ProgrammerHumor,7,2018-05-17 02:57:52,1,1,5,0
8jzbtk,2018-05-16 22:59:10,67,r/ProgrammerHumor,7,2018-05-17 03:58:58,2,0,3,0
8jzbtk,2018-05-16 22:59:10,67,r/ProgrammerHumor,7,2018-05-17 02:25:13,1,1,10,0
8jzbtk,2018-05-16 22:59:10,67,r/ProgrammerHumor,7,2018-05-17 03:29:39,2,3,7,0
8jzbtk,2018-05-16 22:59:10,67,r/ProgrammerHumor,7,2018-05-17 03:56:58,3,0,3,0
8jzbtk,2018-05-16 22:59:10,67,r/ProgrammerHumor,7,2018-05-17 04:26:43,3,0,3,0
8jzbtk,2018-05-16 22:59:10,67,r/ProgrammerHumor,7,2018-05-17 03:56:10,3,0,1,0
8jzbtk,2018-05-16 22:59:10,67,r/ProgrammerHumor,7,2018-05-17 04:20:06,1,0,2,0
8jzbtk,2018-05-16 22:59:10,67,r/ProgrammerHumor,8,2018-05-17 03:45:04,0,1,9,0
8jzbtk,2018-05-16 22:59:10,67,r/ProgrammerHumor,8,2018-05-17 04:43:51,1,1,6,0
8jzbtk,2018-05-16 22:59:10,67,r/ProgrammerHumor,8,2018-05-17 04:44:44,2,0,2,0
8jzbtk,2018-05-16 22:59:10,67,r/ProgrammerHumor,9,2018-05-17 03:56:45,0,1,9,0
8jzbtk,2018-05-16 22:59:10,67,r/ProgrammerHumor,9,2018-05-17 04:49:14,1,1,5,0
8jzbtk,2018-05-16 22:59:10,67,r/ProgrammerHumor,9,2018-05-17 04:59:19,2,0,2,0
8jzbtk,2018-05-16 22:59:10,67,r/ProgrammerHumor,10,2018-05-17 03:30:45,0,0,11,0
8jzbtk,2018-05-16 22:59:10,67,r/ProgrammerHumor,11,2018-05-17 02:17:54,0,0,17,0
8jzbtk,2018-05-16 22:59:10,67,r/ProgrammerHumor,12,2018-05-17 01:15:11,0,2,6,0
8jzbtk,2018-05-16 22:59:10,67,r/ProgrammerHumor,12,2018-05-17 02:17:49,1,0,6,0
8jzbtk,2018-05-16 22:59:10,67,r/ProgrammerHumor,12,2018-05-17 03:49:36,1,0,1,0
8jzbtk,2018-05-16 22:59:10,67,r/ProgrammerHumor,13,2018-05-17 03:02:43,0,0,5,0
8jzbtk,2018-05-16 22:59:10,67,r/ProgrammerHumor,14,2018-05-17 01:13:02,0,0,2,0
8jzbtk,2018-05-16 22:59:10,67,r/ProgrammerHumor,15,2018-05-17 01:54:52,0,0,2,0
8jzbtk,2018-05-16 22:59:10,67,r/ProgrammerHumor,16,2018-05-17 03:25:55,0,0,2,0
8jzbtk,2018-05-16 22:59:10,67,r/ProgrammerHumor,17,2018-05-17 04:21:22,0,0,2,0
8jzbtk,2018-05-16 22:59:10,67,r/ProgrammerHumor,18,2018-05-17 04:46:16,0,0,2,0
8jzbtk,2018-05-16 22:59:10,67,r/ProgrammerHumor,19,2018-05-17 04:48:40,0,0,2,0
8jzbtk,2018-05-16 22:59:10,67,r/ProgrammerHumor,20,2018-05-17 05:04:54,0,0,2,0
8jzbtk,2018-05-16 22:59:10,67,r/ProgrammerHumor,21,2018-05-17 05:10:28,0,0,2,0
8jzbtk,2018-05-16 22:59:10,67,r/ProgrammerHumor,22,2018-05-17 05:12:48,0,0,2,0
8jzbtk,2018-05-16 22:59:10,67,r/ProgrammerHumor,23,2018-05-17 02:46:53,0,4,4,0
8jzbtk,2018-05-16 22:59:10,67,r/ProgrammerHumor,23,2018-05-17 03:05:28,1,0,9,0
8jzbtk,2018-05-16 22:59:10,67,r/ProgrammerHumor,23,2018-05-17 03:22:13,1,0,5,0
8jzbtk,2018-05-16 22:59:10,67,r/ProgrammerHumor,23,2018-05-17 04:03:55,1,0,1,0
8jzbtk,2018-05-16 22:59:10,67,r/ProgrammerHumor,23,2018-05-17 04:50:25,1,0,1,0
8jzbtk,2018-05-16 22:59:10,67,r/ProgrammerHumor,24,2018-05-17 02:01:30,0,0,1,0
8jzbtk,2018-05-16 22:59:10,67,r/ProgrammerHumor,25,2018-05-17 03:37:22,0,0,1,0
8jzbtk,2018-05-16 22:59:10,67,r/ProgrammerHumor,26,2018-05-17 03:43:22,0,0,1,0
8jzbtk,2018-05-16 22:59:10,67,r/ProgrammerHumor,27,2018-05-17 03:47:05,0,0,1,0
8jzbtk,2018-05-16 22:59:10,67,r/ProgrammerHumor,28,2018-05-17 03:52:50,0,0,1,0
8jzbtk,2018-05-16 22:59:10,67,r/ProgrammerHumor,29,2018-05-17 03:57:37,0,0,1,0
8jzbtk,2018-05-16 22:59:10,67,r/ProgrammerHumor,30,2018-05-17 04:01:19,0,0,1,0
8jzbtk,2018-05-16 22:59:10,67,r/ProgrammerHumor,31,2018-05-17 04:02:56,0,0,1,0
8jzbtk,2018-05-16 22:59:10,67,r/ProgrammerHumor,32,2018-05-17 04:05:57,0,0,1,0
8jzbtk,2018-05-16 22:59:10,67,r/ProgrammerHumor,33,2018-05-17 04:11:39,0,0,1,0
8jzbtk,2018-05-16 22:59:10,67,r/ProgrammerHumor,34,2018-05-17 04:12:36,0,0,1,0
8jzbtk,2018-05-16 22:59:10,67,r/ProgrammerHumor,35,2018-05-17 04:16:54,0,0,1,0
8jzbtk,2018-05-16 22:59:10,67,r/ProgrammerHumor,36,2018-05-17 04:26:25,0,0,1,0
8jzbtk,2018-05-16 22:59:10,67,r/ProgrammerHumor,37,2018-05-17 04:34:37,0,0,1,0
8jzbtk,2018-05-16 22:59:10,67,r/ProgrammerHumor,38,2018-05-17 04:34:50,0,0,1,0
8jzbtk,2018-05-16 22:59:10,67,r/ProgrammerHumor,39,2018-05-17 04:35:59,0,0,1,0
8jzbtk,2018-05-16 22:59:10,67,r/ProgrammerHumor,40,2018-05-17 04:38:09,0,0,1,0
8jzbtk,2018-05-16 22:59:10,67,r/ProgrammerHumor,41,2018-05-17 04:38:42,0,0,1,0
8jzbtk,2018-05-16 22:59:10,67,r/ProgrammerHumor,42,2018-05-17 04:58:03,0,0,1,0
8jzbtk,2018-05-16 22:59:10,67,r/ProgrammerHumor,43,2018-05-17 05:07:26,0,0,1,0
8jzbtk,2018-05-16 22:59:10,67,r/ProgrammerHumor,44,2018-05-17 05:16:32,0,0,1,0
8jzbtk,2018-05-16 22:59:10,67,r/ProgrammerHumor,45,2018-05-17 05:20:54,0,0,1,0
8jzbtk,2018-05-16 22:59:10,67,r/ProgrammerHumor,46,2018-05-17 02:32:52,0,1,1,0
8jzbtk,2018-05-16 22:59:10,67,r/ProgrammerHumor,46,2018-05-17 04:06:15,1,0,1,0
8jzbtk,2018-05-16 22:59:10,67,r/ProgrammerHumor,47,2018-05-17 02:48:57,0,0,1,0
8jzbtk,2018-05-16 22:59:10,67,r/ProgrammerHumor,48,2018-05-17 03:06:14,0,0,0,0
8jzbtk,2018-05-16 22:59:10,67,r/ProgrammerHumor,49,2018-05-17 03:31:52,0,0,0,0
8jzbtk,2018-05-16 22:59:10,67,r/ProgrammerHumor,50,2018-05-17 01:30:18,0,2,-4,0
8jzbtk,2018-05-16 22:59:10,67,r/ProgrammerHumor,50,2018-05-17 03:07:59,1,0,11,0
8jzbtk,2018-05-16 22:59:10,67,r/ProgrammerHumor,50,2018-05-17 03:42:13,1,0,2,0
8jxdht,2018-05-16 18:40:37,68,r/dontdeadopeninside,0,2018-05-16 19:42:45,0,56,4104,0
8jxdht,2018-05-16 18:40:37,68,r/dontdeadopeninside,0,2018-05-16 19:49:04,1,5,2061,0
8jxdht,2018-05-16 18:40:37,68,r/dontdeadopeninside,0,2018-05-16 22:23:52,2,1,237,0
8jxdht,2018-05-16 18:40:37,68,r/dontdeadopeninside,0,2018-05-16 22:27:47,3,2,39,0
8jxdht,2018-05-16 18:40:37,68,r/dontdeadopeninside,0,2018-05-16 23:41:15,4,1,29,0
8jxdht,2018-05-16 18:40:37,68,r/dontdeadopeninside,0,2018-05-16 23:45:44,5,2,10,0
8jxdht,2018-05-16 18:40:37,68,r/dontdeadopeninside,0,2018-05-16 23:50:59,6,0,10,0
8jxdht,2018-05-16 18:40:37,68,r/dontdeadopeninside,0,2018-05-17 03:10:13,6,1,2,0
8jxdht,2018-05-16 18:40:37,68,r/dontdeadopeninside,0,2018-05-17 03:16:50,7,1,3,0
8jxdht,2018-05-16 18:40:37,68,r/dontdeadopeninside,0,2018-05-17 04:18:32,8,0,3,0
8jxdht,2018-05-16 18:40:37,68,r/dontdeadopeninside,0,2018-05-16 23:54:44,4,1,12,0
8jxdht,2018-05-16 18:40:37,68,r/dontdeadopeninside,0,2018-05-17 00:47:16,5,0,3,0
8jxdht,2018-05-16 18:40:37,68,r/dontdeadopeninside,0,2018-05-16 23:37:01,2,0,3,0
8jxdht,2018-05-16 18:40:37,68,r/dontdeadopeninside,0,2018-05-17 03:27:40,2,0,1,0
8jxdht,2018-05-16 18:40:37,68,r/dontdeadopeninside,0,2018-05-17 00:24:09,2,0,0,0
8jxdht,2018-05-16 18:40:37,68,r/dontdeadopeninside,0,2018-05-16 22:28:23,2,2,-15,0
8jxdht,2018-05-16 18:40:37,68,r/dontdeadopeninside,0,2018-05-16 23:21:20,3,1,6,0
8jxdht,2018-05-16 18:40:37,68,r/dontdeadopeninside,0,2018-05-16 23:25:20,4,1,5,0
8jxdht,2018-05-16 18:40:37,68,r/dontdeadopeninside,0,2018-05-17 02:27:04,5,0,1,0
8jxdht,2018-05-16 18:40:37,68,r/dontdeadopeninside,0,2018-05-17 00:13:39,3,0,1,0
8jxdht,2018-05-16 18:40:37,68,r/dontdeadopeninside,0,2018-05-16 22:55:40,1,1,135,0
8jxdht,2018-05-16 18:40:37,68,r/dontdeadopeninside,0,2018-05-16 23:36:44,2,1,89,0
8jxdht,2018-05-16 18:40:37,68,r/dontdeadopeninside,0,2018-05-17 01:56:06,3,0,12,0
8jxdht,2018-05-16 18:40:37,68,r/dontdeadopeninside,0,2018-05-16 20:12:54,1,5,423,0
8jxdht,2018-05-16 18:40:37,68,r/dontdeadopeninside,0,2018-05-16 21:35:31,2,1,46,0
8jxdht,2018-05-16 18:40:37,68,r/dontdeadopeninside,0,2018-05-16 22:09:48,3,1,11,0
8jxdht,2018-05-16 18:40:37,68,r/dontdeadopeninside,0,2018-05-16 23:19:49,4,1,4,0
8jxdht,2018-05-16 18:40:37,68,r/dontdeadopeninside,0,2018-05-17 01:28:35,5,0,1,0
8jxdht,2018-05-16 18:40:37,68,r/dontdeadopeninside,0,2018-05-16 22:46:47,2,0,9,0
8jxdht,2018-05-16 18:40:37,68,r/dontdeadopeninside,0,2018-05-16 23:24:33,2,0,2,0
8jxdht,2018-05-16 18:40:37,68,r/dontdeadopeninside,0,2018-05-17 00:34:19,2,0,1,0
8jxdht,2018-05-16 18:40:37,68,r/dontdeadopeninside,0,2018-05-17 01:25:54,2,0,1,0
8jxdht,2018-05-16 18:40:37,68,r/dontdeadopeninside,0,2018-05-16 21:00:46,1,4,138,0
8jxdht,2018-05-16 18:40:37,68,r/dontdeadopeninside,0,2018-05-17 00:14:31,2,3,51,0
8jxdht,2018-05-16 18:40:37,68,r/dontdeadopeninside,0,2018-05-17 00:29:05,3,1,29,0
8jxdht,2018-05-16 18:40:37,68,r/dontdeadopeninside,0,2018-05-17 03:04:13,4,0,1,0
8jxdht,2018-05-16 18:40:37,68,r/dontdeadopeninside,0,2018-05-17 03:04:49,3,0,4,0
8jxdht,2018-05-16 18:40:37,68,r/dontdeadopeninside,0,2018-05-17 03:22:28,3,1,4,0
8jxdht,2018-05-16 18:40:37,68,r/dontdeadopeninside,0,2018-05-17 04:05:29,4,0,2,0
8jxdht,2018-05-16 18:40:37,68,r/dontdeadopeninside,0,2018-05-16 21:28:20,2,1,25,0
8jxdht,2018-05-16 18:40:37,68,r/dontdeadopeninside,0,2018-05-16 22:22:09,3,3,16,0
8jxdht,2018-05-16 18:40:37,68,r/dontdeadopeninside,0,2018-05-16 23:14:10,4,0,12,0
8jxdht,2018-05-16 18:40:37,68,r/dontdeadopeninside,0,2018-05-16 22:34:06,4,0,10,0
8jxdht,2018-05-16 18:40:37,68,r/dontdeadopeninside,0,2018-05-16 22:33:55,4,0,2,0
8jxdht,2018-05-16 18:40:37,68,r/dontdeadopeninside,0,2018-05-17 00:30:28,2,2,10,0
8jxdht,2018-05-16 18:40:37,68,r/dontdeadopeninside,0,2018-05-17 00:58:26,3,0,1,0
8jxdht,2018-05-16 18:40:37,68,r/dontdeadopeninside,0,2018-05-17 01:06:08,3,0,1,0
8jxdht,2018-05-16 18:40:37,68,r/dontdeadopeninside,0,2018-05-17 01:18:01,2,0,1,0
8jxdht,2018-05-16 18:40:37,68,r/dontdeadopeninside,0,2018-05-16 21:48:37,1,3,44,0
8jxdht,2018-05-16 18:40:37,68,r/dontdeadopeninside,0,2018-05-16 21:54:45,2,0,29,0
8jxdht,2018-05-16 18:40:37,68,r/dontdeadopeninside,0,2018-05-16 22:46:12,2,2,27,0
8jxdht,2018-05-16 18:40:37,68,r/dontdeadopeninside,0,2018-05-17 00:05:40,3,0,12,0
8jxdht,2018-05-16 18:40:37,68,r/dontdeadopeninside,0,2018-05-17 00:35:40,3,1,10,0
8jxdht,2018-05-16 18:40:37,68,r/dontdeadopeninside,0,2018-05-17 01:37:13,4,0,8,0
8jxdht,2018-05-16 18:40:37,68,r/dontdeadopeninside,0,2018-05-16 23:49:46,2,1,5,0
8jxdht,2018-05-16 18:40:37,68,r/dontdeadopeninside,0,2018-05-17 01:39:10,3,0,2,0
8jxdht,2018-05-16 18:40:37,68,r/dontdeadopeninside,0,2018-05-16 23:21:52,1,1,29,0
8jxdht,2018-05-16 18:40:37,68,r/dontdeadopeninside,0,2018-05-17 01:26:41,2,0,10,0
8jxdht,2018-05-16 18:40:37,68,r/dontdeadopeninside,0,2018-05-16 20:26:11,1,1,23,0
8jxdht,2018-05-16 18:40:37,68,r/dontdeadopeninside,0,2018-05-17 00:12:55,2,0,2,0
8jxdht,2018-05-16 18:40:37,68,r/dontdeadopeninside,0,2018-05-16 21:42:52,1,0,21,0
8jxdht,2018-05-16 18:40:37,68,r/dontdeadopeninside,0,2018-05-17 00:59:15,1,0,15,0
8jxdht,2018-05-16 18:40:37,68,r/dontdeadopeninside,0,2018-05-16 21:01:41,1,0,12,0
8jxdht,2018-05-16 18:40:37,68,r/dontdeadopeninside,0,2018-05-16 20:28:13,1,1,9,0
8jxdht,2018-05-16 18:40:37,68,r/dontdeadopeninside,0,2018-05-16 22:30:52,2,1,9,0
8jxdht,2018-05-16 18:40:37,68,r/dontdeadopeninside,0,2018-05-16 22:42:14,3,0,2,0
8jxdht,2018-05-16 18:40:37,68,r/dontdeadopeninside,0,2018-05-16 21:45:49,1,1,6,0
8jxdht,2018-05-16 18:40:37,68,r/dontdeadopeninside,0,2018-05-17 03:07:00,2,0,2,0
8jxdht,2018-05-16 18:40:37,68,r/dontdeadopeninside,0,2018-05-16 21:22:12,1,1,5,0
8jxdht,2018-05-16 18:40:37,68,r/dontdeadopeninside,0,2018-05-16 23:50:16,2,1,3,0
8jxdht,2018-05-16 18:40:37,68,r/dontdeadopeninside,0,2018-05-16 23:53:42,3,1,4,0
8jxdht,2018-05-16 18:40:37,68,r/dontdeadopeninside,0,2018-05-17 00:51:00,4,0,3,0
8jxdht,2018-05-16 18:40:37,68,r/dontdeadopeninside,0,2018-05-17 01:10:30,1,1,3,0
8jxdht,2018-05-16 18:40:37,68,r/dontdeadopeninside,0,2018-05-17 04:42:23,2,0,1,0
8jxdht,2018-05-16 18:40:37,68,r/dontdeadopeninside,0,2018-05-16 22:58:56,1,0,2,0
8jxdht,2018-05-16 18:40:37,68,r/dontdeadopeninside,0,2018-05-16 23:37:26,1,0,2,0
8jxdht,2018-05-16 18:40:37,68,r/dontdeadopeninside,0,2018-05-17 00:13:21,1,0,2,0
8jxdht,2018-05-16 18:40:37,68,r/dontdeadopeninside,0,2018-05-17 00:24:05,1,0,2,0
8jxdht,2018-05-16 18:40:37,68,r/dontdeadopeninside,0,2018-05-16 22:18:36,1,0,1,0
8jxdht,2018-05-16 18:40:37,68,r/dontdeadopeninside,0,2018-05-16 22:47:05,1,0,1,0
8jxdht,2018-05-16 18:40:37,68,r/dontdeadopeninside,0,2018-05-16 23:10:58,1,0,1,0
8jxdht,2018-05-16 18:40:37,68,r/dontdeadopeninside,0,2018-05-16 23:27:04,1,0,1,0
8jxdht,2018-05-16 18:40:37,68,r/dontdeadopeninside,0,2018-05-16 23:30:53,1,1,1,0
8jxdht,2018-05-16 18:40:37,68,r/dontdeadopeninside,0,2018-05-17 02:15:36,2,0,1,0
8jxdht,2018-05-16 18:40:37,68,r/dontdeadopeninside,0,2018-05-16 23:31:50,1,0,1,0
8jxdht,2018-05-16 18:40:37,68,r/dontdeadopeninside,0,2018-05-16 23:32:53,1,1,1,0
8jxdht,2018-05-16 18:40:37,68,r/dontdeadopeninside,0,2018-05-17 01:58:35,2,0,2,0
8jxdht,2018-05-16 18:40:37,68,r/dontdeadopeninside,0,2018-05-16 23:37:40,1,0,1,0
8jxdht,2018-05-16 18:40:37,68,r/dontdeadopeninside,0,2018-05-16 23:41:44,1,0,1,0
8jxdht,2018-05-16 18:40:37,68,r/dontdeadopeninside,0,2018-05-16 23:50:38,1,0,1,0
8jxdht,2018-05-16 18:40:37,68,r/dontdeadopeninside,0,2018-05-16 23:51:20,1,0,1,0
8jxdht,2018-05-16 18:40:37,68,r/dontdeadopeninside,0,2018-05-17 00:25:44,1,0,1,0
8jxdht,2018-05-16 18:40:37,68,r/dontdeadopeninside,0,2018-05-17 00:39:23,1,0,1,0
8jxdht,2018-05-16 18:40:37,68,r/dontdeadopeninside,0,2018-05-17 00:39:56,1,0,1,0
8jxdht,2018-05-16 18:40:37,68,r/dontdeadopeninside,0,2018-05-17 01:08:58,1,0,1,0
8jxdht,2018-05-16 18:40:37,68,r/dontdeadopeninside,0,2018-05-17 01:32:54,1,0,1,0
8jxdht,2018-05-16 18:40:37,68,r/dontdeadopeninside,0,2018-05-17 01:33:39,1,0,1,0
8jxdht,2018-05-16 18:40:37,68,r/dontdeadopeninside,0,2018-05-17 01:44:52,1,0,1,0
8jxdht,2018-05-16 18:40:37,68,r/dontdeadopeninside,0,2018-05-17 01:54:05,1,0,1,0
8jxdht,2018-05-16 18:40:37,68,r/dontdeadopeninside,0,2018-05-17 01:55:19,1,0,1,0
8jxdht,2018-05-16 18:40:37,68,r/dontdeadopeninside,0,2018-05-17 01:56:29,1,0,1,0
8jxdht,2018-05-16 18:40:37,68,r/dontdeadopeninside,0,2018-05-17 01:58:18,1,0,1,0
8jxdht,2018-05-16 18:40:37,68,r/dontdeadopeninside,0,2018-05-17 02:06:23,1,0,1,0
8jxdht,2018-05-16 18:40:37,68,r/dontdeadopeninside,0,2018-05-17 02:07:24,1,0,1,0
8jxdht,2018-05-16 18:40:37,68,r/dontdeadopeninside,0,2018-05-17 02:13:46,1,0,1,0
8jxdht,2018-05-16 18:40:37,68,r/dontdeadopeninside,0,2018-05-17 02:23:30,1,0,1,0
8jxdht,2018-05-16 18:40:37,68,r/dontdeadopeninside,0,2018-05-17 02:29:11,1,0,1,0
8jxdht,2018-05-16 18:40:37,68,r/dontdeadopeninside,0,2018-05-17 02:29:50,1,0,1,0
8jxdht,2018-05-16 18:40:37,68,r/dontdeadopeninside,0,2018-05-17 02:49:01,1,0,1,0
8jxdht,2018-05-16 18:40:37,68,r/dontdeadopeninside,0,2018-05-17 03:21:25,1,0,1,0
8jxdht,2018-05-16 18:40:37,68,r/dontdeadopeninside,0,2018-05-17 03:48:35,1,0,1,0
8jxdht,2018-05-16 18:40:37,68,r/dontdeadopeninside,0,2018-05-17 03:50:47,1,0,1,0
8jxdht,2018-05-16 18:40:37,68,r/dontdeadopeninside,0,2018-05-17 03:51:08,1,0,1,0
8jxdht,2018-05-16 18:40:37,68,r/dontdeadopeninside,0,2018-05-17 04:31:55,1,0,1,0
8jxdht,2018-05-16 18:40:37,68,r/dontdeadopeninside,0,2018-05-17 04:40:14,1,0,1,0
8jxdht,2018-05-16 18:40:37,68,r/dontdeadopeninside,0,2018-05-17 04:43:17,1,0,1,0
8jxdht,2018-05-16 18:40:37,68,r/dontdeadopeninside,0,2018-05-16 23:09:03,1,2,0,0
8jxdht,2018-05-16 18:40:37,68,r/dontdeadopeninside,0,2018-05-17 00:11:13,2,0,1,0
8jxdht,2018-05-16 18:40:37,68,r/dontdeadopeninside,0,2018-05-17 00:22:45,2,0,1,0
8jxdht,2018-05-16 18:40:37,68,r/dontdeadopeninside,0,2018-05-16 23:37:44,1,0,0,0
8jxdht,2018-05-16 18:40:37,68,r/dontdeadopeninside,1,2018-05-16 22:02:28,0,7,623,0
8jxdht,2018-05-16 18:40:37,68,r/dontdeadopeninside,1,2018-05-16 23:15:23,1,0,110,0
8jxdht,2018-05-16 18:40:37,68,r/dontdeadopeninside,1,2018-05-16 23:11:02,1,2,60,0
8jxdht,2018-05-16 18:40:37,68,r/dontdeadopeninside,1,2018-05-16 23:11:51,2,0,32,0
8jxdht,2018-05-16 18:40:37,68,r/dontdeadopeninside,1,2018-05-17 01:28:36,2,1,-1,0
8jxdht,2018-05-16 18:40:37,68,r/dontdeadopeninside,1,2018-05-17 02:27:31,3,1,3,0
8jxdht,2018-05-16 18:40:37,68,r/dontdeadopeninside,1,2018-05-17 03:41:35,4,0,2,0
8jxdht,2018-05-16 18:40:37,68,r/dontdeadopeninside,1,2018-05-16 23:22:28,1,0,27,0
8jxdht,2018-05-16 18:40:37,68,r/dontdeadopeninside,1,2018-05-16 23:19:48,1,1,20,0
8jxdht,2018-05-16 18:40:37,68,r/dontdeadopeninside,1,2018-05-16 23:22:57,2,2,6,0
8jxdht,2018-05-16 18:40:37,68,r/dontdeadopeninside,1,2018-05-16 23:54:56,3,0,3,0
8jxdht,2018-05-16 18:40:37,68,r/dontdeadopeninside,1,2018-05-17 00:09:36,3,0,3,0
8jxdht,2018-05-16 18:40:37,68,r/dontdeadopeninside,1,2018-05-16 23:55:13,1,0,17,0
8jxdht,2018-05-16 18:40:37,68,r/dontdeadopeninside,1,2018-05-17 02:09:25,1,0,6,0
8jxdht,2018-05-16 18:40:37,68,r/dontdeadopeninside,1,2018-05-17 03:03:47,1,0,5,0
8jxdht,2018-05-16 18:40:37,68,r/dontdeadopeninside,2,2018-05-16 19:09:05,0,4,1650,0
8jxdht,2018-05-16 18:40:37,68,r/dontdeadopeninside,2,2018-05-16 19:10:49,1,5,406,0
8jxdht,2018-05-16 18:40:37,68,r/dontdeadopeninside,2,2018-05-16 20:04:23,2,1,57,0
8jxdht,2018-05-16 18:40:37,68,r/dontdeadopeninside,2,2018-05-17 00:24:01,3,0,1,0
8jxdht,2018-05-16 18:40:37,68,r/dontdeadopeninside,2,2018-05-16 19:33:49,2,0,118,0
8jxdht,2018-05-16 18:40:37,68,r/dontdeadopeninside,2,2018-05-16 19:46:20,2,1,75,0
8jxdht,2018-05-16 18:40:37,68,r/dontdeadopeninside,2,2018-05-16 23:25:32,3,1,27,0
8jxdht,2018-05-16 18:40:37,68,r/dontdeadopeninside,2,2018-05-16 23:38:28,4,1,31,0
8jxdht,2018-05-16 18:40:37,68,r/dontdeadopeninside,2,2018-05-16 23:49:18,5,2,25,0
8jxdht,2018-05-16 18:40:37,68,r/dontdeadopeninside,2,2018-05-16 23:57:18,6,1,23,0
8jxdht,2018-05-16 18:40:37,68,r/dontdeadopeninside,2,2018-05-17 00:14:37,7,1,14,0
8jxdht,2018-05-16 18:40:37,68,r/dontdeadopeninside,2,2018-05-17 00:18:18,8,1,7,0
8jxdht,2018-05-16 18:40:37,68,r/dontdeadopeninside,2,2018-05-17 01:22:30,9,0,6,0
8jxdht,2018-05-16 18:40:37,68,r/dontdeadopeninside,2,2018-05-16 23:57:42,6,0,7,0
8jxdht,2018-05-16 18:40:37,68,r/dontdeadopeninside,2,2018-05-16 22:14:44,2,0,4,0
8jxdht,2018-05-16 18:40:37,68,r/dontdeadopeninside,2,2018-05-16 23:57:25,2,0,1,0
8jxdht,2018-05-16 18:40:37,68,r/dontdeadopeninside,2,2018-05-16 21:32:45,1,1,37,0
8jxdht,2018-05-16 18:40:37,68,r/dontdeadopeninside,2,2018-05-17 01:27:31,2,0,4,0
8jxdht,2018-05-16 18:40:37,68,r/dontdeadopeninside,2,2018-05-16 21:25:28,1,1,13,0
8jxdht,2018-05-16 18:40:37,68,r/dontdeadopeninside,2,2018-05-16 22:54:16,2,0,4,0
8jxdht,2018-05-16 18:40:37,68,r/dontdeadopeninside,2,2018-05-16 23:18:42,1,0,5,0
8jxdht,2018-05-16 18:40:37,68,r/dontdeadopeninside,3,2018-05-16 19:33:14,0,5,785,0
8jxdht,2018-05-16 18:40:37,68,r/dontdeadopeninside,3,2018-05-16 19:59:27,1,5,625,0
8jxdht,2018-05-16 18:40:37,68,r/dontdeadopeninside,3,2018-05-16 20:19:30,2,1,91,0
8jxdht,2018-05-16 18:40:37,68,r/dontdeadopeninside,3,2018-05-16 20:28:09,3,1,45,0
8jxdht,2018-05-16 18:40:37,68,r/dontdeadopeninside,3,2018-05-16 20:31:13,4,1,48,0
8jxdht,2018-05-16 18:40:37,68,r/dontdeadopeninside,3,2018-05-16 20:38:47,5,1,25,0
8jxdht,2018-05-16 18:40:37,68,r/dontdeadopeninside,3,2018-05-16 21:07:25,6,2,32,0
8jxdht,2018-05-16 18:40:37,68,r/dontdeadopeninside,3,2018-05-16 21:53:40,7,1,31,0
8jxdht,2018-05-16 18:40:37,68,r/dontdeadopeninside,3,2018-05-17 04:11:53,8,0,3,0
8jxdht,2018-05-16 18:40:37,68,r/dontdeadopeninside,3,2018-05-16 21:55:23,7,0,8,0
8jxdht,2018-05-16 18:40:37,68,r/dontdeadopeninside,3,2018-05-16 21:42:36,2,1,7,0
8jxdht,2018-05-16 18:40:37,68,r/dontdeadopeninside,3,2018-05-17 03:26:53,3,0,1,0
8jxdht,2018-05-16 18:40:37,68,r/dontdeadopeninside,3,2018-05-17 00:20:10,2,0,7,0
8jxdht,2018-05-16 18:40:37,68,r/dontdeadopeninside,3,2018-05-17 02:58:37,2,0,1,0
8jxdht,2018-05-16 18:40:37,68,r/dontdeadopeninside,3,2018-05-17 04:16:57,2,0,1,0
8jxdht,2018-05-16 18:40:37,68,r/dontdeadopeninside,3,2018-05-16 22:42:23,1,3,41,0
8jxdht,2018-05-16 18:40:37,68,r/dontdeadopeninside,3,2018-05-16 23:13:22,2,2,49,0
8jxdht,2018-05-16 18:40:37,68,r/dontdeadopeninside,3,2018-05-16 23:33:35,3,0,15,0
8jxdht,2018-05-16 18:40:37,68,r/dontdeadopeninside,3,2018-05-17 00:24:05,3,1,3,0
8jxdht,2018-05-16 18:40:37,68,r/dontdeadopeninside,3,2018-05-17 01:25:09,4,0,2,0
8jxdht,2018-05-16 18:40:37,68,r/dontdeadopeninside,3,2018-05-16 23:32:54,2,0,3,0
8jxdht,2018-05-16 18:40:37,68,r/dontdeadopeninside,3,2018-05-16 22:51:54,2,1,2,0
8jxdht,2018-05-16 18:40:37,68,r/dontdeadopeninside,3,2018-05-16 23:34:14,3,0,3,0
8jxdht,2018-05-16 18:40:37,68,r/dontdeadopeninside,3,2018-05-16 22:31:13,1,1,21,0
8jxdht,2018-05-16 18:40:37,68,r/dontdeadopeninside,3,2018-05-16 23:03:02,2,2,26,0
8jxdht,2018-05-16 18:40:37,68,r/dontdeadopeninside,3,2018-05-17 00:14:28,3,1,15,0
8jxdht,2018-05-16 18:40:37,68,r/dontdeadopeninside,3,2018-05-17 00:33:34,4,1,8,0
8jxdht,2018-05-16 18:40:37,68,r/dontdeadopeninside,3,2018-05-17 00:41:30,5,0,1,0
8jxdht,2018-05-16 18:40:37,68,r/dontdeadopeninside,3,2018-05-17 00:31:58,3,0,1,0
8jxdht,2018-05-16 18:40:37,68,r/dontdeadopeninside,3,2018-05-16 23:39:29,1,0,3,0
8jxdht,2018-05-16 18:40:37,68,r/dontdeadopeninside,3,2018-05-17 02:35:16,1,1,2,0
8jxdht,2018-05-16 18:40:37,68,r/dontdeadopeninside,3,2018-05-17 02:38:22,2,0,2,0
8jxdht,2018-05-16 18:40:37,68,r/dontdeadopeninside,4,2018-05-16 19:45:26,0,1,292,0
8jxdht,2018-05-16 18:40:37,68,r/dontdeadopeninside,4,2018-05-16 23:27:05,1,2,26,0
8jxdht,2018-05-16 18:40:37,68,r/dontdeadopeninside,4,2018-05-17 00:02:36,2,1,9,0
8jxdht,2018-05-16 18:40:37,68,r/dontdeadopeninside,4,2018-05-17 01:10:22,3,0,1,0
8jxdht,2018-05-16 18:40:37,68,r/dontdeadopeninside,4,2018-05-16 23:27:26,2,1,3,0
8jxdht,2018-05-16 18:40:37,68,r/dontdeadopeninside,4,2018-05-17 01:45:17,3,0,1,0
8jxdht,2018-05-16 18:40:37,68,r/dontdeadopeninside,5,2018-05-16 19:14:10,0,2,235,0
8jxdht,2018-05-16 18:40:37,68,r/dontdeadopeninside,5,2018-05-16 19:57:50,1,3,66,0
8jxdht,2018-05-16 18:40:37,68,r/dontdeadopeninside,5,2018-05-16 20:00:56,2,3,30,0
8jxdht,2018-05-16 18:40:37,68,r/dontdeadopeninside,5,2018-05-16 22:46:53,3,0,3,0
8jxdht,2018-05-16 18:40:37,68,r/dontdeadopeninside,5,2018-05-17 00:33:59,3,0,3,0
8jxdht,2018-05-16 18:40:37,68,r/dontdeadopeninside,5,2018-05-17 02:22:17,3,0,1,0
8jxdht,2018-05-16 18:40:37,68,r/dontdeadopeninside,5,2018-05-16 22:23:32,2,0,3,0
8jxdht,2018-05-16 18:40:37,68,r/dontdeadopeninside,5,2018-05-16 23:33:07,2,0,2,0
8jxdht,2018-05-16 18:40:37,68,r/dontdeadopeninside,5,2018-05-16 21:22:47,1,0,7,0
8jxdht,2018-05-16 18:40:37,68,r/dontdeadopeninside,6,2018-05-16 19:34:45,0,2,215,0
8jxdht,2018-05-16 18:40:37,68,r/dontdeadopeninside,6,2018-05-16 19:59:54,1,1,31,0
8jxdht,2018-05-16 18:40:37,68,r/dontdeadopeninside,6,2018-05-17 05:18:46,2,0,1,0
8jxdht,2018-05-16 18:40:37,68,r/dontdeadopeninside,6,2018-05-17 00:41:24,1,2,15,0
8jxdht,2018-05-16 18:40:37,68,r/dontdeadopeninside,6,2018-05-17 04:16:54,2,0,1,0
8jxdht,2018-05-16 18:40:37,68,r/dontdeadopeninside,6,2018-05-17 04:35:13,2,0,1,0
8jxdht,2018-05-16 18:40:37,68,r/dontdeadopeninside,7,2018-05-16 20:37:40,0,2,107,0
8jxdht,2018-05-16 18:40:37,68,r/dontdeadopeninside,7,2018-05-17 03:15:38,1,0,4,0
8jxdht,2018-05-16 18:40:37,68,r/dontdeadopeninside,7,2018-05-16 23:32:07,1,1,6,0
8jxdht,2018-05-16 18:40:37,68,r/dontdeadopeninside,7,2018-05-16 23:44:43,2,1,9,0
8jxdht,2018-05-16 18:40:37,68,r/dontdeadopeninside,7,2018-05-17 00:32:36,3,0,9,0
8jxdht,2018-05-16 18:40:37,68,r/dontdeadopeninside,8,2018-05-16 22:07:14,0,1,37,0
8jxdht,2018-05-16 18:40:37,68,r/dontdeadopeninside,8,2018-05-16 23:27:59,1,0,26,0
8jxdht,2018-05-16 18:40:37,68,r/dontdeadopeninside,9,2018-05-16 19:32:59,0,1,33,0
8jxdht,2018-05-16 18:40:37,68,r/dontdeadopeninside,9,2018-05-16 19:34:43,1,1,63,0
8jxdht,2018-05-16 18:40:37,68,r/dontdeadopeninside,9,2018-05-16 23:17:13,2,0,13,0
8jxdht,2018-05-16 18:40:37,68,r/dontdeadopeninside,10,2018-05-16 23:06:55,0,1,18,0
8jxdht,2018-05-16 18:40:37,68,r/dontdeadopeninside,10,2018-05-17 01:27:01,1,0,1,0
8jxdht,2018-05-16 18:40:37,68,r/dontdeadopeninside,11,2018-05-16 22:16:28,0,1,13,0
8jxdht,2018-05-16 18:40:37,68,r/dontdeadopeninside,11,2018-05-16 22:44:24,1,0,1,0
8jxdht,2018-05-16 18:40:37,68,r/dontdeadopeninside,12,2018-05-17 01:04:24,0,0,8,0
8jxdht,2018-05-16 18:40:37,68,r/dontdeadopeninside,13,2018-05-16 20:02:53,0,1,19,0
8jxdht,2018-05-16 18:40:37,68,r/dontdeadopeninside,13,2018-05-16 20:21:00,1,2,22,0
8jxdht,2018-05-16 18:40:37,68,r/dontdeadopeninside,13,2018-05-16 20:25:49,2,3,16,0
8jxdht,2018-05-16 18:40:37,68,r/dontdeadopeninside,13,2018-05-16 20:31:45,3,1,10,0
8jxdht,2018-05-16 18:40:37,68,r/dontdeadopeninside,13,2018-05-16 23:45:46,4,0,3,0
8jxdht,2018-05-16 18:40:37,68,r/dontdeadopeninside,13,2018-05-16 20:48:44,3,2,9,0
8jxdht,2018-05-16 18:40:37,68,r/dontdeadopeninside,13,2018-05-16 23:12:47,4,1,4,0
8jxdht,2018-05-16 18:40:37,68,r/dontdeadopeninside,13,2018-05-17 02:46:50,5,0,1,0
8jxdht,2018-05-16 18:40:37,68,r/dontdeadopeninside,13,2018-05-16 23:50:15,4,1,1,0
8jxdht,2018-05-16 18:40:37,68,r/dontdeadopeninside,13,2018-05-17 02:10:37,5,0,2,0
8jxdht,2018-05-16 18:40:37,68,r/dontdeadopeninside,13,2018-05-16 22:51:08,3,1,3,0
8jxdht,2018-05-16 18:40:37,68,r/dontdeadopeninside,13,2018-05-16 23:51:02,4,1,1,0
8jxdht,2018-05-16 18:40:37,68,r/dontdeadopeninside,13,2018-05-17 00:50:06,5,0,5,0
8jxdht,2018-05-16 18:40:37,68,r/dontdeadopeninside,13,2018-05-17 00:48:43,2,2,1,0
8jxdht,2018-05-16 18:40:37,68,r/dontdeadopeninside,13,2018-05-17 03:40:17,3,0,2,0
8jxdht,2018-05-16 18:40:37,68,r/dontdeadopeninside,13,2018-05-17 04:23:55,3,0,2,0
8jxdht,2018-05-16 18:40:37,68,r/dontdeadopeninside,14,2018-05-16 21:30:56,0,1,10,0
8jxdht,2018-05-16 18:40:37,68,r/dontdeadopeninside,14,2018-05-16 23:00:44,1,0,3,0
8jxdht,2018-05-16 18:40:37,68,r/dontdeadopeninside,15,2018-05-16 23:42:45,0,0,5,0
8jxdht,2018-05-16 18:40:37,68,r/dontdeadopeninside,16,2018-05-17 00:45:32,0,0,4,0
8jxdht,2018-05-16 18:40:37,68,r/dontdeadopeninside,17,2018-05-16 19:39:13,0,0,7,0
8jxdht,2018-05-16 18:40:37,68,r/dontdeadopeninside,18,2018-05-17 00:30:56,0,0,3,0
8jxdht,2018-05-16 18:40:37,68,r/dontdeadopeninside,19,2018-05-17 01:20:58,0,0,3,0
8jxdht,2018-05-16 18:40:37,68,r/dontdeadopeninside,20,2018-05-17 02:01:02,0,0,3,0
8jxdht,2018-05-16 18:40:37,68,r/dontdeadopeninside,21,2018-05-17 02:11:59,0,0,3,0
8jxdht,2018-05-16 18:40:37,68,r/dontdeadopeninside,22,2018-05-17 02:17:11,0,0,3,0
8jxdht,2018-05-16 18:40:37,68,r/dontdeadopeninside,23,2018-05-16 21:38:11,0,1,5,0
8jxdht,2018-05-16 18:40:37,68,r/dontdeadopeninside,23,2018-05-16 22:33:22,1,2,3,0
8jxdht,2018-05-16 18:40:37,68,r/dontdeadopeninside,23,2018-05-16 22:44:16,2,0,12,0
8jxdht,2018-05-16 18:40:37,68,r/dontdeadopeninside,23,2018-05-16 23:22:47,2,3,7,0
8jxdht,2018-05-16 18:40:37,68,r/dontdeadopeninside,23,2018-05-16 23:43:38,3,0,3,0
8jxdht,2018-05-16 18:40:37,68,r/dontdeadopeninside,23,2018-05-16 23:27:04,3,0,3,0
8jxdht,2018-05-16 18:40:37,68,r/dontdeadopeninside,23,2018-05-17 02:01:56,3,0,1,0
8jxdht,2018-05-16 18:40:37,68,r/dontdeadopeninside,24,2018-05-16 23:03:25,0,0,6,0
8jxdht,2018-05-16 18:40:37,68,r/dontdeadopeninside,25,2018-05-16 20:45:29,0,0,5,0
8jxdht,2018-05-16 18:40:37,68,r/dontdeadopeninside,26,2018-05-16 22:43:34,0,0,5,0
8jxdht,2018-05-16 18:40:37,68,r/dontdeadopeninside,27,2018-05-16 19:54:52,0,0,2,0
8jxdht,2018-05-16 18:40:37,68,r/dontdeadopeninside,28,2018-05-16 20:00:48,0,0,2,0
8jxdht,2018-05-16 18:40:37,68,r/dontdeadopeninside,29,2018-05-16 20:37:06,0,0,2,0
8jxdht,2018-05-16 18:40:37,68,r/dontdeadopeninside,30,2018-05-16 20:54:01,0,0,2,0
8jxdht,2018-05-16 18:40:37,68,r/dontdeadopeninside,31,2018-05-16 21:52:32,0,0,2,0
8jxdht,2018-05-16 18:40:37,68,r/dontdeadopeninside,32,2018-05-16 22:16:58,0,1,2,0
8jxdht,2018-05-16 18:40:37,68,r/dontdeadopeninside,32,2018-05-16 22:45:34,1,1,4,0
8jxdht,2018-05-16 18:40:37,68,r/dontdeadopeninside,32,2018-05-16 23:19:48,2,0,2,0
8jxdht,2018-05-16 18:40:37,68,r/dontdeadopeninside,33,2018-05-16 22:24:56,0,0,2,0
8jxdht,2018-05-16 18:40:37,68,r/dontdeadopeninside,34,2018-05-16 22:25:49,0,0,2,0
8jxdht,2018-05-16 18:40:37,68,r/dontdeadopeninside,35,2018-05-16 23:38:41,0,0,2,0
8jxdht,2018-05-16 18:40:37,68,r/dontdeadopeninside,36,2018-05-16 23:43:26,0,0,2,0
8jxdht,2018-05-16 18:40:37,68,r/dontdeadopeninside,37,2018-05-17 00:23:40,0,0,2,0
8jxdht,2018-05-16 18:40:37,68,r/dontdeadopeninside,38,2018-05-17 00:49:24,0,1,2,0
8jxdht,2018-05-16 18:40:37,68,r/dontdeadopeninside,38,2018-05-17 01:00:42,1,0,2,0
8jxdht,2018-05-16 18:40:37,68,r/dontdeadopeninside,39,2018-05-17 01:27:18,0,0,2,0
8jxdht,2018-05-16 18:40:37,68,r/dontdeadopeninside,40,2018-05-16 19:46:00,0,0,2,0
8jxdht,2018-05-16 18:40:37,68,r/dontdeadopeninside,41,2018-05-16 20:51:20,0,0,1,0
8jxdht,2018-05-16 18:40:37,68,r/dontdeadopeninside,42,2018-05-16 21:41:39,0,0,1,0
8jxdht,2018-05-16 18:40:37,68,r/dontdeadopeninside,43,2018-05-16 21:46:03,0,0,1,0
8jxdht,2018-05-16 18:40:37,68,r/dontdeadopeninside,44,2018-05-16 21:52:20,0,0,1,0
8jxdht,2018-05-16 18:40:37,68,r/dontdeadopeninside,45,2018-05-16 22:03:03,0,0,1,0
8jxdht,2018-05-16 18:40:37,68,r/dontdeadopeninside,46,2018-05-16 22:18:36,0,0,1,0
8jxdht,2018-05-16 18:40:37,68,r/dontdeadopeninside,47,2018-05-16 22:31:43,0,1,1,0
8jxdht,2018-05-16 18:40:37,68,r/dontdeadopeninside,47,2018-05-17 00:49:17,1,0,1,0
8jxdht,2018-05-16 18:40:37,68,r/dontdeadopeninside,48,2018-05-16 22:44:13,0,1,1,0
8jxdht,2018-05-16 18:40:37,68,r/dontdeadopeninside,48,2018-05-17 00:05:00,1,0,1,0
8jxdht,2018-05-16 18:40:37,68,r/dontdeadopeninside,49,2018-05-16 22:55:47,0,0,1,0
8jxdht,2018-05-16 18:40:37,68,r/dontdeadopeninside,50,2018-05-16 23:00:54,0,0,1,0
8jxdht,2018-05-16 18:40:37,68,r/dontdeadopeninside,51,2018-05-16 23:07:49,0,0,1,0
8jxdht,2018-05-16 18:40:37,68,r/dontdeadopeninside,52,2018-05-16 23:07:50,0,0,1,0
8jxdht,2018-05-16 18:40:37,68,r/dontdeadopeninside,53,2018-05-16 23:09:57,0,0,1,0
8jxdht,2018-05-16 18:40:37,68,r/dontdeadopeninside,54,2018-05-16 23:25:08,0,0,1,0
8jxdht,2018-05-16 18:40:37,68,r/dontdeadopeninside,55,2018-05-16 23:37:42,0,0,1,0
8jxdht,2018-05-16 18:40:37,68,r/dontdeadopeninside,56,2018-05-16 23:39:38,0,0,1,0
8jxdht,2018-05-16 18:40:37,68,r/dontdeadopeninside,57,2018-05-16 23:44:11,0,0,1,0
8jxdht,2018-05-16 18:40:37,68,r/dontdeadopeninside,58,2018-05-16 23:45:24,0,0,1,0
8jxdht,2018-05-16 18:40:37,68,r/dontdeadopeninside,59,2018-05-16 23:57:36,0,0,1,0
8jxdht,2018-05-16 18:40:37,68,r/dontdeadopeninside,60,2018-05-17 00:06:15,0,0,1,0
8jxdht,2018-05-16 18:40:37,68,r/dontdeadopeninside,61,2018-05-17 00:08:38,0,0,1,0
8jxdht,2018-05-16 18:40:37,68,r/dontdeadopeninside,62,2018-05-17 00:17:37,0,0,1,0
8jxdht,2018-05-16 18:40:37,68,r/dontdeadopeninside,63,2018-05-17 00:19:31,0,0,1,0
8jxdht,2018-05-16 18:40:37,68,r/dontdeadopeninside,64,2018-05-17 00:20:07,0,2,1,0
8jxdht,2018-05-16 18:40:37,68,r/dontdeadopeninside,64,2018-05-17 00:35:08,1,1,1,0
8jxdht,2018-05-16 18:40:37,68,r/dontdeadopeninside,64,2018-05-17 01:22:44,2,0,1,0
8jxdht,2018-05-16 18:40:37,68,r/dontdeadopeninside,64,2018-05-17 00:26:38,1,0,0,0
8jxdht,2018-05-16 18:40:37,68,r/dontdeadopeninside,65,2018-05-17 00:22:46,0,0,1,0
8jxdht,2018-05-16 18:40:37,68,r/dontdeadopeninside,66,2018-05-17 00:28:24,0,0,1,0
8jxdht,2018-05-16 18:40:37,68,r/dontdeadopeninside,67,2018-05-17 00:32:03,0,0,1,0
8jxdht,2018-05-16 18:40:37,68,r/dontdeadopeninside,68,2018-05-17 00:34:49,0,0,1,0
8jxdht,2018-05-16 18:40:37,68,r/dontdeadopeninside,69,2018-05-17 00:36:16,0,0,1,0
8jxdht,2018-05-16 18:40:37,68,r/dontdeadopeninside,70,2018-05-17 00:41:34,0,0,1,0
8jxdht,2018-05-16 18:40:37,68,r/dontdeadopeninside,71,2018-05-17 00:45:23,0,0,1,0
8jxdht,2018-05-16 18:40:37,68,r/dontdeadopeninside,72,2018-05-17 01:02:37,0,0,1,0
8jxdht,2018-05-16 18:40:37,68,r/dontdeadopeninside,73,2018-05-17 01:03:47,0,0,1,0
8jxdht,2018-05-16 18:40:37,68,r/dontdeadopeninside,74,2018-05-17 01:11:02,0,0,1,0
8jxdht,2018-05-16 18:40:37,68,r/dontdeadopeninside,75,2018-05-17 01:11:32,0,0,1,0
8jxdht,2018-05-16 18:40:37,68,r/dontdeadopeninside,76,2018-05-17 01:13:21,0,0,1,0
8jxdht,2018-05-16 18:40:37,68,r/dontdeadopeninside,77,2018-05-17 01:14:02,0,0,1,0
8jxdht,2018-05-16 18:40:37,68,r/dontdeadopeninside,78,2018-05-17 01:17:22,0,0,1,0
8jxdht,2018-05-16 18:40:37,68,r/dontdeadopeninside,79,2018-05-17 01:17:51,0,0,1,0
8jxdht,2018-05-16 18:40:37,68,r/dontdeadopeninside,80,2018-05-17 01:28:42,0,0,1,0
8jxdht,2018-05-16 18:40:37,68,r/dontdeadopeninside,81,2018-05-17 01:38:54,0,0,1,0
8jxdht,2018-05-16 18:40:37,68,r/dontdeadopeninside,82,2018-05-17 01:39:28,0,0,1,0
8jxdht,2018-05-16 18:40:37,68,r/dontdeadopeninside,83,2018-05-17 01:42:25,0,0,1,0
8jxdht,2018-05-16 18:40:37,68,r/dontdeadopeninside,84,2018-05-17 01:45:37,0,0,1,0
8jxdht,2018-05-16 18:40:37,68,r/dontdeadopeninside,85,2018-05-17 01:48:44,0,2,1,0
8jxdht,2018-05-16 18:40:37,68,r/dontdeadopeninside,85,2018-05-17 01:48:49,1,0,1,0
8jxdht,2018-05-16 18:40:37,68,r/dontdeadopeninside,85,2018-05-17 01:48:51,1,0,1,0
8jxdht,2018-05-16 18:40:37,68,r/dontdeadopeninside,86,2018-05-17 02:00:03,0,0,1,0
8jxdht,2018-05-16 18:40:37,68,r/dontdeadopeninside,87,2018-05-17 02:04:46,0,0,1,0
8jxdht,2018-05-16 18:40:37,68,r/dontdeadopeninside,88,2018-05-17 02:10:59,0,1,1,0
8jxdht,2018-05-16 18:40:37,68,r/dontdeadopeninside,88,2018-05-17 02:17:58,1,0,1,0
8jxdht,2018-05-16 18:40:37,68,r/dontdeadopeninside,89,2018-05-17 02:22:35,0,0,1,0
8jxdht,2018-05-16 18:40:37,68,r/dontdeadopeninside,90,2018-05-17 02:22:50,0,0,1,0
8jxdht,2018-05-16 18:40:37,68,r/dontdeadopeninside,91,2018-05-17 02:25:58,0,0,1,0
8jxdht,2018-05-16 18:40:37,68,r/dontdeadopeninside,92,2018-05-17 02:30:36,0,0,1,0
8jxdht,2018-05-16 18:40:37,68,r/dontdeadopeninside,93,2018-05-17 02:39:46,0,0,1,0
8jxdht,2018-05-16 18:40:37,68,r/dontdeadopeninside,94,2018-05-17 02:44:51,0,0,1,0
8jxdht,2018-05-16 18:40:37,68,r/dontdeadopeninside,95,2018-05-17 02:45:19,0,0,1,0
8jxdht,2018-05-16 18:40:37,68,r/dontdeadopeninside,96,2018-05-17 02:45:43,0,0,1,0
8jxdht,2018-05-16 18:40:37,68,r/dontdeadopeninside,97,2018-05-17 02:53:07,0,0,1,0
8jxdht,2018-05-16 18:40:37,68,r/dontdeadopeninside,98,2018-05-17 02:55:57,0,0,1,0
8jxdht,2018-05-16 18:40:37,68,r/dontdeadopeninside,99,2018-05-17 03:01:11,0,0,1,0
8jxdht,2018-05-16 18:40:37,68,r/dontdeadopeninside,100,2018-05-17 03:06:41,0,0,1,0
8jxdht,2018-05-16 18:40:37,68,r/dontdeadopeninside,101,2018-05-17 03:07:46,0,0,1,0
8jxdht,2018-05-16 18:40:37,68,r/dontdeadopeninside,102,2018-05-17 03:09:37,0,0,1,0
8jxdht,2018-05-16 18:40:37,68,r/dontdeadopeninside,103,2018-05-17 03:10:38,0,0,1,0
8jxdht,2018-05-16 18:40:37,68,r/dontdeadopeninside,104,2018-05-17 03:27:13,0,0,1,0
8jxdht,2018-05-16 18:40:37,68,r/dontdeadopeninside,105,2018-05-17 04:03:46,0,0,1,0
8jxdht,2018-05-16 18:40:37,68,r/dontdeadopeninside,106,2018-05-17 04:39:33,0,0,1,0
8jxdht,2018-05-16 18:40:37,68,r/dontdeadopeninside,107,2018-05-17 04:47:18,0,0,1,0
8jxdht,2018-05-16 18:40:37,68,r/dontdeadopeninside,108,2018-05-17 05:02:34,0,0,1,0
8jxdht,2018-05-16 18:40:37,68,r/dontdeadopeninside,109,2018-05-17 05:13:11,0,0,1,0
8jxdht,2018-05-16 18:40:37,68,r/dontdeadopeninside,110,2018-05-17 05:19:17,0,0,1,0
8jxdht,2018-05-16 18:40:37,68,r/dontdeadopeninside,111,2018-05-16 21:15:05,0,1,1,0
8jxdht,2018-05-16 18:40:37,68,r/dontdeadopeninside,111,2018-05-17 03:07:25,1,1,1,0
8jxdht,2018-05-16 18:40:37,68,r/dontdeadopeninside,111,2018-05-17 03:08:34,2,0,1,0
8jxdht,2018-05-16 18:40:37,68,r/dontdeadopeninside,112,2018-05-16 21:10:38,0,0,1,0
8jxdht,2018-05-16 18:40:37,68,r/dontdeadopeninside,113,2018-05-16 21:22:25,0,0,1,0
8jxdht,2018-05-16 18:40:37,68,r/dontdeadopeninside,114,2018-05-16 22:14:43,0,1,1,0
8jxdht,2018-05-16 18:40:37,68,r/dontdeadopeninside,114,2018-05-16 22:37:17,1,0,4,0
8jxdht,2018-05-16 18:40:37,68,r/dontdeadopeninside,115,2018-05-17 00:01:10,0,0,0,0
8jxdht,2018-05-16 18:40:37,68,r/dontdeadopeninside,116,2018-05-16 22:39:58,0,1,-3,0
8jxdht,2018-05-16 18:40:37,68,r/dontdeadopeninside,116,2018-05-16 22:43:56,1,0,5,0
8jxdht,2018-05-16 18:40:37,68,r/dontdeadopeninside,117,2018-05-16 20:25:06,0,2,-4,0
8jxdht,2018-05-16 18:40:37,68,r/dontdeadopeninside,117,2018-05-16 20:34:34,1,0,10,0
8jxdht,2018-05-16 18:40:37,68,r/dontdeadopeninside,117,2018-05-16 21:10:39,1,0,5,0
8k0gip,2018-05-17 01:51:50,69,r/teefies,0,2018-05-17 03:29:12,0,2,190,0
8k0gip,2018-05-17 01:51:50,69,r/teefies,0,2018-05-17 04:09:01,1,1,12,0
8k0gip,2018-05-17 01:51:50,69,r/teefies,0,2018-05-17 04:51:05,2,0,0,0
8k0gip,2018-05-17 01:51:50,69,r/teefies,0,2018-05-17 04:36:42,1,0,3,0
8k0gip,2018-05-17 01:51:50,69,r/teefies,1,2018-05-17 01:52:22,0,2,67,0
8k0gip,2018-05-17 01:51:50,69,r/teefies,1,2018-05-17 04:41:33,1,0,5,0
8k0gip,2018-05-17 01:51:50,69,r/teefies,1,2018-05-17 04:55:23,1,0,1,0
8k0gip,2018-05-17 01:51:50,69,r/teefies,2,2018-05-17 02:50:15,0,3,60,0
8k0gip,2018-05-17 01:51:50,69,r/teefies,2,2018-05-17 02:52:10,1,2,41,0
8k0gip,2018-05-17 01:51:50,69,r/teefies,2,2018-05-17 03:07:24,2,1,14,0
8k0gip,2018-05-17 01:51:50,69,r/teefies,2,2018-05-17 03:58:11,3,1,6,0
8k0gip,2018-05-17 01:51:50,69,r/teefies,2,2018-05-17 04:18:47,4,0,2,0
8k0gip,2018-05-17 01:51:50,69,r/teefies,2,2018-05-17 04:51:25,2,0,1,0
8k0gip,2018-05-17 01:51:50,69,r/teefies,2,2018-05-17 03:32:28,1,0,3,0
8k0gip,2018-05-17 01:51:50,69,r/teefies,2,2018-05-17 04:47:01,1,0,1,0
8k0gip,2018-05-17 01:51:50,69,r/teefies,3,2018-05-17 03:38:08,0,0,14,0
8k0gip,2018-05-17 01:51:50,69,r/teefies,4,2018-05-17 01:54:15,0,1,24,0
8k0gip,2018-05-17 01:51:50,69,r/teefies,4,2018-05-17 02:13:58,1,1,-59,0
8k0gip,2018-05-17 01:51:50,69,r/teefies,4,2018-05-17 02:19:51,2,0,27,0
8k0gip,2018-05-17 01:51:50,69,r/teefies,5,2018-05-17 01:54:45,0,0,20,0
8k0gip,2018-05-17 01:51:50,69,r/teefies,6,2018-05-17 02:11:09,0,0,7,0
8k0gip,2018-05-17 01:51:50,69,r/teefies,7,2018-05-17 02:36:02,0,0,9,0
8k0gip,2018-05-17 01:51:50,69,r/teefies,8,2018-05-17 03:00:14,0,0,6,0
8k0gip,2018-05-17 01:51:50,69,r/teefies,9,2018-05-17 03:42:50,0,0,4,0
8k0gip,2018-05-17 01:51:50,69,r/teefies,10,2018-05-17 03:05:07,0,0,3,0
8k0gip,2018-05-17 01:51:50,69,r/teefies,11,2018-05-17 03:35:39,0,1,3,0
8k0gip,2018-05-17 01:51:50,69,r/teefies,11,2018-05-17 03:44:56,1,1,10,0
8k0gip,2018-05-17 01:51:50,69,r/teefies,11,2018-05-17 03:49:34,2,0,2,0
8k0gip,2018-05-17 01:51:50,69,r/teefies,12,2018-05-17 03:01:17,0,0,3,0
8k0gip,2018-05-17 01:51:50,69,r/teefies,13,2018-05-17 03:05:33,0,0,3,0
8k0gip,2018-05-17 01:51:50,69,r/teefies,14,2018-05-17 03:37:27,0,0,3,0
8k0gip,2018-05-17 01:51:50,69,r/teefies,15,2018-05-17 04:06:24,0,0,3,0
8k0gip,2018-05-17 01:51:50,69,r/teefies,16,2018-05-17 03:17:58,0,0,2,0
8k0gip,2018-05-17 01:51:50,69,r/teefies,17,2018-05-17 03:21:18,0,0,2,0
8k0gip,2018-05-17 01:51:50,69,r/teefies,18,2018-05-17 04:39:26,0,0,2,0
8k0gip,2018-05-17 01:51:50,69,r/teefies,19,2018-05-17 04:51:54,0,0,2,0
8k0gip,2018-05-17 01:51:50,69,r/teefies,20,2018-05-17 03:28:34,0,0,4,0
8k0gip,2018-05-17 01:51:50,69,r/teefies,21,2018-05-17 04:15:21,0,0,1,0
8k0gip,2018-05-17 01:51:50,69,r/teefies,22,2018-05-17 04:24:35,0,0,1,0
8k0gip,2018-05-17 01:51:50,69,r/teefies,23,2018-05-17 04:25:32,0,0,1,0
8k0gip,2018-05-17 01:51:50,69,r/teefies,24,2018-05-17 04:31:07,0,0,1,0
8k0gip,2018-05-17 01:51:50,69,r/teefies,25,2018-05-17 04:35:55,0,0,1,0
8k0gip,2018-05-17 01:51:50,69,r/teefies,26,2018-05-17 04:38:44,0,0,1,0
8k0gip,2018-05-17 01:51:50,69,r/teefies,27,2018-05-17 04:44:44,0,0,1,0
8k0gip,2018-05-17 01:51:50,69,r/teefies,28,2018-05-17 04:45:09,0,0,1,0
8k0gip,2018-05-17 01:51:50,69,r/teefies,29,2018-05-17 05:10:24,0,0,1,0
8k0gip,2018-05-17 01:51:50,69,r/teefies,30,2018-05-17 05:15:28,0,0,1,0
8k0gip,2018-05-17 01:51:50,69,r/teefies,31,2018-05-17 05:15:59,0,0,1,0
8k0gip,2018-05-17 01:51:50,69,r/teefies,32,2018-05-17 05:17:54,0,0,1,0
8k0gip,2018-05-17 01:51:50,69,r/teefies,33,2018-05-17 04:51:16,0,0,-1,0
8jxhb8,2018-05-16 18:54:22,70,r/PoliticalHumor,0,2018-05-16 23:07:24,0,0,1,0
8jxhb8,2018-05-16 18:54:22,70,r/PoliticalHumor,1,2018-05-16 20:24:29,0,16,3294,0
8jxhb8,2018-05-16 18:54:22,70,r/PoliticalHumor,1,2018-05-16 23:19:16,1,6,845,0
8jxhb8,2018-05-16 18:54:22,70,r/PoliticalHumor,1,2018-05-17 01:20:18,2,2,127,0
8jxhb8,2018-05-16 18:54:22,70,r/PoliticalHumor,1,2018-05-17 04:11:02,3,0,3,0
8jxhb8,2018-05-16 18:54:22,70,r/PoliticalHumor,1,2018-05-17 04:07:04,3,0,4,0
8jxhb8,2018-05-16 18:54:22,70,r/PoliticalHumor,1,2018-05-17 01:27:03,2,1,34,0
8jxhb8,2018-05-16 18:54:22,70,r/PoliticalHumor,1,2018-05-17 00:10:47,2,1,84,0
8jxhb8,2018-05-16 18:54:22,70,r/PoliticalHumor,1,2018-05-17 00:25:50,2,0,21,0
8jxhb8,2018-05-16 18:54:22,70,r/PoliticalHumor,1,2018-05-17 00:30:37,2,1,4,0
8jxhb8,2018-05-16 18:54:22,70,r/PoliticalHumor,1,2018-05-17 01:29:57,3,0,3,0
8jxhb8,2018-05-16 18:54:22,70,r/PoliticalHumor,1,2018-05-16 21:07:37,1,2,724,0
8jxhb8,2018-05-16 18:54:22,70,r/PoliticalHumor,1,2018-05-16 22:54:52,2,4,352,0
8jxhb8,2018-05-16 18:54:22,70,r/PoliticalHumor,1,2018-05-17 00:07:31,3,1,96,0
8jxhb8,2018-05-16 18:54:22,70,r/PoliticalHumor,1,2018-05-17 00:10:12,4,2,83,0
8jxhb8,2018-05-16 18:54:22,70,r/PoliticalHumor,1,2018-05-17 00:13:23,5,2,36,0
8jxhb8,2018-05-16 18:54:22,70,r/PoliticalHumor,1,2018-05-17 00:16:35,6,2,30,0
8jxhb8,2018-05-16 18:54:22,70,r/PoliticalHumor,1,2018-05-17 00:27:15,7,1,25,0
8jxhb8,2018-05-16 18:54:22,70,r/PoliticalHumor,1,2018-05-17 00:44:01,8,1,14,0
8jxhb8,2018-05-16 18:54:22,70,r/PoliticalHumor,1,2018-05-17 00:58:33,7,0,2,0
8jxhb8,2018-05-16 18:54:22,70,r/PoliticalHumor,1,2018-05-17 01:09:11,6,0,2,0
8jxhb8,2018-05-16 18:54:22,70,r/PoliticalHumor,1,2018-05-17 00:40:19,5,0,3,0
8jxhb8,2018-05-16 18:54:22,70,r/PoliticalHumor,1,2018-05-16 23:38:37,3,1,14,0
8jxhb8,2018-05-16 18:54:22,70,r/PoliticalHumor,1,2018-05-17 00:06:17,4,0,2,0
8jxhb8,2018-05-16 18:54:22,70,r/PoliticalHumor,1,2018-05-17 00:51:28,3,1,5,0
8jxhb8,2018-05-16 18:54:22,70,r/PoliticalHumor,1,2018-05-17 01:02:51,4,0,2,0
8jxhb8,2018-05-16 18:54:22,70,r/PoliticalHumor,1,2018-05-16 23:24:21,1,2,157,0
8jxhb8,2018-05-16 18:54:22,70,r/PoliticalHumor,1,2018-05-16 23:56:42,2,2,41,0
8jxhb8,2018-05-16 18:54:22,70,r/PoliticalHumor,1,2018-05-17 00:40:51,3,4,84,0
8jxhb8,2018-05-16 18:54:22,70,r/PoliticalHumor,1,2018-05-17 01:09:54,4,5,89,0
8jxhb8,2018-05-16 18:54:22,70,r/PoliticalHumor,1,2018-05-17 01:16:06,5,0,16,0
8jxhb8,2018-05-16 18:54:22,70,r/PoliticalHumor,1,2018-05-17 03:38:03,5,1,9,0
8jxhb8,2018-05-16 18:54:22,70,r/PoliticalHumor,1,2018-05-17 04:07:54,6,0,4,0
8jxhb8,2018-05-16 18:54:22,70,r/PoliticalHumor,1,2018-05-17 04:25:54,5,0,2,0
8jxhb8,2018-05-16 18:54:22,70,r/PoliticalHumor,1,2018-05-17 04:46:31,5,0,2,0
8jxhb8,2018-05-16 18:54:22,70,r/PoliticalHumor,1,2018-05-17 00:56:40,4,1,6,0
8jxhb8,2018-05-16 18:54:22,70,r/PoliticalHumor,1,2018-05-17 04:09:56,5,1,2,0
8jxhb8,2018-05-16 18:54:22,70,r/PoliticalHumor,1,2018-05-17 04:46:47,6,0,2,0
8jxhb8,2018-05-16 18:54:22,70,r/PoliticalHumor,1,2018-05-17 00:44:17,4,1,7,0
8jxhb8,2018-05-16 18:54:22,70,r/PoliticalHumor,1,2018-05-17 00:49:23,5,2,19,0
8jxhb8,2018-05-16 18:54:22,70,r/PoliticalHumor,1,2018-05-17 00:53:40,6,3,16,0
8jxhb8,2018-05-16 18:54:22,70,r/PoliticalHumor,1,2018-05-17 00:55:19,7,1,11,0
8jxhb8,2018-05-16 18:54:22,70,r/PoliticalHumor,1,2018-05-17 01:04:07,8,2,17,0
8jxhb8,2018-05-16 18:54:22,70,r/PoliticalHumor,1,2018-05-17 01:18:41,9,0,3,0
8jxhb8,2018-05-16 18:54:22,70,r/PoliticalHumor,1,2018-05-17 01:03:13,7,1,8,0
8jxhb8,2018-05-16 18:54:22,70,r/PoliticalHumor,1,2018-05-16 23:23:15,1,0,10,0
8jxhb8,2018-05-16 18:54:22,70,r/PoliticalHumor,1,2018-05-16 21:03:24,1,5,107,0
8jxhb8,2018-05-16 18:54:22,70,r/PoliticalHumor,1,2018-05-16 23:49:43,2,3,34,0
8jxhb8,2018-05-16 18:54:22,70,r/PoliticalHumor,1,2018-05-17 00:42:01,3,0,20,0
8jxhb8,2018-05-16 18:54:22,70,r/PoliticalHumor,1,2018-05-17 00:35:20,3,2,44,0
8jxhb8,2018-05-16 18:54:22,70,r/PoliticalHumor,1,2018-05-17 00:47:58,4,0,12,0
8jxhb8,2018-05-16 18:54:22,70,r/PoliticalHumor,1,2018-05-17 00:58:09,4,0,5,0
8jxhb8,2018-05-16 18:54:22,70,r/PoliticalHumor,1,2018-05-16 23:49:47,3,0,7,0
8jxhb8,2018-05-16 18:54:22,70,r/PoliticalHumor,1,2018-05-16 22:29:41,2,3,52,0
8jxhb8,2018-05-16 18:54:22,70,r/PoliticalHumor,1,2018-05-16 22:33:16,3,1,39,0
8jxhb8,2018-05-16 18:54:22,70,r/PoliticalHumor,1,2018-05-16 22:42:29,3,1,5,0
8jxhb8,2018-05-16 18:54:22,70,r/PoliticalHumor,1,2018-05-16 23:04:35,4,1,5,0
8jxhb8,2018-05-16 18:54:22,70,r/PoliticalHumor,1,2018-05-16 23:28:26,5,1,6,0
8jxhb8,2018-05-16 18:54:22,70,r/PoliticalHumor,1,2018-05-16 23:33:17,6,1,5,0
8jxhb8,2018-05-16 18:54:22,70,r/PoliticalHumor,1,2018-05-16 21:07:28,2,3,45,0
8jxhb8,2018-05-16 18:54:22,70,r/PoliticalHumor,1,2018-05-16 21:12:00,3,3,63,0
8jxhb8,2018-05-16 18:54:22,70,r/PoliticalHumor,1,2018-05-16 21:21:00,4,2,42,0
8jxhb8,2018-05-16 18:54:22,70,r/PoliticalHumor,1,2018-05-16 21:25:14,5,2,31,0
8jxhb8,2018-05-16 18:54:22,70,r/PoliticalHumor,1,2018-05-16 22:31:37,6,1,32,0
8jxhb8,2018-05-16 18:54:22,70,r/PoliticalHumor,1,2018-05-16 23:38:18,4,1,3,0
8jxhb8,2018-05-16 18:54:22,70,r/PoliticalHumor,1,2018-05-16 23:43:48,5,0,2,0
8jxhb8,2018-05-16 18:54:22,70,r/PoliticalHumor,1,2018-05-17 00:00:13,3,1,4,0
8jxhb8,2018-05-16 18:54:22,70,r/PoliticalHumor,1,2018-05-17 00:25:46,4,0,2,0
8jxhb8,2018-05-16 18:54:22,70,r/PoliticalHumor,1,2018-05-17 00:57:43,2,1,2,0
8jxhb8,2018-05-16 18:54:22,70,r/PoliticalHumor,1,2018-05-16 23:16:07,1,0,25,0
8jxhb8,2018-05-16 18:54:22,70,r/PoliticalHumor,1,2018-05-17 02:22:22,1,0,13,0
8jxhb8,2018-05-16 18:54:22,70,r/PoliticalHumor,1,2018-05-16 22:26:09,1,3,31,0
8jxhb8,2018-05-16 18:54:22,70,r/PoliticalHumor,1,2018-05-17 00:03:45,2,2,17,0
8jxhb8,2018-05-16 18:54:22,70,r/PoliticalHumor,1,2018-05-17 00:24:20,3,1,6,0
8jxhb8,2018-05-16 18:54:22,70,r/PoliticalHumor,1,2018-05-17 00:42:07,4,1,7,0
8jxhb8,2018-05-16 18:54:22,70,r/PoliticalHumor,1,2018-05-17 00:50:58,5,1,7,0
8jxhb8,2018-05-16 18:54:22,70,r/PoliticalHumor,1,2018-05-17 02:50:53,2,0,2,0
8jxhb8,2018-05-16 18:54:22,70,r/PoliticalHumor,1,2018-05-16 23:57:22,1,0,2,0
8jxhb8,2018-05-16 18:54:22,70,r/PoliticalHumor,1,2018-05-17 00:17:32,1,0,2,0
8jxhb8,2018-05-16 18:54:22,70,r/PoliticalHumor,1,2018-05-17 00:42:48,1,0,2,0
8jxhb8,2018-05-16 18:54:22,70,r/PoliticalHumor,1,2018-05-17 02:16:34,1,0,2,0
8jxhb8,2018-05-16 18:54:22,70,r/PoliticalHumor,1,2018-05-17 02:39:34,1,0,2,0
8jxhb8,2018-05-16 18:54:22,70,r/PoliticalHumor,1,2018-05-16 22:26:27,1,2,14,0
8jxhb8,2018-05-16 18:54:22,70,r/PoliticalHumor,1,2018-05-16 22:37:49,2,2,47,0
8jxhb8,2018-05-16 18:54:22,70,r/PoliticalHumor,1,2018-05-16 23:26:03,3,1,32,0
8jxhb8,2018-05-16 18:54:22,70,r/PoliticalHumor,1,2018-05-16 23:36:40,4,2,6,0
8jxhb8,2018-05-16 18:54:22,70,r/PoliticalHumor,1,2018-05-17 00:22:42,5,0,8,0
8jxhb8,2018-05-16 18:54:22,70,r/PoliticalHumor,1,2018-05-16 23:39:58,5,1,8,0
8jxhb8,2018-05-16 18:54:22,70,r/PoliticalHumor,1,2018-05-16 23:58:24,6,1,2,0
8jxhb8,2018-05-16 18:54:22,70,r/PoliticalHumor,1,2018-05-17 00:27:28,2,0,5,0
8jxhb8,2018-05-16 18:54:22,70,r/PoliticalHumor,1,2018-05-16 23:30:14,1,2,5,0
8jxhb8,2018-05-16 18:54:22,70,r/PoliticalHumor,1,2018-05-16 23:53:10,2,1,13,0
8jxhb8,2018-05-16 18:54:22,70,r/PoliticalHumor,2,2018-05-16 19:20:25,0,17,1259,0
8jxhb8,2018-05-16 18:54:22,70,r/PoliticalHumor,2,2018-05-16 20:04:31,1,12,725,0
8jxhb8,2018-05-16 18:54:22,70,r/PoliticalHumor,2,2018-05-17 00:06:28,2,8,391,0
8jxhb8,2018-05-16 18:54:22,70,r/PoliticalHumor,2,2018-05-17 00:32:16,3,3,124,0
8jxhb8,2018-05-16 18:54:22,70,r/PoliticalHumor,2,2018-05-17 00:43:14,4,3,121,0
8jxhb8,2018-05-16 18:54:22,70,r/PoliticalHumor,2,2018-05-17 01:23:51,5,4,69,0
8jxhb8,2018-05-16 18:54:22,70,r/PoliticalHumor,2,2018-05-17 01:28:40,6,2,47,0
8jxhb8,2018-05-16 18:54:22,70,r/PoliticalHumor,2,2018-05-17 01:47:56,7,1,10,0
8jxhb8,2018-05-16 18:54:22,70,r/PoliticalHumor,2,2018-05-17 01:48:50,8,1,5,0
8jxhb8,2018-05-16 18:54:22,70,r/PoliticalHumor,2,2018-05-17 01:50:09,6,0,9,0
8jxhb8,2018-05-16 18:54:22,70,r/PoliticalHumor,2,2018-05-17 02:50:14,6,1,4,0
8jxhb8,2018-05-16 18:54:22,70,r/PoliticalHumor,2,2018-05-17 04:01:17,7,0,2,0
8jxhb8,2018-05-16 18:54:22,70,r/PoliticalHumor,2,2018-05-17 03:42:20,5,0,3,0
8jxhb8,2018-05-16 18:54:22,70,r/PoliticalHumor,2,2018-05-17 02:03:49,4,0,13,0
8jxhb8,2018-05-16 18:54:22,70,r/PoliticalHumor,2,2018-05-17 03:16:51,4,1,5,0
8jxhb8,2018-05-16 18:54:22,70,r/PoliticalHumor,2,2018-05-17 00:51:02,3,3,67,0
8jxhb8,2018-05-16 18:54:22,70,r/PoliticalHumor,2,2018-05-17 01:03:41,4,1,28,0
8jxhb8,2018-05-16 18:54:22,70,r/PoliticalHumor,2,2018-05-17 01:17:21,5,1,28,0
8jxhb8,2018-05-16 18:54:22,70,r/PoliticalHumor,2,2018-05-17 01:37:07,6,1,13,0
8jxhb8,2018-05-16 18:54:22,70,r/PoliticalHumor,2,2018-05-17 02:21:01,7,0,17,0
8jxhb8,2018-05-16 18:54:22,70,r/PoliticalHumor,2,2018-05-17 01:10:58,4,2,45,0
8jxhb8,2018-05-16 18:54:22,70,r/PoliticalHumor,2,2018-05-17 03:24:14,5,0,2,0
8jxhb8,2018-05-16 18:54:22,70,r/PoliticalHumor,2,2018-05-17 01:23:15,3,0,9,0
8jxhb8,2018-05-16 18:54:22,70,r/PoliticalHumor,2,2018-05-17 00:44:06,3,6,30,0
8jxhb8,2018-05-16 18:54:22,70,r/PoliticalHumor,2,2018-05-17 01:09:53,4,1,18,0
8jxhb8,2018-05-16 18:54:22,70,r/PoliticalHumor,2,2018-05-17 02:02:28,5,0,6,0
8jxhb8,2018-05-16 18:54:22,70,r/PoliticalHumor,2,2018-05-17 01:52:32,4,1,13,0
8jxhb8,2018-05-16 18:54:22,70,r/PoliticalHumor,2,2018-05-17 01:10:16,4,0,9,0
8jxhb8,2018-05-16 18:54:22,70,r/PoliticalHumor,2,2018-05-17 00:47:13,4,0,15,0
8jxhb8,2018-05-16 18:54:22,70,r/PoliticalHumor,2,2018-05-17 01:41:25,4,1,2,0
8jxhb8,2018-05-16 18:54:22,70,r/PoliticalHumor,2,2018-05-17 01:26:07,3,0,3,0
8jxhb8,2018-05-16 18:54:22,70,r/PoliticalHumor,2,2018-05-17 01:30:45,3,1,2,0
8jxhb8,2018-05-16 18:54:22,70,r/PoliticalHumor,2,2018-05-17 01:44:14,4,1,3,0
8jxhb8,2018-05-16 18:54:22,70,r/PoliticalHumor,2,2018-05-17 02:02:04,3,0,2,0
8jxhb8,2018-05-16 18:54:22,70,r/PoliticalHumor,2,2018-05-17 00:08:48,2,3,68,0
8jxhb8,2018-05-16 18:54:22,70,r/PoliticalHumor,2,2018-05-17 00:51:23,3,3,6,0
8jxhb8,2018-05-16 18:54:22,70,r/PoliticalHumor,2,2018-05-17 01:02:45,4,0,16,0
8jxhb8,2018-05-16 18:54:22,70,r/PoliticalHumor,2,2018-05-17 01:13:22,4,0,6,0
8jxhb8,2018-05-16 18:54:22,70,r/PoliticalHumor,2,2018-05-17 01:21:11,4,0,2,0
8jxhb8,2018-05-16 18:54:22,70,r/PoliticalHumor,2,2018-05-17 00:28:48,3,1,13,0
8jxhb8,2018-05-16 18:54:22,70,r/PoliticalHumor,2,2018-05-17 01:30:16,4,0,2,0
8jxhb8,2018-05-16 18:54:22,70,r/PoliticalHumor,2,2018-05-17 00:48:56,2,1,41,0
8jxhb8,2018-05-16 18:54:22,70,r/PoliticalHumor,2,2018-05-17 01:26:52,3,0,17,0
8jxhb8,2018-05-16 18:54:22,70,r/PoliticalHumor,2,2018-05-17 00:42:40,2,4,19,0
8jxhb8,2018-05-16 18:54:22,70,r/PoliticalHumor,2,2018-05-17 01:31:59,3,0,4,0
8jxhb8,2018-05-16 18:54:22,70,r/PoliticalHumor,2,2018-05-17 01:06:30,3,0,3,0
8jxhb8,2018-05-16 18:54:22,70,r/PoliticalHumor,2,2018-05-17 00:53:57,3,0,2,0
8jxhb8,2018-05-16 18:54:22,70,r/PoliticalHumor,2,2018-05-17 01:48:17,3,0,2,0
8jxhb8,2018-05-16 18:54:22,70,r/PoliticalHumor,2,2018-05-17 00:43:52,2,1,3,0
8jxhb8,2018-05-16 18:54:22,70,r/PoliticalHumor,2,2018-05-17 02:23:11,3,1,2,0
8jxhb8,2018-05-16 18:54:22,70,r/PoliticalHumor,2,2018-05-17 02:42:57,4,1,2,0
8jxhb8,2018-05-16 18:54:22,70,r/PoliticalHumor,2,2018-05-17 01:27:37,2,0,3,0
8jxhb8,2018-05-16 18:54:22,70,r/PoliticalHumor,2,2018-05-17 02:33:37,2,1,3,0
8jxhb8,2018-05-16 18:54:22,70,r/PoliticalHumor,2,2018-05-17 03:14:49,3,0,3,0
8jxhb8,2018-05-16 18:54:22,70,r/PoliticalHumor,2,2018-05-17 01:48:09,2,0,2,0
8jxhb8,2018-05-16 18:54:22,70,r/PoliticalHumor,2,2018-05-17 01:52:23,2,0,2,0
8jxhb8,2018-05-16 18:54:22,70,r/PoliticalHumor,2,2018-05-17 01:55:30,2,0,2,0
8jxhb8,2018-05-16 18:54:22,70,r/PoliticalHumor,2,2018-05-17 03:05:59,2,0,2,0
8jxhb8,2018-05-16 18:54:22,70,r/PoliticalHumor,2,2018-05-16 19:27:26,1,7,490,0
8jxhb8,2018-05-16 18:54:22,70,r/PoliticalHumor,2,2018-05-16 19:34:57,2,10,357,0
8jxhb8,2018-05-16 18:54:22,70,r/PoliticalHumor,2,2018-05-16 19:46:16,3,1,245,0
8jxhb8,2018-05-16 18:54:22,70,r/PoliticalHumor,2,2018-05-16 23:57:20,4,2,118,0
8jxhb8,2018-05-16 18:54:22,70,r/PoliticalHumor,2,2018-05-17 00:30:42,5,2,29,0
8jxhb8,2018-05-16 18:54:22,70,r/PoliticalHumor,2,2018-05-17 00:43:58,6,3,34,0
8jxhb8,2018-05-16 18:54:22,70,r/PoliticalHumor,2,2018-05-17 01:28:09,7,0,16,0
8jxhb8,2018-05-16 18:54:22,70,r/PoliticalHumor,2,2018-05-17 01:40:31,7,1,3,0
8jxhb8,2018-05-16 18:54:22,70,r/PoliticalHumor,2,2018-05-17 03:40:19,8,0,2,0
8jxhb8,2018-05-16 18:54:22,70,r/PoliticalHumor,2,2018-05-17 01:54:31,7,1,2,0
8jxhb8,2018-05-16 18:54:22,70,r/PoliticalHumor,2,2018-05-17 00:37:39,6,1,6,0
8jxhb8,2018-05-16 18:54:22,70,r/PoliticalHumor,2,2018-05-17 01:14:49,7,2,4,0
8jxhb8,2018-05-16 18:54:22,70,r/PoliticalHumor,2,2018-05-17 01:22:32,8,2,6,0
8jxhb8,2018-05-16 18:54:22,70,r/PoliticalHumor,2,2018-05-17 01:24:09,9,0,5,0
8jxhb8,2018-05-16 18:54:22,70,r/PoliticalHumor,2,2018-05-16 20:35:10,3,1,99,0
8jxhb8,2018-05-16 18:54:22,70,r/PoliticalHumor,2,2018-05-17 00:17:48,3,0,8,0
8jxhb8,2018-05-16 18:54:22,70,r/PoliticalHumor,2,2018-05-16 23:38:31,3,1,17,0
8jxhb8,2018-05-16 18:54:22,70,r/PoliticalHumor,2,2018-05-16 23:52:53,3,0,6,0
8jxhb8,2018-05-16 18:54:22,70,r/PoliticalHumor,2,2018-05-16 23:57:32,3,1,5,0
8jxhb8,2018-05-16 18:54:22,70,r/PoliticalHumor,2,2018-05-17 00:26:10,3,0,3,0
8jxhb8,2018-05-16 18:54:22,70,r/PoliticalHumor,2,2018-05-17 00:58:57,3,0,3,0
8jxhb8,2018-05-16 18:54:22,70,r/PoliticalHumor,2,2018-05-16 23:52:07,3,0,4,0
8jxhb8,2018-05-16 18:54:22,70,r/PoliticalHumor,2,2018-05-17 01:59:14,3,0,2,0
8jxhb8,2018-05-16 18:54:22,70,r/PoliticalHumor,2,2018-05-16 20:20:25,2,6,72,0
8jxhb8,2018-05-16 18:54:22,70,r/PoliticalHumor,2,2018-05-16 21:30:23,3,2,34,0
8jxhb8,2018-05-16 18:54:22,70,r/PoliticalHumor,2,2018-05-16 21:53:30,4,2,3,0
8jxhb8,2018-05-16 18:54:22,70,r/PoliticalHumor,2,2018-05-16 22:28:57,5,3,22,0
8jxhb8,2018-05-16 18:54:22,70,r/PoliticalHumor,2,2018-05-16 23:35:44,6,1,11,0
8jxhb8,2018-05-16 18:54:22,70,r/PoliticalHumor,2,2018-05-17 01:21:42,7,1,2,0
8jxhb8,2018-05-16 18:54:22,70,r/PoliticalHumor,2,2018-05-16 23:45:42,6,0,3,0
8jxhb8,2018-05-16 18:54:22,70,r/PoliticalHumor,2,2018-05-17 01:01:07,6,0,2,0
8jxhb8,2018-05-16 18:54:22,70,r/PoliticalHumor,2,2018-05-16 23:01:41,5,1,4,0
8jxhb8,2018-05-16 18:54:22,70,r/PoliticalHumor,2,2018-05-16 23:34:23,6,0,2,0
8jxhb8,2018-05-16 18:54:22,70,r/PoliticalHumor,2,2018-05-17 00:53:44,3,0,7,0
8jxhb8,2018-05-16 18:54:22,70,r/PoliticalHumor,2,2018-05-17 00:36:32,3,0,4,0
8jxhb8,2018-05-16 18:54:22,70,r/PoliticalHumor,2,2018-05-17 00:54:42,3,0,3,0
8jxhb8,2018-05-16 18:54:22,70,r/PoliticalHumor,2,2018-05-17 01:49:54,3,0,3,0
8jxhb8,2018-05-16 18:54:22,70,r/PoliticalHumor,2,2018-05-16 23:08:47,2,1,38,0
8jxhb8,2018-05-16 18:54:22,70,r/PoliticalHumor,2,2018-05-16 23:17:46,2,1,16,0
8jxhb8,2018-05-16 18:54:22,70,r/PoliticalHumor,2,2018-05-16 22:50:21,2,0,5,0
8jxhb8,2018-05-16 18:54:22,70,r/PoliticalHumor,2,2018-05-17 02:27:58,2,0,2,0
8jxhb8,2018-05-16 18:54:22,70,r/PoliticalHumor,2,2018-05-16 22:27:59,1,4,62,0
8jxhb8,2018-05-16 18:54:22,70,r/PoliticalHumor,2,2018-05-16 23:08:53,2,6,74,0
8jxhb8,2018-05-16 18:54:22,70,r/PoliticalHumor,2,2018-05-17 00:19:20,3,2,27,0
8jxhb8,2018-05-16 18:54:22,70,r/PoliticalHumor,2,2018-05-17 00:57:20,4,1,10,0
8jxhb8,2018-05-16 18:54:22,70,r/PoliticalHumor,2,2018-05-17 01:21:34,5,1,30,0
8jxhb8,2018-05-16 18:54:22,70,r/PoliticalHumor,2,2018-05-16 23:41:55,3,1,33,0
8jxhb8,2018-05-16 18:54:22,70,r/PoliticalHumor,2,2018-05-16 23:42:28,4,0,9,0
8jxhb8,2018-05-16 18:54:22,70,r/PoliticalHumor,2,2018-05-17 01:00:24,3,0,3,0
8jxhb8,2018-05-16 18:54:22,70,r/PoliticalHumor,2,2018-05-17 00:06:09,3,2,16,0
8jxhb8,2018-05-16 18:54:22,70,r/PoliticalHumor,2,2018-05-17 00:18:26,4,1,18,0
8jxhb8,2018-05-16 18:54:22,70,r/PoliticalHumor,2,2018-05-17 02:11:05,3,0,2,0
8jxhb8,2018-05-16 18:54:22,70,r/PoliticalHumor,2,2018-05-17 00:16:43,2,1,9,0
8jxhb8,2018-05-16 18:54:22,70,r/PoliticalHumor,2,2018-05-17 00:18:01,3,0,2,0
8jxhb8,2018-05-16 18:54:22,70,r/PoliticalHumor,2,2018-05-17 01:03:34,2,2,6,0
8jxhb8,2018-05-16 18:54:22,70,r/PoliticalHumor,2,2018-05-17 02:17:37,3,1,3,0
8jxhb8,2018-05-16 18:54:22,70,r/PoliticalHumor,2,2018-05-17 02:42:52,4,1,2,0
8jxhb8,2018-05-16 18:54:22,70,r/PoliticalHumor,2,2018-05-17 01:05:19,3,1,2,0
8jxhb8,2018-05-16 18:54:22,70,r/PoliticalHumor,2,2018-05-17 01:10:42,4,0,5,0
8jxhb8,2018-05-16 18:54:22,70,r/PoliticalHumor,2,2018-05-16 23:32:23,1,7,104,0
8jxhb8,2018-05-16 18:54:22,70,r/PoliticalHumor,2,2018-05-16 23:57:47,2,1,50,0
8jxhb8,2018-05-16 18:54:22,70,r/PoliticalHumor,2,2018-05-16 23:58:20,3,0,18,0
8jxhb8,2018-05-16 18:54:22,70,r/PoliticalHumor,2,2018-05-17 00:57:06,2,1,16,0
8jxhb8,2018-05-16 18:54:22,70,r/PoliticalHumor,2,2018-05-17 02:20:40,3,0,2,0
8jxhb8,2018-05-16 18:54:22,70,r/PoliticalHumor,2,2018-05-17 00:44:53,2,2,7,0
8jxhb8,2018-05-16 18:54:22,70,r/PoliticalHumor,2,2018-05-17 01:33:06,3,2,6,0
8jxhb8,2018-05-16 18:54:22,70,r/PoliticalHumor,2,2018-05-17 02:39:44,4,0,4,0
8jxhb8,2018-05-16 18:54:22,70,r/PoliticalHumor,2,2018-05-17 02:59:47,3,0,2,0
8jxhb8,2018-05-16 18:54:22,70,r/PoliticalHumor,2,2018-05-17 00:38:45,2,1,9,0
8jxhb8,2018-05-16 18:54:22,70,r/PoliticalHumor,2,2018-05-17 00:03:39,2,6,25,0
8jxhb8,2018-05-16 18:54:22,70,r/PoliticalHumor,2,2018-05-17 00:30:09,3,2,31,0
8jxhb8,2018-05-16 18:54:22,70,r/PoliticalHumor,2,2018-05-17 01:02:35,4,2,10,0
8jxhb8,2018-05-16 18:54:22,70,r/PoliticalHumor,2,2018-05-17 01:25:39,5,0,2,0
8jxhb8,2018-05-16 18:54:22,70,r/PoliticalHumor,2,2018-05-17 00:20:42,3,0,19,0
8jxhb8,2018-05-16 18:54:22,70,r/PoliticalHumor,2,2018-05-17 01:24:21,3,0,4,0
8jxhb8,2018-05-16 18:54:22,70,r/PoliticalHumor,2,2018-05-17 01:30:50,3,1,4,0
8jxhb8,2018-05-16 18:54:22,70,r/PoliticalHumor,2,2018-05-17 01:22:39,3,0,3,0
8jxhb8,2018-05-16 18:54:22,70,r/PoliticalHumor,2,2018-05-16 23:48:48,2,1,4,0
8jxhb8,2018-05-16 18:54:22,70,r/PoliticalHumor,2,2018-05-16 23:52:23,3,2,27,0
8jxhb8,2018-05-16 18:54:22,70,r/PoliticalHumor,2,2018-05-17 01:32:33,4,0,3,0
8jxhb8,2018-05-16 18:54:22,70,r/PoliticalHumor,2,2018-05-16 20:32:00,1,2,24,0
8jxhb8,2018-05-16 18:54:22,70,r/PoliticalHumor,2,2018-05-16 20:45:30,2,3,14,0
8jxhb8,2018-05-16 18:54:22,70,r/PoliticalHumor,2,2018-05-17 00:33:13,3,0,3,0
8jxhb8,2018-05-16 18:54:22,70,r/PoliticalHumor,2,2018-05-16 23:45:16,3,0,2,0
8jxhb8,2018-05-16 18:54:22,70,r/PoliticalHumor,2,2018-05-16 21:01:55,2,1,2,0
8jxhb8,2018-05-16 18:54:22,70,r/PoliticalHumor,2,2018-05-17 00:46:35,1,0,7,0
8jxhb8,2018-05-16 18:54:22,70,r/PoliticalHumor,2,2018-05-16 22:50:23,1,0,10,0
8jxhb8,2018-05-16 18:54:22,70,r/PoliticalHumor,2,2018-05-17 00:17:03,1,1,3,0
8jxhb8,2018-05-16 18:54:22,70,r/PoliticalHumor,2,2018-05-17 00:38:13,1,0,3,0
8jxhb8,2018-05-16 18:54:22,70,r/PoliticalHumor,2,2018-05-16 23:27:54,1,2,10,0
8jxhb8,2018-05-16 18:54:22,70,r/PoliticalHumor,2,2018-05-16 23:54:03,2,1,3,0
8jxhb8,2018-05-16 18:54:22,70,r/PoliticalHumor,2,2018-05-17 00:21:01,3,0,7,0
8jxhb8,2018-05-16 18:54:22,70,r/PoliticalHumor,2,2018-05-16 19:45:53,1,2,12,0
8jxhb8,2018-05-16 18:54:22,70,r/PoliticalHumor,2,2018-05-16 20:07:57,2,0,14,0
8jxhb8,2018-05-16 18:54:22,70,r/PoliticalHumor,2,2018-05-16 20:21:24,2,1,3,0
8jxhb8,2018-05-16 18:54:22,70,r/PoliticalHumor,2,2018-05-17 00:34:04,3,1,3,0
8jxhb8,2018-05-16 18:54:22,70,r/PoliticalHumor,2,2018-05-16 23:12:15,1,1,11,0
8jxhb8,2018-05-16 18:54:22,70,r/PoliticalHumor,2,2018-05-17 01:55:55,2,0,5,0
8jxhb8,2018-05-16 18:54:22,70,r/PoliticalHumor,2,2018-05-17 00:58:52,1,0,2,0
8jxhb8,2018-05-16 18:54:22,70,r/PoliticalHumor,2,2018-05-17 01:07:08,1,0,2,0
8jxhb8,2018-05-16 18:54:22,70,r/PoliticalHumor,2,2018-05-17 01:33:05,1,0,2,0
8jxhb8,2018-05-16 18:54:22,70,r/PoliticalHumor,2,2018-05-17 01:38:29,1,0,2,0
8jxhb8,2018-05-16 18:54:22,70,r/PoliticalHumor,3,2018-05-16 19:37:35,0,10,756,0
8jxhb8,2018-05-16 18:54:22,70,r/PoliticalHumor,3,2018-05-16 23:21:22,1,1,324,0
8jxhb8,2018-05-16 18:54:22,70,r/PoliticalHumor,3,2018-05-17 01:47:29,2,1,20,0
8jxhb8,2018-05-16 18:54:22,70,r/PoliticalHumor,3,2018-05-16 22:29:38,1,0,113,0
8jxhb8,2018-05-16 18:54:22,70,r/PoliticalHumor,3,2018-05-16 22:31:46,1,2,85,0
8jxhb8,2018-05-16 18:54:22,70,r/PoliticalHumor,3,2018-05-16 23:51:21,2,3,103,0
8jxhb8,2018-05-16 18:54:22,70,r/PoliticalHumor,3,2018-05-17 01:13:18,3,1,5,0
8jxhb8,2018-05-16 18:54:22,70,r/PoliticalHumor,3,2018-05-17 01:56:31,4,1,9,0
8jxhb8,2018-05-16 18:54:22,70,r/PoliticalHumor,3,2018-05-17 00:18:46,3,2,21,0
8jxhb8,2018-05-16 18:54:22,70,r/PoliticalHumor,3,2018-05-17 01:11:51,4,1,8,0
8jxhb8,2018-05-16 18:54:22,70,r/PoliticalHumor,3,2018-05-17 02:13:32,5,1,7,0
8jxhb8,2018-05-16 18:54:22,70,r/PoliticalHumor,3,2018-05-16 23:47:28,1,7,48,0
8jxhb8,2018-05-16 18:54:22,70,r/PoliticalHumor,3,2018-05-16 23:47:54,2,3,147,0
8jxhb8,2018-05-16 18:54:22,70,r/PoliticalHumor,3,2018-05-17 02:38:19,3,1,5,0
8jxhb8,2018-05-16 18:54:22,70,r/PoliticalHumor,3,2018-05-17 04:48:44,4,0,2,0
8jxhb8,2018-05-16 18:54:22,70,r/PoliticalHumor,3,2018-05-17 02:29:43,3,1,5,0
8jxhb8,2018-05-16 18:54:22,70,r/PoliticalHumor,3,2018-05-17 00:27:04,2,2,13,0
8jxhb8,2018-05-16 18:54:22,70,r/PoliticalHumor,3,2018-05-17 02:29:16,3,0,2,0
8jxhb8,2018-05-16 18:54:22,70,r/PoliticalHumor,3,2018-05-16 23:49:52,2,2,38,0
8jxhb8,2018-05-16 18:54:22,70,r/PoliticalHumor,3,2018-05-17 00:37:25,3,0,2,0
8jxhb8,2018-05-16 18:54:22,70,r/PoliticalHumor,3,2018-05-17 00:09:41,2,0,2,0
8jxhb8,2018-05-16 18:54:22,70,r/PoliticalHumor,3,2018-05-17 01:28:58,2,1,2,0
8jxhb8,2018-05-16 18:54:22,70,r/PoliticalHumor,3,2018-05-17 02:43:02,3,0,2,0
8jxhb8,2018-05-16 18:54:22,70,r/PoliticalHumor,3,2018-05-17 02:38:32,2,1,2,0
8jxhb8,2018-05-16 18:54:22,70,r/PoliticalHumor,3,2018-05-17 00:30:06,1,2,17,0
8jxhb8,2018-05-16 18:54:22,70,r/PoliticalHumor,3,2018-05-17 00:52:29,2,1,14,0
8jxhb8,2018-05-16 18:54:22,70,r/PoliticalHumor,3,2018-05-17 00:28:49,1,0,2,0
8jxhb8,2018-05-16 18:54:22,70,r/PoliticalHumor,3,2018-05-17 00:58:22,1,0,2,0
8jxhb8,2018-05-16 18:54:22,70,r/PoliticalHumor,3,2018-05-17 02:37:01,1,0,2,0
8jxhb8,2018-05-16 18:54:22,70,r/PoliticalHumor,3,2018-05-17 02:37:27,1,0,2,0
8jxhb8,2018-05-16 18:54:22,70,r/PoliticalHumor,4,2018-05-16 19:38:05,0,2,67,0
8jxhb8,2018-05-16 18:54:22,70,r/PoliticalHumor,4,2018-05-17 00:21:27,1,3,41,0
8jxhb8,2018-05-16 18:54:22,70,r/PoliticalHumor,4,2018-05-17 01:32:41,2,0,22,0
8jxhb8,2018-05-16 18:54:22,70,r/PoliticalHumor,4,2018-05-17 01:40:21,2,0,5,0
8jxhb8,2018-05-16 18:54:22,70,r/PoliticalHumor,5,2018-05-16 19:50:22,0,4,342,0
8jxhb8,2018-05-16 18:54:22,70,r/PoliticalHumor,5,2018-05-16 20:18:48,1,4,320,0
8jxhb8,2018-05-16 18:54:22,70,r/PoliticalHumor,5,2018-05-16 20:19:12,2,1,343,0
8jxhb8,2018-05-16 18:54:22,70,r/PoliticalHumor,5,2018-05-16 21:23:00,3,0,48,0
8jxhb8,2018-05-16 18:54:22,70,r/PoliticalHumor,5,2018-05-17 00:59:42,2,4,44,0
8jxhb8,2018-05-16 18:54:22,70,r/PoliticalHumor,5,2018-05-17 01:13:10,3,0,28,0
8jxhb8,2018-05-16 18:54:22,70,r/PoliticalHumor,5,2018-05-17 01:59:19,3,0,6,0
8jxhb8,2018-05-16 18:54:22,70,r/PoliticalHumor,5,2018-05-17 01:29:25,3,1,7,0
8jxhb8,2018-05-16 18:54:22,70,r/PoliticalHumor,5,2018-05-17 02:00:13,4,1,7,0
8jxhb8,2018-05-16 18:54:22,70,r/PoliticalHumor,5,2018-05-17 02:01:25,5,1,9,0
8jxhb8,2018-05-16 18:54:22,70,r/PoliticalHumor,5,2018-05-17 02:40:19,2,1,2,0
8jxhb8,2018-05-16 18:54:22,70,r/PoliticalHumor,5,2018-05-16 22:04:08,1,5,164,0
8jxhb8,2018-05-16 18:54:22,70,r/PoliticalHumor,5,2018-05-16 22:46:07,2,5,105,0
8jxhb8,2018-05-16 18:54:22,70,r/PoliticalHumor,5,2018-05-16 23:08:04,3,4,115,0
8jxhb8,2018-05-16 18:54:22,70,r/PoliticalHumor,5,2018-05-17 00:53:07,4,1,14,0
8jxhb8,2018-05-16 18:54:22,70,r/PoliticalHumor,5,2018-05-17 04:12:06,5,0,2,0
8jxhb8,2018-05-16 18:54:22,70,r/PoliticalHumor,5,2018-05-17 00:33:46,4,3,13,0
8jxhb8,2018-05-16 18:54:22,70,r/PoliticalHumor,5,2018-05-17 00:55:52,5,1,11,0
8jxhb8,2018-05-16 18:54:22,70,r/PoliticalHumor,5,2018-05-17 04:09:23,5,0,3,0
8jxhb8,2018-05-16 18:54:22,70,r/PoliticalHumor,5,2018-05-17 03:50:12,4,1,2,0
8jxhb8,2018-05-16 18:54:22,70,r/PoliticalHumor,5,2018-05-17 01:36:48,3,0,3,0
8jxhb8,2018-05-16 18:54:22,70,r/PoliticalHumor,5,2018-05-16 23:35:10,3,1,10,0
8jxhb8,2018-05-16 18:54:22,70,r/PoliticalHumor,5,2018-05-17 00:09:40,3,1,8,0
8jxhb8,2018-05-16 18:54:22,70,r/PoliticalHumor,5,2018-05-17 00:33:39,2,0,5,0
8jxhb8,2018-05-16 18:54:22,70,r/PoliticalHumor,5,2018-05-17 01:33:47,2,1,4,0
8jxhb8,2018-05-16 18:54:22,70,r/PoliticalHumor,5,2018-05-17 01:40:33,2,0,2,0
8jxhb8,2018-05-16 18:54:22,70,r/PoliticalHumor,5,2018-05-17 02:23:29,1,0,2,0
8jxhb8,2018-05-16 18:54:22,70,r/PoliticalHumor,6,2018-05-16 21:54:18,0,3,322,0
8jxhb8,2018-05-16 18:54:22,70,r/PoliticalHumor,6,2018-05-16 23:15:25,1,4,248,0
8jxhb8,2018-05-16 18:54:22,70,r/PoliticalHumor,6,2018-05-16 23:22:52,2,6,127,0
8jxhb8,2018-05-16 18:54:22,70,r/PoliticalHumor,6,2018-05-16 23:45:55,3,3,41,0
8jxhb8,2018-05-16 18:54:22,70,r/PoliticalHumor,6,2018-05-17 01:06:04,4,2,49,0
8jxhb8,2018-05-16 18:54:22,70,r/PoliticalHumor,6,2018-05-17 01:24:36,5,1,12,0
8jxhb8,2018-05-16 18:54:22,70,r/PoliticalHumor,6,2018-05-17 01:26:18,4,1,10,0
8jxhb8,2018-05-16 18:54:22,70,r/PoliticalHumor,6,2018-05-17 03:20:34,5,0,2,0
8jxhb8,2018-05-16 18:54:22,70,r/PoliticalHumor,6,2018-05-17 00:28:32,3,2,7,0
8jxhb8,2018-05-16 18:54:22,70,r/PoliticalHumor,6,2018-05-17 00:55:26,4,0,18,0
8jxhb8,2018-05-16 18:54:22,70,r/PoliticalHumor,6,2018-05-17 04:42:14,4,0,2,0
8jxhb8,2018-05-16 18:54:22,70,r/PoliticalHumor,6,2018-05-16 23:31:51,3,3,82,0
8jxhb8,2018-05-16 18:54:22,70,r/PoliticalHumor,6,2018-05-17 00:10:19,4,2,103,0
8jxhb8,2018-05-16 18:54:22,70,r/PoliticalHumor,6,2018-05-17 01:20:24,5,0,26,0
8jxhb8,2018-05-16 18:54:22,70,r/PoliticalHumor,6,2018-05-17 00:21:47,4,1,26,0
8jxhb8,2018-05-16 18:54:22,70,r/PoliticalHumor,6,2018-05-17 00:04:35,4,0,33,0
8jxhb8,2018-05-16 18:54:22,70,r/PoliticalHumor,6,2018-05-17 00:17:31,3,1,7,0
8jxhb8,2018-05-16 18:54:22,70,r/PoliticalHumor,6,2018-05-16 23:59:37,3,0,8,0
8jxhb8,2018-05-16 18:54:22,70,r/PoliticalHumor,6,2018-05-17 01:22:12,2,0,2,0
8jxhb8,2018-05-16 18:54:22,70,r/PoliticalHumor,6,2018-05-16 23:46:21,2,4,22,0
8jxhb8,2018-05-16 18:54:22,70,r/PoliticalHumor,6,2018-05-17 00:26:30,3,1,26,0
8jxhb8,2018-05-16 18:54:22,70,r/PoliticalHumor,6,2018-05-17 00:41:29,3,1,18,0
8jxhb8,2018-05-16 18:54:22,70,r/PoliticalHumor,6,2018-05-17 00:53:19,3,1,3,0
8jxhb8,2018-05-16 18:54:22,70,r/PoliticalHumor,6,2018-05-17 00:50:32,1,0,5,0
8jxhb8,2018-05-16 18:54:22,70,r/PoliticalHumor,7,2018-05-16 21:31:10,0,2,171,0
8jxhb8,2018-05-16 18:54:22,70,r/PoliticalHumor,7,2018-05-16 23:48:59,1,4,96,0
8jxhb8,2018-05-16 18:54:22,70,r/PoliticalHumor,7,2018-05-17 00:09:37,2,1,38,0
8jxhb8,2018-05-16 18:54:22,70,r/PoliticalHumor,7,2018-05-17 00:11:17,2,1,12,0
8jxhb8,2018-05-16 18:54:22,70,r/PoliticalHumor,7,2018-05-17 01:00:18,2,1,3,0
8jxhb8,2018-05-16 18:54:22,70,r/PoliticalHumor,8,2018-05-16 19:37:30,0,0,37,0
8jxhb8,2018-05-16 18:54:22,70,r/PoliticalHumor,9,2018-05-16 23:09:33,0,5,77,0
8jxhb8,2018-05-16 18:54:22,70,r/PoliticalHumor,9,2018-05-16 23:56:49,1,1,75,0
8jxhb8,2018-05-16 18:54:22,70,r/PoliticalHumor,9,2018-05-17 00:36:43,2,1,33,0
8jxhb8,2018-05-16 18:54:22,70,r/PoliticalHumor,9,2018-05-16 23:18:04,1,2,37,0
8jxhb8,2018-05-16 18:54:22,70,r/PoliticalHumor,9,2018-05-17 01:02:29,2,1,16,0
8jxhb8,2018-05-16 18:54:22,70,r/PoliticalHumor,9,2018-05-17 03:35:15,1,0,2,0
8jxhb8,2018-05-16 18:54:22,70,r/PoliticalHumor,9,2018-05-17 04:43:59,1,0,2,0
8jxhb8,2018-05-16 18:54:22,70,r/PoliticalHumor,10,2018-05-16 22:45:17,0,14,405,1
8jxhb8,2018-05-16 18:54:22,70,r/PoliticalHumor,10,2018-05-17 00:10:39,1,4,266,0
8jxhb8,2018-05-16 18:54:22,70,r/PoliticalHumor,10,2018-05-17 00:59:28,2,3,38,0
8jxhb8,2018-05-16 18:54:22,70,r/PoliticalHumor,10,2018-05-17 01:49:53,3,1,29,0
8jxhb8,2018-05-16 18:54:22,70,r/PoliticalHumor,10,2018-05-17 02:03:54,3,0,12,0
8jxhb8,2018-05-16 18:54:22,70,r/PoliticalHumor,10,2018-05-17 01:17:26,2,2,24,0
8jxhb8,2018-05-16 18:54:22,70,r/PoliticalHumor,10,2018-05-17 02:15:16,3,1,13,0
8jxhb8,2018-05-16 18:54:22,70,r/PoliticalHumor,10,2018-05-17 02:20:59,4,2,6,0
8jxhb8,2018-05-16 18:54:22,70,r/PoliticalHumor,10,2018-05-17 03:14:24,5,1,4,0
8jxhb8,2018-05-16 18:54:22,70,r/PoliticalHumor,10,2018-05-17 01:57:09,2,0,3,0
8jxhb8,2018-05-16 18:54:22,70,r/PoliticalHumor,10,2018-05-16 23:39:57,1,2,26,0
8jxhb8,2018-05-16 18:54:22,70,r/PoliticalHumor,10,2018-05-16 23:41:18,2,2,26,0
8jxhb8,2018-05-16 18:54:22,70,r/PoliticalHumor,10,2018-05-16 23:56:41,3,0,13,0
8jxhb8,2018-05-16 18:54:22,70,r/PoliticalHumor,10,2018-05-17 01:27:46,3,0,7,0
8jxhb8,2018-05-16 18:54:22,70,r/PoliticalHumor,10,2018-05-16 23:11:52,1,1,49,0
8jxhb8,2018-05-16 18:54:22,70,r/PoliticalHumor,10,2018-05-17 00:45:30,2,1,9,0
8jxhb8,2018-05-16 18:54:22,70,r/PoliticalHumor,10,2018-05-16 23:11:23,1,2,78,0
8jxhb8,2018-05-16 18:54:22,70,r/PoliticalHumor,10,2018-05-17 00:37:48,2,3,16,0
8jxhb8,2018-05-16 18:54:22,70,r/PoliticalHumor,10,2018-05-17 01:59:21,3,1,7,0
8jxhb8,2018-05-16 18:54:22,70,r/PoliticalHumor,10,2018-05-17 03:48:27,3,0,2,0
8jxhb8,2018-05-16 18:54:22,70,r/PoliticalHumor,10,2018-05-17 01:24:46,2,1,5,0
8jxhb8,2018-05-16 18:54:22,70,r/PoliticalHumor,10,2018-05-17 01:58:25,3,0,2,0
8jxhb8,2018-05-16 18:54:22,70,r/PoliticalHumor,10,2018-05-17 00:18:27,1,1,6,0
8jxhb8,2018-05-16 18:54:22,70,r/PoliticalHumor,10,2018-05-17 01:23:54,1,2,4,0
8jxhb8,2018-05-16 18:54:22,70,r/PoliticalHumor,10,2018-05-17 01:27:33,2,0,3,0
8jxhb8,2018-05-16 18:54:22,70,r/PoliticalHumor,10,2018-05-17 00:39:53,1,0,7,0
8jxhb8,2018-05-16 18:54:22,70,r/PoliticalHumor,10,2018-05-17 01:18:48,1,1,7,0
8jxhb8,2018-05-16 18:54:22,70,r/PoliticalHumor,10,2018-05-17 01:29:07,2,0,2,0
8jxhb8,2018-05-16 18:54:22,70,r/PoliticalHumor,10,2018-05-17 01:23:45,1,0,3,0
8jxhb8,2018-05-16 18:54:22,70,r/PoliticalHumor,10,2018-05-16 23:14:39,1,1,12,0
8jxhb8,2018-05-16 18:54:22,70,r/PoliticalHumor,10,2018-05-16 23:13:27,1,3,23,0
8jxhb8,2018-05-16 18:54:22,70,r/PoliticalHumor,10,2018-05-16 23:54:31,2,1,34,0
8jxhb8,2018-05-16 18:54:22,70,r/PoliticalHumor,10,2018-05-17 00:03:18,3,0,2,0
8jxhb8,2018-05-16 18:54:22,70,r/PoliticalHumor,10,2018-05-16 23:27:31,2,2,58,0
8jxhb8,2018-05-16 18:54:22,70,r/PoliticalHumor,10,2018-05-16 23:50:16,3,2,7,0
8jxhb8,2018-05-16 18:54:22,70,r/PoliticalHumor,10,2018-05-17 00:27:02,4,0,10,0
8jxhb8,2018-05-16 18:54:22,70,r/PoliticalHumor,10,2018-05-17 00:12:46,1,0,7,0
8jxhb8,2018-05-16 18:54:22,70,r/PoliticalHumor,10,2018-05-17 01:51:57,1,0,2,0
8jxhb8,2018-05-16 18:54:22,70,r/PoliticalHumor,11,2018-05-16 23:59:06,0,0,4,0
8jxhb8,2018-05-16 18:54:22,70,r/PoliticalHumor,12,2018-05-17 00:08:27,0,4,54,0
8jxhb8,2018-05-16 18:54:22,70,r/PoliticalHumor,12,2018-05-17 01:10:35,1,0,10,0
8jxhb8,2018-05-16 18:54:22,70,r/PoliticalHumor,12,2018-05-17 01:29:39,1,2,9,0
8jxhb8,2018-05-16 18:54:22,70,r/PoliticalHumor,12,2018-05-17 03:11:54,2,0,2,0
8jxhb8,2018-05-16 18:54:22,70,r/PoliticalHumor,12,2018-05-17 01:12:03,1,1,2,0
8jxhb8,2018-05-16 18:54:22,70,r/PoliticalHumor,12,2018-05-17 01:19:10,2,0,2,0
8jxhb8,2018-05-16 18:54:22,70,r/PoliticalHumor,13,2018-05-16 22:24:10,0,6,82,0
8jxhb8,2018-05-16 18:54:22,70,r/PoliticalHumor,13,2018-05-16 22:57:40,1,4,27,0
8jxhb8,2018-05-16 18:54:22,70,r/PoliticalHumor,13,2018-05-16 23:10:21,2,1,64,0
8jxhb8,2018-05-16 18:54:22,70,r/PoliticalHumor,13,2018-05-16 23:15:42,3,2,19,0
8jxhb8,2018-05-16 18:54:22,70,r/PoliticalHumor,13,2018-05-16 23:29:41,4,1,18,0
8jxhb8,2018-05-16 18:54:22,70,r/PoliticalHumor,13,2018-05-16 23:49:12,5,1,3,0
8jxhb8,2018-05-16 18:54:22,70,r/PoliticalHumor,13,2018-05-16 23:54:25,6,2,14,0
8jxhb8,2018-05-16 18:54:22,70,r/PoliticalHumor,13,2018-05-16 23:55:21,7,0,2,0
8jxhb8,2018-05-16 18:54:22,70,r/PoliticalHumor,13,2018-05-17 00:26:40,7,1,2,0
8jxhb8,2018-05-16 18:54:22,70,r/PoliticalHumor,13,2018-05-17 01:44:37,8,0,5,0
8jxhb8,2018-05-16 18:54:22,70,r/PoliticalHumor,13,2018-05-16 23:07:05,2,1,2,0
8jxhb8,2018-05-16 18:54:22,70,r/PoliticalHumor,13,2018-05-16 23:13:00,3,2,3,0
8jxhb8,2018-05-16 18:54:22,70,r/PoliticalHumor,13,2018-05-16 23:22:54,4,2,10,0
8jxhb8,2018-05-16 18:54:22,70,r/PoliticalHumor,13,2018-05-16 23:44:22,5,0,7,0
8jxhb8,2018-05-16 18:54:22,70,r/PoliticalHumor,13,2018-05-16 23:58:18,4,0,2,0
8jxhb8,2018-05-16 18:54:22,70,r/PoliticalHumor,13,2018-05-17 01:02:57,2,1,2,0
8jxhb8,2018-05-16 18:54:22,70,r/PoliticalHumor,13,2018-05-17 00:26:26,1,0,2,0
8jxhb8,2018-05-16 18:54:22,70,r/PoliticalHumor,13,2018-05-17 00:38:27,1,0,2,0
8jxhb8,2018-05-16 18:54:22,70,r/PoliticalHumor,13,2018-05-17 01:42:43,1,0,2,0
8jxhb8,2018-05-16 18:54:22,70,r/PoliticalHumor,13,2018-05-16 23:59:20,1,0,6,0
8jxhb8,2018-05-16 18:54:22,70,r/PoliticalHumor,14,2018-05-17 00:29:10,0,2,48,0
8jxhb8,2018-05-16 18:54:22,70,r/PoliticalHumor,14,2018-05-17 01:06:40,1,1,32,0
8jxhb8,2018-05-16 18:54:22,70,r/PoliticalHumor,15,2018-05-16 19:15:38,0,8,122,0
8jxhb8,2018-05-16 18:54:22,70,r/PoliticalHumor,15,2018-05-16 19:56:21,1,1,55,0
8jxhb8,2018-05-16 18:54:22,70,r/PoliticalHumor,15,2018-05-16 19:30:59,1,2,79,0
8jxhb8,2018-05-16 18:54:22,70,r/PoliticalHumor,15,2018-05-16 20:03:48,2,3,28,0
8jxhb8,2018-05-16 18:54:22,70,r/PoliticalHumor,15,2018-05-16 23:10:33,3,2,29,0
8jxhb8,2018-05-16 18:54:22,70,r/PoliticalHumor,15,2018-05-16 23:36:14,4,1,10,0
8jxhb8,2018-05-16 18:54:22,70,r/PoliticalHumor,15,2018-05-17 00:30:47,5,1,10,0
8jxhb8,2018-05-16 18:54:22,70,r/PoliticalHumor,15,2018-05-17 01:29:19,3,0,2,0
8jxhb8,2018-05-16 18:54:22,70,r/PoliticalHumor,15,2018-05-16 19:22:55,1,2,165,0
8jxhb8,2018-05-16 18:54:22,70,r/PoliticalHumor,15,2018-05-16 21:13:31,2,5,118,0
8jxhb8,2018-05-16 18:54:22,70,r/PoliticalHumor,15,2018-05-16 22:10:05,3,2,110,0
8jxhb8,2018-05-16 18:54:22,70,r/PoliticalHumor,15,2018-05-17 01:52:01,4,1,4,0
8jxhb8,2018-05-16 18:54:22,70,r/PoliticalHumor,15,2018-05-17 02:00:52,5,0,4,0
8jxhb8,2018-05-16 18:54:22,70,r/PoliticalHumor,15,2018-05-16 23:08:53,3,0,11,0
8jxhb8,2018-05-16 18:54:22,70,r/PoliticalHumor,15,2018-05-16 21:25:02,3,1,13,0
8jxhb8,2018-05-16 18:54:22,70,r/PoliticalHumor,15,2018-05-16 21:34:52,3,0,13,0
8jxhb8,2018-05-16 18:54:22,70,r/PoliticalHumor,15,2018-05-16 20:55:56,1,0,23,0
8jxhb8,2018-05-16 18:54:22,70,r/PoliticalHumor,15,2018-05-16 19:25:36,1,1,25,0
8jxhb8,2018-05-16 18:54:22,70,r/PoliticalHumor,15,2018-05-16 19:45:30,2,0,5,0
8jxhb8,2018-05-16 18:54:22,70,r/PoliticalHumor,15,2018-05-16 19:45:00,1,1,14,0
8jxhb8,2018-05-16 18:54:22,70,r/PoliticalHumor,15,2018-05-17 01:21:15,1,1,3,0
8jxhb8,2018-05-16 18:54:22,70,r/PoliticalHumor,15,2018-05-17 01:51:03,2,0,2,0
8jxhb8,2018-05-16 18:54:22,70,r/PoliticalHumor,16,2018-05-16 19:59:20,0,3,40,0
8jxhb8,2018-05-16 18:54:22,70,r/PoliticalHumor,16,2018-05-17 02:29:03,1,0,2,0
8jxhb8,2018-05-16 18:54:22,70,r/PoliticalHumor,16,2018-05-16 23:55:16,1,0,6,0
8jxhb8,2018-05-16 18:54:22,70,r/PoliticalHumor,17,2018-05-17 01:17:37,0,1,8,0
8jxhb8,2018-05-16 18:54:22,70,r/PoliticalHumor,17,2018-05-17 03:32:07,1,0,5,0
8jxhb8,2018-05-16 18:54:22,70,r/PoliticalHumor,18,2018-05-16 21:30:29,0,1,48,0
8jxhb8,2018-05-16 18:54:22,70,r/PoliticalHumor,19,2018-05-17 00:09:22,0,3,21,0
8jxhb8,2018-05-16 18:54:22,70,r/PoliticalHumor,19,2018-05-17 01:55:09,1,1,4,0
8jxhb8,2018-05-16 18:54:22,70,r/PoliticalHumor,19,2018-05-17 02:49:28,2,1,2,0
8jxhb8,2018-05-16 18:54:22,70,r/PoliticalHumor,19,2018-05-17 04:40:03,1,0,2,0
8jxhb8,2018-05-16 18:54:22,70,r/PoliticalHumor,20,2018-05-16 23:39:49,0,0,7,0
8jxhb8,2018-05-16 18:54:22,70,r/PoliticalHumor,21,2018-05-17 01:01:04,0,1,5,0
8jxhb8,2018-05-16 18:54:22,70,r/PoliticalHumor,21,2018-05-17 02:07:47,1,1,4,0
8jxhb8,2018-05-16 18:54:22,70,r/PoliticalHumor,21,2018-05-17 02:12:21,2,1,2,0
8jxhb8,2018-05-16 18:54:22,70,r/PoliticalHumor,21,2018-05-17 02:30:25,3,1,2,0
8jxhb8,2018-05-16 18:54:22,70,r/PoliticalHumor,22,2018-05-17 01:02:08,0,0,22,0
8jxhb8,2018-05-16 18:54:22,70,r/PoliticalHumor,23,2018-05-17 00:31:34,0,0,3,0
8jxhb8,2018-05-16 18:54:22,70,r/PoliticalHumor,24,2018-05-17 00:44:23,0,0,3,0
8jxhb8,2018-05-16 18:54:22,70,r/PoliticalHumor,25,2018-05-17 00:53:34,0,0,3,0
8jxhb8,2018-05-16 18:54:22,70,r/PoliticalHumor,26,2018-05-17 01:07:31,0,0,3,0
8jxhb8,2018-05-16 18:54:22,70,r/PoliticalHumor,27,2018-05-17 01:58:11,0,0,3,0
8jxhb8,2018-05-16 18:54:22,70,r/PoliticalHumor,28,2018-05-16 21:51:00,0,1,20,0
8jxhb8,2018-05-16 18:54:22,70,r/PoliticalHumor,29,2018-05-16 23:16:47,0,2,23,0
8jxhb8,2018-05-16 18:54:22,70,r/PoliticalHumor,29,2018-05-17 01:30:40,1,1,6,0
8jxhb8,2018-05-16 18:54:22,70,r/PoliticalHumor,30,2018-05-16 23:40:24,0,0,5,0
8jxhb8,2018-05-16 18:54:22,70,r/PoliticalHumor,31,2018-05-17 01:17:46,0,0,6,0
8jxhb8,2018-05-16 18:54:22,70,r/PoliticalHumor,32,2018-05-17 01:36:04,0,2,3,0
8jxhb8,2018-05-16 18:54:22,70,r/PoliticalHumor,32,2018-05-17 01:41:33,1,2,6,0
8jxhb8,2018-05-16 18:54:22,70,r/PoliticalHumor,32,2018-05-17 01:59:44,2,0,3,0
8jxhb8,2018-05-16 18:54:22,70,r/PoliticalHumor,33,2018-05-16 23:15:57,0,1,21,0
8jxhb8,2018-05-16 18:54:22,70,r/PoliticalHumor,34,2018-05-16 19:37:37,0,2,26,0
8jxhb8,2018-05-16 18:54:22,70,r/PoliticalHumor,34,2018-05-17 03:05:57,1,0,3,0
8jxhb8,2018-05-16 18:54:22,70,r/PoliticalHumor,35,2018-05-17 01:58:37,0,0,6,0
8jxhb8,2018-05-16 18:54:22,70,r/PoliticalHumor,36,2018-05-17 00:53:05,0,0,7,0
8jxhb8,2018-05-16 18:54:22,70,r/PoliticalHumor,37,2018-05-17 01:26:23,0,0,7,0
8jxhb8,2018-05-16 18:54:22,70,r/PoliticalHumor,38,2018-05-16 19:41:48,0,2,11,0
8jxhb8,2018-05-16 18:54:22,70,r/PoliticalHumor,38,2018-05-16 23:08:23,1,1,3,0
8jxhb8,2018-05-16 18:54:22,70,r/PoliticalHumor,39,2018-05-17 00:14:28,0,0,4,0
8jxhb8,2018-05-16 18:54:22,70,r/PoliticalHumor,40,2018-05-17 01:09:14,0,0,5,0
8jxhb8,2018-05-16 18:54:22,70,r/PoliticalHumor,41,2018-05-17 01:20:30,0,1,3,0
8jxhb8,2018-05-16 18:54:22,70,r/PoliticalHumor,42,2018-05-16 23:37:17,0,0,7,0
8jxhb8,2018-05-16 18:54:22,70,r/PoliticalHumor,43,2018-05-17 00:10:21,0,0,10,0
8jxhb8,2018-05-16 18:54:22,70,r/PoliticalHumor,44,2018-05-16 23:40:46,0,0,2,0
8jxhb8,2018-05-16 18:54:22,70,r/PoliticalHumor,45,2018-05-16 23:42:03,0,0,2,0
8jxhb8,2018-05-16 18:54:22,70,r/PoliticalHumor,46,2018-05-16 23:53:01,0,1,2,0
8jxhb8,2018-05-16 18:54:22,70,r/PoliticalHumor,47,2018-05-17 00:26:50,0,0,2,0
8jxhb8,2018-05-16 18:54:22,70,r/PoliticalHumor,48,2018-05-17 00:44:01,0,0,2,0
8jxhb8,2018-05-16 18:54:22,70,r/PoliticalHumor,49,2018-05-17 01:11:48,0,0,2,0
8jxhb8,2018-05-16 18:54:22,70,r/PoliticalHumor,50,2018-05-17 01:30:07,0,1,2,0
8jxhb8,2018-05-16 18:54:22,70,r/PoliticalHumor,51,2018-05-17 01:43:53,0,0,2,0
8jxhb8,2018-05-16 18:54:22,70,r/PoliticalHumor,52,2018-05-17 01:44:25,0,0,2,0
8jxhb8,2018-05-16 18:54:22,70,r/PoliticalHumor,53,2018-05-17 01:55:17,0,1,2,0
8jxhb8,2018-05-16 18:54:22,70,r/PoliticalHumor,54,2018-05-17 03:03:44,0,0,2,0
8jxhb8,2018-05-16 18:54:22,70,r/PoliticalHumor,55,2018-05-17 03:08:31,0,0,2,0
8jxhb8,2018-05-16 18:54:22,70,r/PoliticalHumor,56,2018-05-17 03:12:28,0,0,2,0
8jxhb8,2018-05-16 18:54:22,70,r/PoliticalHumor,57,2018-05-17 00:45:26,0,1,6,0
8jxhb8,2018-05-16 18:54:22,70,r/PoliticalHumor,58,2018-05-16 23:43:35,0,0,4,0
8jxhb8,2018-05-16 18:54:22,70,r/PoliticalHumor,59,2018-05-17 00:00:14,0,0,5,0
8jxhb8,2018-05-16 18:54:22,70,r/PoliticalHumor,60,2018-05-17 00:55:37,0,0,5,0
8jxhb8,2018-05-16 18:54:22,70,r/PoliticalHumor,61,2018-05-17 03:04:51,0,1,3,0
8jzpca,2018-05-16 23:55:13,71,r/changemyview,0,2018-05-17 01:26:52,0,0,1,0
8jzpca,2018-05-16 23:55:13,71,r/changemyview,1,2018-05-17 00:54:50,0,30,1,0
8jzpca,2018-05-16 23:55:13,71,r/changemyview,1,2018-05-17 01:24:41,1,7,1,0
8jzpca,2018-05-16 23:55:13,71,r/changemyview,1,2018-05-17 02:24:30,2,2,1,0
8jzpca,2018-05-16 23:55:13,71,r/changemyview,1,2018-05-17 04:20:41,3,0,1,0
8jzpca,2018-05-16 23:55:13,71,r/changemyview,1,2018-05-17 04:34:19,3,1,1,0
8jzpca,2018-05-16 23:55:13,71,r/changemyview,1,2018-05-17 05:15:53,4,0,1,0
8jzpca,2018-05-16 23:55:13,71,r/changemyview,1,2018-05-17 02:09:03,2,1,1,0
8jzpca,2018-05-16 23:55:13,71,r/changemyview,1,2018-05-17 02:25:55,3,0,1,0
8jzpca,2018-05-16 23:55:13,71,r/changemyview,1,2018-05-17 03:14:03,2,0,1,0
8jzpca,2018-05-16 23:55:13,71,r/changemyview,1,2018-05-17 04:16:07,2,0,1,0
8jzpca,2018-05-16 23:55:13,71,r/changemyview,1,2018-05-17 03:35:04,2,0,1,0
8jzpca,2018-05-16 23:55:13,71,r/changemyview,1,2018-05-17 04:21:10,2,0,1,0
8jzpca,2018-05-16 23:55:13,71,r/changemyview,1,2018-05-17 01:26:00,2,0,1,0
8jzpca,2018-05-16 23:55:13,71,r/changemyview,1,2018-05-17 01:40:29,1,0,1,0
8jzpca,2018-05-16 23:55:13,71,r/changemyview,1,2018-05-17 01:12:12,1,0,1,0
8jzpca,2018-05-16 23:55:13,71,r/changemyview,1,2018-05-17 03:44:55,1,0,1,0
8jzpca,2018-05-16 23:55:13,71,r/changemyview,1,2018-05-17 01:42:06,1,2,1,0
8jzpca,2018-05-16 23:55:13,71,r/changemyview,1,2018-05-17 02:27:58,2,1,1,0
8jzpca,2018-05-16 23:55:13,71,r/changemyview,1,2018-05-17 04:33:06,3,0,1,0
8jzpca,2018-05-16 23:55:13,71,r/changemyview,1,2018-05-17 01:47:21,2,0,1,0
8jzpca,2018-05-16 23:55:13,71,r/changemyview,1,2018-05-17 02:19:16,1,0,1,0
8jzpca,2018-05-16 23:55:13,71,r/changemyview,1,2018-05-17 03:43:17,1,1,1,0
8jzpca,2018-05-16 23:55:13,71,r/changemyview,1,2018-05-17 03:43:50,2,0,1,0
8jzpca,2018-05-16 23:55:13,71,r/changemyview,1,2018-05-17 02:07:56,1,0,1,0
8jzpca,2018-05-16 23:55:13,71,r/changemyview,1,2018-05-17 02:37:21,1,0,1,0
8jzpca,2018-05-16 23:55:13,71,r/changemyview,1,2018-05-17 02:45:22,1,0,1,0
8jzpca,2018-05-16 23:55:13,71,r/changemyview,1,2018-05-17 03:00:17,1,0,1,0
8jzpca,2018-05-16 23:55:13,71,r/changemyview,1,2018-05-17 03:04:57,1,0,1,0
8jzpca,2018-05-16 23:55:13,71,r/changemyview,1,2018-05-17 03:17:28,1,0,1,0
8jzpca,2018-05-16 23:55:13,71,r/changemyview,1,2018-05-17 03:49:15,1,0,1,0
8jzpca,2018-05-16 23:55:13,71,r/changemyview,1,2018-05-17 04:05:15,1,0,1,0
8jzpca,2018-05-16 23:55:13,71,r/changemyview,1,2018-05-17 01:51:02,1,1,1,0
8jzpca,2018-05-16 23:55:13,71,r/changemyview,1,2018-05-17 02:28:22,2,0,1,0
8jzpca,2018-05-16 23:55:13,71,r/changemyview,1,2018-05-17 01:37:58,1,0,1,0
8jzpca,2018-05-16 23:55:13,71,r/changemyview,1,2018-05-17 01:41:28,1,0,1,0
8jzpca,2018-05-16 23:55:13,71,r/changemyview,1,2018-05-17 02:32:38,1,0,1,0
8jzpca,2018-05-16 23:55:13,71,r/changemyview,1,2018-05-17 02:39:02,1,0,1,0
8jzpca,2018-05-16 23:55:13,71,r/changemyview,1,2018-05-17 02:44:41,1,0,1,0
8jzpca,2018-05-16 23:55:13,71,r/changemyview,1,2018-05-17 02:49:38,1,0,1,0
8jzpca,2018-05-16 23:55:13,71,r/changemyview,1,2018-05-17 03:13:19,1,0,1,0
8jzpca,2018-05-16 23:55:13,71,r/changemyview,1,2018-05-17 03:44:53,1,1,1,0
8jzpca,2018-05-16 23:55:13,71,r/changemyview,1,2018-05-17 04:16:43,2,0,1,0
8jzpca,2018-05-16 23:55:13,71,r/changemyview,1,2018-05-17 04:29:44,1,0,1,0
8jzpca,2018-05-16 23:55:13,71,r/changemyview,1,2018-05-17 04:37:52,1,0,1,0
8jzpca,2018-05-16 23:55:13,71,r/changemyview,1,2018-05-17 04:44:15,1,0,1,0
8jzpca,2018-05-16 23:55:13,71,r/changemyview,1,2018-05-17 05:01:19,1,0,1,0
8jzpca,2018-05-16 23:55:13,71,r/changemyview,1,2018-05-17 05:16:41,1,0,1,0
8jzpca,2018-05-16 23:55:13,71,r/changemyview,1,2018-05-17 05:18:35,1,0,1,0
8jzpca,2018-05-16 23:55:13,71,r/changemyview,2,2018-05-17 00:13:47,0,3,1,0
8jzpca,2018-05-16 23:55:13,71,r/changemyview,2,2018-05-17 00:58:48,1,0,1,0
8jzpca,2018-05-16 23:55:13,71,r/changemyview,2,2018-05-17 00:27:46,1,0,1,0
8jzpca,2018-05-16 23:55:13,71,r/changemyview,2,2018-05-17 00:54:57,1,0,1,0
8jzpca,2018-05-16 23:55:13,71,r/changemyview,3,2018-05-17 02:52:57,0,0,1,0
8jzpca,2018-05-16 23:55:13,71,r/changemyview,4,2018-05-17 01:01:58,0,5,1,0
8jzpca,2018-05-16 23:55:13,71,r/changemyview,4,2018-05-17 01:18:04,1,2,1,0
8jzpca,2018-05-16 23:55:13,71,r/changemyview,4,2018-05-17 02:46:52,2,0,1,0
8jzpca,2018-05-16 23:55:13,71,r/changemyview,4,2018-05-17 04:24:19,2,0,1,0
8jzpca,2018-05-16 23:55:13,71,r/changemyview,4,2018-05-17 01:40:41,1,0,1,0
8jzpca,2018-05-16 23:55:13,71,r/changemyview,4,2018-05-17 02:42:24,1,1,1,0
8jzpca,2018-05-16 23:55:13,71,r/changemyview,4,2018-05-17 03:31:13,2,1,1,0
8jzpca,2018-05-16 23:55:13,71,r/changemyview,4,2018-05-17 04:46:08,3,0,1,0
8jzpca,2018-05-16 23:55:13,71,r/changemyview,4,2018-05-17 02:52:59,1,0,1,0
8jzpca,2018-05-16 23:55:13,71,r/changemyview,4,2018-05-17 03:44:39,1,0,1,0
8jzpca,2018-05-16 23:55:13,71,r/changemyview,5,2018-05-17 04:02:24,0,2,1,0
8jzpca,2018-05-16 23:55:13,71,r/changemyview,5,2018-05-17 04:19:53,1,1,1,0
8jzpca,2018-05-16 23:55:13,71,r/changemyview,5,2018-05-17 04:20:55,2,0,1,0
8jzpca,2018-05-16 23:55:13,71,r/changemyview,5,2018-05-17 04:51:57,1,0,1,0
8jzpca,2018-05-16 23:55:13,71,r/changemyview,6,2018-05-17 02:12:57,0,2,1,0
8jzpca,2018-05-16 23:55:13,71,r/changemyview,6,2018-05-17 03:25:25,1,0,1,0
8jzpca,2018-05-16 23:55:13,71,r/changemyview,6,2018-05-17 02:40:54,1,0,1,0
8jzpca,2018-05-16 23:55:13,71,r/changemyview,7,2018-05-17 01:38:25,0,3,1,0
8jzpca,2018-05-16 23:55:13,71,r/changemyview,7,2018-05-17 02:19:01,1,0,1,0
8jzpca,2018-05-16 23:55:13,71,r/changemyview,7,2018-05-17 01:56:04,1,0,1,0
8jzpca,2018-05-16 23:55:13,71,r/changemyview,7,2018-05-17 05:20:02,1,0,1,0
8jzpca,2018-05-16 23:55:13,71,r/changemyview,8,2018-05-17 00:01:43,0,7,1,0
8jzpca,2018-05-16 23:55:13,71,r/changemyview,8,2018-05-17 00:27:27,1,0,1,0
8jzpca,2018-05-16 23:55:13,71,r/changemyview,8,2018-05-17 00:40:24,1,0,1,0
8jzpca,2018-05-16 23:55:13,71,r/changemyview,8,2018-05-17 01:13:49,1,0,1,0
8jzpca,2018-05-16 23:55:13,71,r/changemyview,8,2018-05-17 02:38:39,1,0,1,0
8jzpca,2018-05-16 23:55:13,71,r/changemyview,8,2018-05-17 01:10:56,1,1,1,0
8jzpca,2018-05-16 23:55:13,71,r/changemyview,8,2018-05-17 03:44:03,2,1,1,0
8jzpca,2018-05-16 23:55:13,71,r/changemyview,8,2018-05-17 03:53:47,3,0,1,0
8jzpca,2018-05-16 23:55:13,71,r/changemyview,8,2018-05-17 00:34:25,1,0,1,0
8jzpca,2018-05-16 23:55:13,71,r/changemyview,8,2018-05-17 01:53:43,1,0,1,0
8jzpca,2018-05-16 23:55:13,71,r/changemyview,9,2018-05-17 03:15:40,0,0,1,0
8jzpca,2018-05-16 23:55:13,71,r/changemyview,10,2018-05-17 03:26:17,0,1,1,0
8jzpca,2018-05-16 23:55:13,71,r/changemyview,10,2018-05-17 03:31:17,1,0,1,0
8jzpca,2018-05-16 23:55:13,71,r/changemyview,11,2018-05-17 04:12:51,0,1,1,0
8jzpca,2018-05-16 23:55:13,71,r/changemyview,11,2018-05-17 05:11:04,1,0,1,0
8jzpca,2018-05-16 23:55:13,71,r/changemyview,12,2018-05-17 04:22:45,0,1,1,0
8jzpca,2018-05-16 23:55:13,71,r/changemyview,12,2018-05-17 04:23:40,1,0,1,0
8jzpca,2018-05-16 23:55:13,71,r/changemyview,13,2018-05-17 04:56:41,0,0,1,0
8jzpca,2018-05-16 23:55:13,71,r/changemyview,14,2018-05-17 02:42:47,0,1,1,0
8jzpca,2018-05-16 23:55:13,71,r/changemyview,14,2018-05-17 03:08:09,1,0,1,0
8jywoi,2018-05-16 21:58:04,72,r/HadToHurt,0,2018-05-16 22:20:30,0,8,1499,0
8jywoi,2018-05-16 21:58:04,72,r/HadToHurt,0,2018-05-17 00:03:17,1,9,158,0
8jywoi,2018-05-16 21:58:04,72,r/HadToHurt,0,2018-05-17 00:16:18,2,5,187,0
8jywoi,2018-05-16 21:58:04,72,r/HadToHurt,0,2018-05-17 00:24:23,3,1,99,0
8jywoi,2018-05-16 21:58:04,72,r/HadToHurt,0,2018-05-17 05:10:37,4,0,1,0
8jywoi,2018-05-16 21:58:04,72,r/HadToHurt,0,2018-05-17 03:41:17,3,4,1,0
8jywoi,2018-05-16 21:58:04,72,r/HadToHurt,0,2018-05-17 04:25:04,4,0,1,0
8jywoi,2018-05-16 21:58:04,72,r/HadToHurt,0,2018-05-17 04:21:07,4,0,1,0
8jywoi,2018-05-16 21:58:04,72,r/HadToHurt,0,2018-05-17 04:20:01,4,1,1,0
8jywoi,2018-05-16 21:58:04,72,r/HadToHurt,0,2018-05-17 05:10:29,5,0,1,0
8jywoi,2018-05-16 21:58:04,72,r/HadToHurt,0,2018-05-17 05:09:00,4,0,1,0
8jywoi,2018-05-16 21:58:04,72,r/HadToHurt,0,2018-05-17 00:27:20,3,2,18,0
8jywoi,2018-05-16 21:58:04,72,r/HadToHurt,0,2018-05-17 00:31:20,4,2,58,0
8jywoi,2018-05-16 21:58:04,72,r/HadToHurt,0,2018-05-17 01:11:58,5,2,0,0
8jywoi,2018-05-16 21:58:04,72,r/HadToHurt,0,2018-05-17 01:27:40,6,0,22,0
8jywoi,2018-05-16 21:58:04,72,r/HadToHurt,0,2018-05-17 01:29:02,6,1,5,0
8jywoi,2018-05-16 21:58:04,72,r/HadToHurt,0,2018-05-17 03:45:29,7,0,1,0
8jywoi,2018-05-16 21:58:04,72,r/HadToHurt,0,2018-05-17 02:31:02,5,4,-4,0
8jywoi,2018-05-16 21:58:04,72,r/HadToHurt,0,2018-05-17 02:38:32,6,0,7,0
8jywoi,2018-05-16 21:58:04,72,r/HadToHurt,0,2018-05-17 02:43:29,6,0,2,0
8jywoi,2018-05-16 21:58:04,72,r/HadToHurt,0,2018-05-17 04:29:41,6,0,1,0
8jywoi,2018-05-16 21:58:04,72,r/HadToHurt,0,2018-05-17 02:40:39,6,1,1,0
8jywoi,2018-05-16 21:58:04,72,r/HadToHurt,0,2018-05-17 02:44:16,7,0,1,0
8jywoi,2018-05-16 21:58:04,72,r/HadToHurt,0,2018-05-17 03:07:44,4,0,1,0
8jywoi,2018-05-16 21:58:04,72,r/HadToHurt,0,2018-05-17 03:01:11,3,1,1,0
8jywoi,2018-05-16 21:58:04,72,r/HadToHurt,0,2018-05-17 03:11:33,4,0,1,0
8jywoi,2018-05-16 21:58:04,72,r/HadToHurt,0,2018-05-17 04:49:12,3,0,1,0
8jywoi,2018-05-16 21:58:04,72,r/HadToHurt,0,2018-05-17 01:00:13,2,3,68,0
8jywoi,2018-05-16 21:58:04,72,r/HadToHurt,0,2018-05-17 02:34:48,3,1,47,0
8jywoi,2018-05-16 21:58:04,72,r/HadToHurt,0,2018-05-17 05:17:48,4,0,1,0
8jywoi,2018-05-16 21:58:04,72,r/HadToHurt,0,2018-05-17 01:09:42,3,3,11,0
8jywoi,2018-05-16 21:58:04,72,r/HadToHurt,0,2018-05-17 02:19:46,4,1,10,0
8jywoi,2018-05-16 21:58:04,72,r/HadToHurt,0,2018-05-17 05:01:31,5,0,1,0
8jywoi,2018-05-16 21:58:04,72,r/HadToHurt,0,2018-05-17 03:41:11,4,1,1,0
8jywoi,2018-05-16 21:58:04,72,r/HadToHurt,0,2018-05-17 03:48:39,5,2,1,0
8jywoi,2018-05-16 21:58:04,72,r/HadToHurt,0,2018-05-17 05:06:15,6,0,1,0
8jywoi,2018-05-16 21:58:04,72,r/HadToHurt,0,2018-05-17 03:50:24,6,1,1,0
8jywoi,2018-05-16 21:58:04,72,r/HadToHurt,0,2018-05-17 03:54:07,7,1,1,0
8jywoi,2018-05-16 21:58:04,72,r/HadToHurt,0,2018-05-17 03:58:31,8,1,1,0
8jywoi,2018-05-16 21:58:04,72,r/HadToHurt,0,2018-05-17 04:00:39,9,1,1,0
8jywoi,2018-05-16 21:58:04,72,r/HadToHurt,0,2018-05-17 05:10:08,4,0,1,0
8jywoi,2018-05-16 21:58:04,72,r/HadToHurt,0,2018-05-17 04:53:23,3,0,1,0
8jywoi,2018-05-16 21:58:04,72,r/HadToHurt,0,2018-05-17 00:31:42,2,0,11,0
8jywoi,2018-05-16 21:58:04,72,r/HadToHurt,0,2018-05-17 02:00:49,2,2,20,0
8jywoi,2018-05-16 21:58:04,72,r/HadToHurt,0,2018-05-17 02:41:32,3,0,9,0
8jywoi,2018-05-16 21:58:04,72,r/HadToHurt,0,2018-05-17 03:01:05,3,0,1,0
8jywoi,2018-05-16 21:58:04,72,r/HadToHurt,0,2018-05-17 01:21:33,2,0,6,0
8jywoi,2018-05-16 21:58:04,72,r/HadToHurt,0,2018-05-17 00:11:23,2,0,4,0
8jywoi,2018-05-16 21:58:04,72,r/HadToHurt,0,2018-05-17 04:12:04,2,0,1,0
8jywoi,2018-05-16 21:58:04,72,r/HadToHurt,0,2018-05-17 04:50:43,2,0,1,0
8jywoi,2018-05-16 21:58:04,72,r/HadToHurt,0,2018-05-17 05:14:51,2,0,1,0
8jywoi,2018-05-16 21:58:04,72,r/HadToHurt,0,2018-05-16 22:35:32,1,6,364,0
8jywoi,2018-05-16 21:58:04,72,r/HadToHurt,0,2018-05-16 22:37:21,2,1,443,0
8jywoi,2018-05-16 21:58:04,72,r/HadToHurt,0,2018-05-17 01:12:22,3,5,99,0
8jywoi,2018-05-16 21:58:04,72,r/HadToHurt,0,2018-05-17 01:36:41,4,1,133,0
8jywoi,2018-05-16 21:58:04,72,r/HadToHurt,0,2018-05-17 01:37:44,5,11,43,0
8jywoi,2018-05-16 21:58:04,72,r/HadToHurt,0,2018-05-17 02:23:49,6,2,62,0
8jywoi,2018-05-16 21:58:04,72,r/HadToHurt,0,2018-05-17 02:47:54,7,2,11,0
8jywoi,2018-05-16 21:58:04,72,r/HadToHurt,0,2018-05-17 03:08:05,8,1,27,0
8jywoi,2018-05-16 21:58:04,72,r/HadToHurt,0,2018-05-17 03:39:45,9,1,1,0
8jywoi,2018-05-16 21:58:04,72,r/HadToHurt,0,2018-05-17 03:23:49,8,1,1,0
8jywoi,2018-05-16 21:58:04,72,r/HadToHurt,0,2018-05-17 04:06:14,9,1,1,0
8jywoi,2018-05-16 21:58:04,72,r/HadToHurt,0,2018-05-17 04:24:37,7,0,1,0
8jywoi,2018-05-16 21:58:04,72,r/HadToHurt,0,2018-05-17 01:38:36,6,1,92,0
8jywoi,2018-05-16 21:58:04,72,r/HadToHurt,0,2018-05-17 01:57:22,7,2,38,0
8jywoi,2018-05-16 21:58:04,72,r/HadToHurt,0,2018-05-17 02:01:26,8,1,98,0
8jywoi,2018-05-16 21:58:04,72,r/HadToHurt,0,2018-05-17 02:03:01,9,1,30,0
8jywoi,2018-05-16 21:58:04,72,r/HadToHurt,0,2018-05-17 02:19:42,8,1,3,0
8jywoi,2018-05-16 21:58:04,72,r/HadToHurt,0,2018-05-17 04:23:43,9,0,1,0
8jywoi,2018-05-16 21:58:04,72,r/HadToHurt,0,2018-05-17 02:10:50,6,1,23,0
8jywoi,2018-05-16 21:58:04,72,r/HadToHurt,0,2018-05-17 02:35:24,7,2,18,0
8jywoi,2018-05-16 21:58:04,72,r/HadToHurt,0,2018-05-17 02:58:03,8,2,3,0
8jywoi,2018-05-16 21:58:04,72,r/HadToHurt,0,2018-05-17 03:08:24,9,1,3,0
8jywoi,2018-05-16 21:58:04,72,r/HadToHurt,0,2018-05-17 03:02:40,9,0,1,0
8jywoi,2018-05-16 21:58:04,72,r/HadToHurt,0,2018-05-17 03:32:49,8,1,1,0
8jywoi,2018-05-16 21:58:04,72,r/HadToHurt,0,2018-05-17 03:37:26,9,1,1,0
8jywoi,2018-05-16 21:58:04,72,r/HadToHurt,0,2018-05-17 01:38:47,6,1,9,0
8jywoi,2018-05-16 21:58:04,72,r/HadToHurt,0,2018-05-17 01:43:43,7,1,9,0
8jywoi,2018-05-16 21:58:04,72,r/HadToHurt,0,2018-05-17 01:44:10,8,1,21,0
8jywoi,2018-05-16 21:58:04,72,r/HadToHurt,0,2018-05-17 01:48:59,9,1,17,0
8jywoi,2018-05-16 21:58:04,72,r/HadToHurt,0,2018-05-17 02:06:20,6,0,3,0
8jywoi,2018-05-16 21:58:04,72,r/HadToHurt,0,2018-05-17 03:19:33,6,0,2,0
8jywoi,2018-05-16 21:58:04,72,r/HadToHurt,0,2018-05-17 02:59:43,6,0,1,0
8jywoi,2018-05-16 21:58:04,72,r/HadToHurt,0,2018-05-17 03:19:41,6,0,1,0
8jywoi,2018-05-16 21:58:04,72,r/HadToHurt,0,2018-05-17 03:42:57,6,0,1,0
8jywoi,2018-05-16 21:58:04,72,r/HadToHurt,0,2018-05-17 03:57:02,6,0,1,0
8jywoi,2018-05-16 21:58:04,72,r/HadToHurt,0,2018-05-17 02:38:42,6,0,0,0
8jywoi,2018-05-16 21:58:04,72,r/HadToHurt,0,2018-05-17 03:40:58,4,1,1,0
8jywoi,2018-05-16 21:58:04,72,r/HadToHurt,0,2018-05-17 03:50:20,5,1,1,0
8jywoi,2018-05-16 21:58:04,72,r/HadToHurt,0,2018-05-17 03:53:50,6,1,1,0
8jywoi,2018-05-16 21:58:04,72,r/HadToHurt,0,2018-05-17 04:46:16,7,0,1,0
8jywoi,2018-05-16 21:58:04,72,r/HadToHurt,0,2018-05-17 04:06:02,4,0,1,0
8jywoi,2018-05-16 21:58:04,72,r/HadToHurt,0,2018-05-17 04:18:49,4,0,1,0
8jywoi,2018-05-16 21:58:04,72,r/HadToHurt,0,2018-05-17 04:40:37,4,1,1,0
8jywoi,2018-05-16 21:58:04,72,r/HadToHurt,0,2018-05-17 04:59:41,5,0,1,0
8jywoi,2018-05-16 21:58:04,72,r/HadToHurt,0,2018-05-16 23:06:57,2,2,65,0
8jywoi,2018-05-16 21:58:04,72,r/HadToHurt,0,2018-05-16 23:11:04,3,0,12,0
8jywoi,2018-05-16 21:58:04,72,r/HadToHurt,0,2018-05-17 02:06:58,3,0,3,0
8jywoi,2018-05-16 21:58:04,72,r/HadToHurt,0,2018-05-17 02:37:23,2,0,7,0
8jywoi,2018-05-16 21:58:04,72,r/HadToHurt,0,2018-05-17 03:07:56,2,0,2,0
8jywoi,2018-05-16 21:58:04,72,r/HadToHurt,0,2018-05-17 04:43:41,2,0,1,0
8jywoi,2018-05-16 21:58:04,72,r/HadToHurt,0,2018-05-17 03:23:07,2,0,1,0
8jywoi,2018-05-16 21:58:04,72,r/HadToHurt,0,2018-05-17 03:35:03,1,1,1,0
8jywoi,2018-05-16 21:58:04,72,r/HadToHurt,0,2018-05-17 04:18:14,2,0,1,0
8jywoi,2018-05-16 21:58:04,72,r/HadToHurt,0,2018-05-17 00:22:06,1,1,2,0
8jywoi,2018-05-16 21:58:04,72,r/HadToHurt,0,2018-05-17 02:38:55,2,0,6,0
8jywoi,2018-05-16 21:58:04,72,r/HadToHurt,0,2018-05-17 03:35:32,1,0,1,0
8jywoi,2018-05-16 21:58:04,72,r/HadToHurt,0,2018-05-17 04:15:42,1,0,1,0
8jywoi,2018-05-16 21:58:04,72,r/HadToHurt,0,2018-05-17 04:19:22,1,0,1,0
8jywoi,2018-05-16 21:58:04,72,r/HadToHurt,0,2018-05-17 00:39:29,1,0,-1,0
8jywoi,2018-05-16 21:58:04,72,r/HadToHurt,1,2018-05-16 22:40:02,0,2,776,0
8jywoi,2018-05-16 21:58:04,72,r/HadToHurt,1,2018-05-16 23:04:18,1,1,210,0
8jywoi,2018-05-16 21:58:04,72,r/HadToHurt,1,2018-05-16 23:37:40,2,2,64,0
8jywoi,2018-05-16 21:58:04,72,r/HadToHurt,1,2018-05-16 23:44:55,3,1,57,0
8jywoi,2018-05-16 21:58:04,72,r/HadToHurt,1,2018-05-17 02:31:21,4,1,9,0
8jywoi,2018-05-16 21:58:04,72,r/HadToHurt,1,2018-05-17 03:51:37,5,0,1,0
8jywoi,2018-05-16 21:58:04,72,r/HadToHurt,1,2018-05-17 00:22:29,3,1,14,0
8jywoi,2018-05-16 21:58:04,72,r/HadToHurt,1,2018-05-17 00:29:06,4,1,6,0
8jywoi,2018-05-16 21:58:04,72,r/HadToHurt,1,2018-05-17 00:30:41,5,1,9,0
8jywoi,2018-05-16 21:58:04,72,r/HadToHurt,1,2018-05-17 00:55:57,6,1,5,0
8jywoi,2018-05-16 21:58:04,72,r/HadToHurt,1,2018-05-17 01:09:21,7,2,4,0
8jywoi,2018-05-16 21:58:04,72,r/HadToHurt,1,2018-05-17 01:14:26,8,1,4,0
8jywoi,2018-05-16 21:58:04,72,r/HadToHurt,1,2018-05-17 01:26:01,9,1,4,0
8jywoi,2018-05-16 21:58:04,72,r/HadToHurt,1,2018-05-17 04:10:34,8,0,1,0
8jywoi,2018-05-16 21:58:04,72,r/HadToHurt,1,2018-05-17 02:45:33,1,0,1,0
8jywoi,2018-05-16 21:58:04,72,r/HadToHurt,2,2018-05-16 22:10:56,0,5,308,0
8jywoi,2018-05-16 21:58:04,72,r/HadToHurt,2,2018-05-16 23:15:38,1,1,29,0
8jywoi,2018-05-16 21:58:04,72,r/HadToHurt,2,2018-05-17 02:42:00,2,0,6,0
8jywoi,2018-05-16 21:58:04,72,r/HadToHurt,2,2018-05-17 00:21:51,1,0,5,0
8jywoi,2018-05-16 21:58:04,72,r/HadToHurt,2,2018-05-17 01:50:31,1,0,4,0
8jywoi,2018-05-16 21:58:04,72,r/HadToHurt,2,2018-05-17 00:41:26,1,0,1,0
8jywoi,2018-05-16 21:58:04,72,r/HadToHurt,2,2018-05-17 04:39:41,1,0,1,0
8jywoi,2018-05-16 21:58:04,72,r/HadToHurt,3,2018-05-16 21:59:08,0,3,242,0
8jywoi,2018-05-16 21:58:04,72,r/HadToHurt,3,2018-05-16 21:59:41,1,1,82,0
8jywoi,2018-05-16 21:58:04,72,r/HadToHurt,3,2018-05-16 22:52:50,2,1,37,0
8jywoi,2018-05-16 21:58:04,72,r/HadToHurt,3,2018-05-16 23:15:25,3,3,94,0
8jywoi,2018-05-16 21:58:04,72,r/HadToHurt,3,2018-05-16 23:52:35,4,1,8,0
8jywoi,2018-05-16 21:58:04,72,r/HadToHurt,3,2018-05-17 00:09:57,5,0,7,0
8jywoi,2018-05-16 21:58:04,72,r/HadToHurt,3,2018-05-17 02:40:22,4,0,1,0
8jywoi,2018-05-16 21:58:04,72,r/HadToHurt,3,2018-05-17 03:37:08,4,2,1,0
8jywoi,2018-05-16 21:58:04,72,r/HadToHurt,3,2018-05-17 04:07:16,5,0,1,0
8jywoi,2018-05-16 21:58:04,72,r/HadToHurt,3,2018-05-17 04:01:47,5,0,1,0
8jywoi,2018-05-16 21:58:04,72,r/HadToHurt,3,2018-05-16 23:30:13,1,1,2,0
8jywoi,2018-05-16 21:58:04,72,r/HadToHurt,3,2018-05-17 02:01:46,2,1,15,0
8jywoi,2018-05-16 21:58:04,72,r/HadToHurt,3,2018-05-17 05:01:21,3,0,1,0
8jywoi,2018-05-16 21:58:04,72,r/HadToHurt,3,2018-05-17 02:42:14,1,0,1,0
8jywoi,2018-05-16 21:58:04,72,r/HadToHurt,4,2018-05-16 22:35:15,0,11,462,0
8jywoi,2018-05-16 21:58:04,72,r/HadToHurt,4,2018-05-16 22:41:56,1,4,231,0
8jywoi,2018-05-16 21:58:04,72,r/HadToHurt,4,2018-05-16 23:03:07,2,2,87,0
8jywoi,2018-05-16 21:58:04,72,r/HadToHurt,4,2018-05-16 23:55:28,3,2,55,0
8jywoi,2018-05-16 21:58:04,72,r/HadToHurt,4,2018-05-17 02:24:02,4,0,17,0
8jywoi,2018-05-16 21:58:04,72,r/HadToHurt,4,2018-05-17 02:43:36,4,0,1,0
8jywoi,2018-05-16 21:58:04,72,r/HadToHurt,4,2018-05-17 02:21:42,3,1,5,0
8jywoi,2018-05-16 21:58:04,72,r/HadToHurt,4,2018-05-17 03:16:45,4,0,1,0
8jywoi,2018-05-16 21:58:04,72,r/HadToHurt,4,2018-05-17 02:27:33,2,1,7,0
8jywoi,2018-05-16 21:58:04,72,r/HadToHurt,4,2018-05-17 04:57:58,3,0,1,0
8jywoi,2018-05-16 21:58:04,72,r/HadToHurt,4,2018-05-17 02:13:40,2,0,5,0
8jywoi,2018-05-16 21:58:04,72,r/HadToHurt,4,2018-05-17 01:22:38,2,0,2,0
8jywoi,2018-05-16 21:58:04,72,r/HadToHurt,4,2018-05-17 00:00:16,1,0,17,0
8jywoi,2018-05-16 21:58:04,72,r/HadToHurt,4,2018-05-17 00:00:58,1,1,6,0
8jywoi,2018-05-16 21:58:04,72,r/HadToHurt,4,2018-05-17 00:51:49,2,1,8,0
8jywoi,2018-05-16 21:58:04,72,r/HadToHurt,4,2018-05-17 01:12:21,3,1,3,0
8jywoi,2018-05-16 21:58:04,72,r/HadToHurt,4,2018-05-17 01:14:02,4,0,1,0
8jywoi,2018-05-16 21:58:04,72,r/HadToHurt,4,2018-05-17 02:07:29,1,3,6,0
8jywoi,2018-05-16 21:58:04,72,r/HadToHurt,4,2018-05-17 02:57:13,2,0,4,0
8jywoi,2018-05-16 21:58:04,72,r/HadToHurt,4,2018-05-17 03:49:40,2,0,1,0
8jywoi,2018-05-16 21:58:04,72,r/HadToHurt,4,2018-05-17 03:51:37,2,0,1,0
8jywoi,2018-05-16 21:58:04,72,r/HadToHurt,4,2018-05-16 22:41:55,1,0,18,0
8jywoi,2018-05-16 21:58:04,72,r/HadToHurt,4,2018-05-17 02:37:27,1,0,3,0
8jywoi,2018-05-16 21:58:04,72,r/HadToHurt,4,2018-05-17 00:22:40,1,0,1,0
8jywoi,2018-05-16 21:58:04,72,r/HadToHurt,4,2018-05-17 01:30:48,1,1,1,0
8jywoi,2018-05-16 21:58:04,72,r/HadToHurt,4,2018-05-17 01:32:37,2,0,2,0
8jywoi,2018-05-16 21:58:04,72,r/HadToHurt,4,2018-05-17 02:06:42,1,0,1,0
8jywoi,2018-05-16 21:58:04,72,r/HadToHurt,4,2018-05-17 00:43:40,1,0,1,0
8jywoi,2018-05-16 21:58:04,72,r/HadToHurt,4,2018-05-17 01:53:21,1,0,-1,0
8jywoi,2018-05-16 21:58:04,72,r/HadToHurt,5,2018-05-16 22:21:36,0,2,154,0
8jywoi,2018-05-16 21:58:04,72,r/HadToHurt,5,2018-05-16 22:38:14,1,1,54,0
8jywoi,2018-05-16 21:58:04,72,r/HadToHurt,5,2018-05-16 23:12:58,2,1,17,0
8jywoi,2018-05-16 21:58:04,72,r/HadToHurt,5,2018-05-17 01:59:21,3,2,7,0
8jywoi,2018-05-16 21:58:04,72,r/HadToHurt,5,2018-05-17 04:02:03,4,1,1,0
8jywoi,2018-05-16 21:58:04,72,r/HadToHurt,5,2018-05-17 04:22:22,5,0,1,0
8jywoi,2018-05-16 21:58:04,72,r/HadToHurt,5,2018-05-17 04:50:24,4,0,1,0
8jywoi,2018-05-16 21:58:04,72,r/HadToHurt,5,2018-05-17 03:43:52,1,1,1,0
8jywoi,2018-05-16 21:58:04,72,r/HadToHurt,5,2018-05-17 04:54:06,2,0,1,0
8jywoi,2018-05-16 21:58:04,72,r/HadToHurt,6,2018-05-16 23:05:04,0,0,36,0
8jywoi,2018-05-16 21:58:04,72,r/HadToHurt,7,2018-05-16 22:30:54,0,3,65,0
8jywoi,2018-05-16 21:58:04,72,r/HadToHurt,7,2018-05-16 22:36:59,1,3,39,0
8jywoi,2018-05-16 21:58:04,72,r/HadToHurt,7,2018-05-16 22:54:28,2,1,37,0
8jywoi,2018-05-16 21:58:04,72,r/HadToHurt,7,2018-05-16 22:57:30,3,4,19,0
8jywoi,2018-05-16 21:58:04,72,r/HadToHurt,7,2018-05-17 03:04:40,4,0,15,0
8jywoi,2018-05-16 21:58:04,72,r/HadToHurt,7,2018-05-16 23:04:36,4,2,21,0
8jywoi,2018-05-16 21:58:04,72,r/HadToHurt,7,2018-05-17 01:37:55,5,0,11,0
8jywoi,2018-05-16 21:58:04,72,r/HadToHurt,7,2018-05-16 23:10:54,5,1,4,0
8jywoi,2018-05-16 21:58:04,72,r/HadToHurt,7,2018-05-16 23:13:37,6,3,19,0
8jywoi,2018-05-16 21:58:04,72,r/HadToHurt,7,2018-05-16 23:15:51,7,2,9,0
8jywoi,2018-05-16 21:58:04,72,r/HadToHurt,7,2018-05-16 23:18:19,8,0,12,0
8jywoi,2018-05-16 21:58:04,72,r/HadToHurt,7,2018-05-16 23:19:49,8,1,2,0
8jywoi,2018-05-16 21:58:04,72,r/HadToHurt,7,2018-05-17 00:31:59,9,0,5,0
8jywoi,2018-05-16 21:58:04,72,r/HadToHurt,7,2018-05-17 01:24:24,7,0,2,0
8jywoi,2018-05-16 21:58:04,72,r/HadToHurt,7,2018-05-17 03:43:16,7,0,1,0
8jywoi,2018-05-16 21:58:04,72,r/HadToHurt,7,2018-05-17 00:32:41,4,0,8,0
8jywoi,2018-05-16 21:58:04,72,r/HadToHurt,7,2018-05-17 05:10:06,4,0,1,0
8jywoi,2018-05-16 21:58:04,72,r/HadToHurt,7,2018-05-17 01:34:33,2,0,2,0
8jywoi,2018-05-16 21:58:04,72,r/HadToHurt,7,2018-05-17 02:05:40,2,0,1,0
8jywoi,2018-05-16 21:58:04,72,r/HadToHurt,7,2018-05-16 22:44:14,1,0,5,0
8jywoi,2018-05-16 21:58:04,72,r/HadToHurt,7,2018-05-17 03:53:40,1,0,1,0
8jywoi,2018-05-16 21:58:04,72,r/HadToHurt,8,2018-05-17 02:17:41,0,2,11,0
8jywoi,2018-05-16 21:58:04,72,r/HadToHurt,8,2018-05-17 02:17:45,1,1,2,0
8jywoi,2018-05-16 21:58:04,72,r/HadToHurt,8,2018-05-17 02:41:10,2,1,1,0
8jywoi,2018-05-16 21:58:04,72,r/HadToHurt,8,2018-05-17 02:41:14,3,0,1,0
8jywoi,2018-05-16 21:58:04,72,r/HadToHurt,8,2018-05-17 03:02:41,1,0,1,0
8jywoi,2018-05-16 21:58:04,72,r/HadToHurt,9,2018-05-16 23:38:49,0,3,39,0
8jywoi,2018-05-16 21:58:04,72,r/HadToHurt,9,2018-05-17 00:20:25,1,1,15,0
8jywoi,2018-05-16 21:58:04,72,r/HadToHurt,9,2018-05-17 00:41:37,2,2,2,0
8jywoi,2018-05-16 21:58:04,72,r/HadToHurt,9,2018-05-17 03:50:27,3,0,1,0
8jywoi,2018-05-16 21:58:04,72,r/HadToHurt,9,2018-05-17 01:57:34,3,1,2,0
8jywoi,2018-05-16 21:58:04,72,r/HadToHurt,9,2018-05-17 02:00:27,4,1,2,0
8jywoi,2018-05-16 21:58:04,72,r/HadToHurt,9,2018-05-17 02:09:55,5,1,3,0
8jywoi,2018-05-16 21:58:04,72,r/HadToHurt,9,2018-05-17 03:06:27,6,0,1,0
8jywoi,2018-05-16 21:58:04,72,r/HadToHurt,9,2018-05-17 02:02:17,1,1,10,0
8jywoi,2018-05-16 21:58:04,72,r/HadToHurt,9,2018-05-17 04:36:00,2,0,1,0
8jywoi,2018-05-16 21:58:04,72,r/HadToHurt,9,2018-05-16 23:39:58,1,1,10,0
8jywoi,2018-05-16 21:58:04,72,r/HadToHurt,9,2018-05-17 02:38:18,2,1,1,0
8jywoi,2018-05-16 21:58:04,72,r/HadToHurt,9,2018-05-17 03:53:18,3,0,1,0
8jywoi,2018-05-16 21:58:04,72,r/HadToHurt,10,2018-05-17 00:03:28,0,0,8,0
8jywoi,2018-05-16 21:58:04,72,r/HadToHurt,11,2018-05-17 00:25:29,0,0,8,0
8jywoi,2018-05-16 21:58:04,72,r/HadToHurt,12,2018-05-17 00:27:01,0,0,7,0
8jywoi,2018-05-16 21:58:04,72,r/HadToHurt,13,2018-05-16 23:26:42,0,1,16,0
8jywoi,2018-05-16 21:58:04,72,r/HadToHurt,13,2018-05-17 04:00:45,1,0,1,0
8jywoi,2018-05-16 21:58:04,72,r/HadToHurt,14,2018-05-16 22:39:16,0,1,11,0
8jywoi,2018-05-16 21:58:04,72,r/HadToHurt,14,2018-05-17 03:55:41,1,0,1,0
8jywoi,2018-05-16 21:58:04,72,r/HadToHurt,15,2018-05-17 02:45:14,0,0,4,0
8jywoi,2018-05-16 21:58:04,72,r/HadToHurt,16,2018-05-16 23:55:29,0,1,3,0
8jywoi,2018-05-16 21:58:04,72,r/HadToHurt,16,2018-05-17 01:53:07,1,1,3,0
8jywoi,2018-05-16 21:58:04,72,r/HadToHurt,16,2018-05-17 02:54:32,2,0,1,0
8jywoi,2018-05-16 21:58:04,72,r/HadToHurt,17,2018-05-16 23:56:11,0,0,8,0
8jywoi,2018-05-16 21:58:04,72,r/HadToHurt,18,2018-05-17 00:09:55,0,0,3,0
8jywoi,2018-05-16 21:58:04,72,r/HadToHurt,19,2018-05-17 00:18:09,0,1,7,0
8jywoi,2018-05-16 21:58:04,72,r/HadToHurt,19,2018-05-17 02:29:24,1,1,2,0
8jywoi,2018-05-16 21:58:04,72,r/HadToHurt,19,2018-05-17 03:04:12,2,1,1,0
8jywoi,2018-05-16 21:58:04,72,r/HadToHurt,19,2018-05-17 03:37:50,3,0,1,0
8jywoi,2018-05-16 21:58:04,72,r/HadToHurt,20,2018-05-16 23:39:03,0,0,2,0
8jywoi,2018-05-16 21:58:04,72,r/HadToHurt,21,2018-05-16 23:40:36,0,0,2,0
8jywoi,2018-05-16 21:58:04,72,r/HadToHurt,22,2018-05-17 00:04:09,0,0,2,0
8jywoi,2018-05-16 21:58:04,72,r/HadToHurt,23,2018-05-17 00:09:09,0,0,2,0
8jywoi,2018-05-16 21:58:04,72,r/HadToHurt,24,2018-05-17 00:18:56,0,0,2,0
8jywoi,2018-05-16 21:58:04,72,r/HadToHurt,25,2018-05-17 01:22:50,0,0,2,0
8jywoi,2018-05-16 21:58:04,72,r/HadToHurt,26,2018-05-17 01:44:55,0,0,2,0
8jywoi,2018-05-16 21:58:04,72,r/HadToHurt,27,2018-05-17 01:50:34,0,1,2,0
8jywoi,2018-05-16 21:58:04,72,r/HadToHurt,27,2018-05-17 02:53:37,1,0,1,0
8jywoi,2018-05-16 21:58:04,72,r/HadToHurt,28,2018-05-17 02:02:47,0,0,2,0
8jywoi,2018-05-16 21:58:04,72,r/HadToHurt,29,2018-05-17 05:19:04,0,0,1,0
8jywoi,2018-05-16 21:58:04,72,r/HadToHurt,30,2018-05-16 22:46:05,0,0,2,0
8jywoi,2018-05-16 21:58:04,72,r/HadToHurt,31,2018-05-16 22:58:59,0,0,2,0
8jywoi,2018-05-16 21:58:04,72,r/HadToHurt,32,2018-05-16 23:38:02,0,0,2,0
8jywoi,2018-05-16 21:58:04,72,r/HadToHurt,33,2018-05-17 00:36:43,0,0,2,0
8jywoi,2018-05-16 21:58:04,72,r/HadToHurt,34,2018-05-16 22:48:14,0,0,1,0
8jywoi,2018-05-16 21:58:04,72,r/HadToHurt,35,2018-05-16 23:05:45,0,0,1,0
8jywoi,2018-05-16 21:58:04,72,r/HadToHurt,36,2018-05-16 23:10:37,0,0,1,0
8jywoi,2018-05-16 21:58:04,72,r/HadToHurt,37,2018-05-16 23:11:59,0,0,1,0
8jywoi,2018-05-16 21:58:04,72,r/HadToHurt,38,2018-05-16 23:20:48,0,0,1,0
8jywoi,2018-05-16 21:58:04,72,r/HadToHurt,39,2018-05-16 23:25:24,0,0,1,0
8jywoi,2018-05-16 21:58:04,72,r/HadToHurt,40,2018-05-16 23:38:38,0,0,1,0
8jywoi,2018-05-16 21:58:04,72,r/HadToHurt,41,2018-05-16 23:39:51,0,0,1,0
8jywoi,2018-05-16 21:58:04,72,r/HadToHurt,42,2018-05-16 23:40:04,0,0,1,0
8jywoi,2018-05-16 21:58:04,72,r/HadToHurt,43,2018-05-16 23:41:19,0,0,1,0
8jywoi,2018-05-16 21:58:04,72,r/HadToHurt,44,2018-05-16 23:42:39,0,0,1,0
8jywoi,2018-05-16 21:58:04,72,r/HadToHurt,45,2018-05-16 23:45:50,0,0,1,0
8jywoi,2018-05-16 21:58:04,72,r/HadToHurt,46,2018-05-16 23:48:55,0,0,1,0
8jywoi,2018-05-16 21:58:04,72,r/HadToHurt,47,2018-05-16 23:50:27,0,0,1,0
8jywoi,2018-05-16 21:58:04,72,r/HadToHurt,48,2018-05-16 23:55:53,0,0,1,0
8jywoi,2018-05-16 21:58:04,72,r/HadToHurt,49,2018-05-17 00:20:57,0,0,1,0
8jywoi,2018-05-16 21:58:04,72,r/HadToHurt,50,2018-05-17 00:24:17,0,0,1,0
8jywoi,2018-05-16 21:58:04,72,r/HadToHurt,51,2018-05-17 00:24:20,0,0,1,0
8jywoi,2018-05-16 21:58:04,72,r/HadToHurt,52,2018-05-17 00:24:27,0,0,1,0
8jywoi,2018-05-16 21:58:04,72,r/HadToHurt,53,2018-05-17 00:35:14,0,0,1,0
8jywoi,2018-05-16 21:58:04,72,r/HadToHurt,54,2018-05-17 00:46:25,0,0,1,0
8jywoi,2018-05-16 21:58:04,72,r/HadToHurt,55,2018-05-17 00:49:43,0,0,1,0
8jywoi,2018-05-16 21:58:04,72,r/HadToHurt,56,2018-05-17 00:51:57,0,0,1,0
8jywoi,2018-05-16 21:58:04,72,r/HadToHurt,57,2018-05-17 00:56:36,0,0,1,0
8jywoi,2018-05-16 21:58:04,72,r/HadToHurt,58,2018-05-17 00:57:17,0,0,1,0
8jywoi,2018-05-16 21:58:04,72,r/HadToHurt,59,2018-05-17 01:01:26,0,0,1,0
8jywoi,2018-05-16 21:58:04,72,r/HadToHurt,60,2018-05-17 01:01:52,0,0,1,0
8jywoi,2018-05-16 21:58:04,72,r/HadToHurt,61,2018-05-17 01:06:16,0,0,1,0
8jywoi,2018-05-16 21:58:04,72,r/HadToHurt,62,2018-05-17 01:11:24,0,0,1,0
8jywoi,2018-05-16 21:58:04,72,r/HadToHurt,63,2018-05-17 01:12:15,0,0,1,0
8jywoi,2018-05-16 21:58:04,72,r/HadToHurt,64,2018-05-17 01:12:35,0,0,1,0
8jywoi,2018-05-16 21:58:04,72,r/HadToHurt,65,2018-05-17 01:22:29,0,0,1,0
8jywoi,2018-05-16 21:58:04,72,r/HadToHurt,66,2018-05-17 01:24:28,0,0,1,0
8jywoi,2018-05-16 21:58:04,72,r/HadToHurt,67,2018-05-17 01:25:54,0,0,1,0
8jywoi,2018-05-16 21:58:04,72,r/HadToHurt,68,2018-05-17 01:26:19,0,0,1,0
8jywoi,2018-05-16 21:58:04,72,r/HadToHurt,69,2018-05-17 01:29:03,0,0,1,0
8jywoi,2018-05-16 21:58:04,72,r/HadToHurt,70,2018-05-17 01:33:47,0,0,1,0
8jywoi,2018-05-16 21:58:04,72,r/HadToHurt,71,2018-05-17 01:34:19,0,0,1,0
8jywoi,2018-05-16 21:58:04,72,r/HadToHurt,72,2018-05-17 01:40:29,0,0,1,0
8jywoi,2018-05-16 21:58:04,72,r/HadToHurt,73,2018-05-17 01:40:50,0,0,1,0
8jywoi,2018-05-16 21:58:04,72,r/HadToHurt,74,2018-05-17 01:43:17,0,0,1,0
8jywoi,2018-05-16 21:58:04,72,r/HadToHurt,75,2018-05-17 01:47:41,0,0,1,0
8jywoi,2018-05-16 21:58:04,72,r/HadToHurt,76,2018-05-17 01:50:28,0,0,1,0
8jywoi,2018-05-16 21:58:04,72,r/HadToHurt,77,2018-05-17 01:52:51,0,0,1,0
8jywoi,2018-05-16 21:58:04,72,r/HadToHurt,78,2018-05-17 01:54:30,0,0,1,0
8jywoi,2018-05-16 21:58:04,72,r/HadToHurt,79,2018-05-17 01:56:45,0,0,1,0
8jywoi,2018-05-16 21:58:04,72,r/HadToHurt,80,2018-05-17 02:07:04,0,0,1,0
8jywoi,2018-05-16 21:58:04,72,r/HadToHurt,81,2018-05-17 02:11:44,0,0,1,0
8jywoi,2018-05-16 21:58:04,72,r/HadToHurt,82,2018-05-17 02:12:20,0,0,1,0
8jywoi,2018-05-16 21:58:04,72,r/HadToHurt,83,2018-05-17 02:13:14,0,0,1,0
8jywoi,2018-05-16 21:58:04,72,r/HadToHurt,84,2018-05-17 02:15:05,0,0,1,0
8jywoi,2018-05-16 21:58:04,72,r/HadToHurt,85,2018-05-17 02:18:54,0,0,1,0
8jywoi,2018-05-16 21:58:04,72,r/HadToHurt,86,2018-05-17 02:19:39,0,0,1,0
8jywoi,2018-05-16 21:58:04,72,r/HadToHurt,87,2018-05-17 02:19:40,0,0,1,0
8jywoi,2018-05-16 21:58:04,72,r/HadToHurt,88,2018-05-17 02:19:51,0,1,1,0
8jywoi,2018-05-16 21:58:04,72,r/HadToHurt,88,2018-05-17 02:43:05,1,0,1,0
8jywoi,2018-05-16 21:58:04,72,r/HadToHurt,89,2018-05-17 02:29:44,0,0,1,0
8jywoi,2018-05-16 21:58:04,72,r/HadToHurt,90,2018-05-17 02:32:16,0,0,1,0
8jywoi,2018-05-16 21:58:04,72,r/HadToHurt,91,2018-05-17 02:35:05,0,0,1,0
8jywoi,2018-05-16 21:58:04,72,r/HadToHurt,92,2018-05-17 02:36:54,0,0,1,0
8jywoi,2018-05-16 21:58:04,72,r/HadToHurt,93,2018-05-17 02:37:32,0,0,1,0
8jywoi,2018-05-16 21:58:04,72,r/HadToHurt,94,2018-05-17 02:38:45,0,0,1,0
8jywoi,2018-05-16 21:58:04,72,r/HadToHurt,95,2018-05-17 02:39:35,0,0,1,0
8jywoi,2018-05-16 21:58:04,72,r/HadToHurt,96,2018-05-17 02:43:16,0,0,1,0
8jywoi,2018-05-16 21:58:04,72,r/HadToHurt,97,2018-05-17 02:45:15,0,1,1,0
8jywoi,2018-05-16 21:58:04,72,r/HadToHurt,97,2018-05-17 03:58:08,1,0,1,0
8jywoi,2018-05-16 21:58:04,72,r/HadToHurt,98,2018-05-17 02:51:58,0,0,1,0
8jywoi,2018-05-16 21:58:04,72,r/HadToHurt,99,2018-05-17 02:55:56,0,0,1,0
8jywoi,2018-05-16 21:58:04,72,r/HadToHurt,100,2018-05-17 02:56:05,0,0,1,0
8jywoi,2018-05-16 21:58:04,72,r/HadToHurt,101,2018-05-17 02:59:17,0,0,1,0
8jywoi,2018-05-16 21:58:04,72,r/HadToHurt,102,2018-05-17 02:59:24,0,0,1,0
8jywoi,2018-05-16 21:58:04,72,r/HadToHurt,103,2018-05-17 02:59:41,0,0,1,0
8jywoi,2018-05-16 21:58:04,72,r/HadToHurt,104,2018-05-17 03:00:05,0,1,1,0
8jywoi,2018-05-16 21:58:04,72,r/HadToHurt,104,2018-05-17 03:00:40,1,0,1,0
8jywoi,2018-05-16 21:58:04,72,r/HadToHurt,105,2018-05-17 03:03:05,0,0,1,0
8jywoi,2018-05-16 21:58:04,72,r/HadToHurt,106,2018-05-17 03:03:30,0,0,1,0
8jywoi,2018-05-16 21:58:04,72,r/HadToHurt,107,2018-05-17 03:04:43,0,0,1,0
8jywoi,2018-05-16 21:58:04,72,r/HadToHurt,108,2018-05-17 03:11:31,0,0,1,0
8jywoi,2018-05-16 21:58:04,72,r/HadToHurt,109,2018-05-17 03:16:18,0,0,1,0
8jywoi,2018-05-16 21:58:04,72,r/HadToHurt,110,2018-05-17 03:18:00,0,0,1,0
8jywoi,2018-05-16 21:58:04,72,r/HadToHurt,111,2018-05-17 03:19:57,0,0,1,0
8jywoi,2018-05-16 21:58:04,72,r/HadToHurt,112,2018-05-17 03:20:38,0,1,1,0
8jywoi,2018-05-16 21:58:04,72,r/HadToHurt,112,2018-05-17 03:44:14,1,1,1,0
8jywoi,2018-05-16 21:58:04,72,r/HadToHurt,112,2018-05-17 03:47:17,2,1,1,0
8jywoi,2018-05-16 21:58:04,72,r/HadToHurt,112,2018-05-17 03:52:40,3,0,1,0
8jywoi,2018-05-16 21:58:04,72,r/HadToHurt,113,2018-05-17 03:26:01,0,0,1,0
8jywoi,2018-05-16 21:58:04,72,r/HadToHurt,114,2018-05-17 03:27:24,0,0,1,0
8jywoi,2018-05-16 21:58:04,72,r/HadToHurt,115,2018-05-17 03:29:24,0,0,1,0
8jywoi,2018-05-16 21:58:04,72,r/HadToHurt,116,2018-05-17 03:33:05,0,0,1,0
8jywoi,2018-05-16 21:58:04,72,r/HadToHurt,117,2018-05-17 03:41:28,0,0,1,0
8jywoi,2018-05-16 21:58:04,72,r/HadToHurt,118,2018-05-17 03:41:35,0,0,1,0
8jywoi,2018-05-16 21:58:04,72,r/HadToHurt,119,2018-05-17 03:43:57,0,0,1,0
8jywoi,2018-05-16 21:58:04,72,r/HadToHurt,120,2018-05-17 03:46:23,0,1,1,0
8jywoi,2018-05-16 21:58:04,72,r/HadToHurt,120,2018-05-17 03:57:01,1,0,1,0
8jywoi,2018-05-16 21:58:04,72,r/HadToHurt,121,2018-05-17 03:47:55,0,0,1,0
8jywoi,2018-05-16 21:58:04,72,r/HadToHurt,122,2018-05-17 03:49:54,0,0,1,0
8jywoi,2018-05-16 21:58:04,72,r/HadToHurt,123,2018-05-17 03:51:45,0,0,1,0
8jywoi,2018-05-16 21:58:04,72,r/HadToHurt,124,2018-05-17 03:52:43,0,0,1,0
8jywoi,2018-05-16 21:58:04,72,r/HadToHurt,125,2018-05-17 03:53:51,0,0,1,0
8jywoi,2018-05-16 21:58:04,72,r/HadToHurt,126,2018-05-17 03:57:52,0,0,1,0
8jywoi,2018-05-16 21:58:04,72,r/HadToHurt,127,2018-05-17 04:00:46,0,0,1,0
8jywoi,2018-05-16 21:58:04,72,r/HadToHurt,128,2018-05-17 04:02:05,0,0,1,0
8jywoi,2018-05-16 21:58:04,72,r/HadToHurt,129,2018-05-17 04:02:30,0,0,1,0
8jywoi,2018-05-16 21:58:04,72,r/HadToHurt,130,2018-05-17 04:04:12,0,0,1,0
8jywoi,2018-05-16 21:58:04,72,r/HadToHurt,131,2018-05-17 04:05:21,0,0,1,0
8jywoi,2018-05-16 21:58:04,72,r/HadToHurt,132,2018-05-17 04:05:54,0,0,1,0
8jywoi,2018-05-16 21:58:04,72,r/HadToHurt,133,2018-05-17 04:07:40,0,0,1,0
8jywoi,2018-05-16 21:58:04,72,r/HadToHurt,134,2018-05-17 04:08:56,0,0,1,0
8jywoi,2018-05-16 21:58:04,72,r/HadToHurt,135,2018-05-17 04:09:16,0,0,1,0
8jywoi,2018-05-16 21:58:04,72,r/HadToHurt,136,2018-05-17 04:12:35,0,0,1,0
8jywoi,2018-05-16 21:58:04,72,r/HadToHurt,137,2018-05-17 04:16:32,0,0,1,0
8jywoi,2018-05-16 21:58:04,72,r/HadToHurt,138,2018-05-17 04:24:22,0,0,1,0
8jywoi,2018-05-16 21:58:04,72,r/HadToHurt,139,2018-05-17 04:24:32,0,0,1,0
8jywoi,2018-05-16 21:58:04,72,r/HadToHurt,140,2018-05-17 04:26:55,0,0,1,0
8jywoi,2018-05-16 21:58:04,72,r/HadToHurt,141,2018-05-17 04:33:34,0,0,1,0
8jywoi,2018-05-16 21:58:04,72,r/HadToHurt,142,2018-05-17 04:34:11,0,0,1,0
8jywoi,2018-05-16 21:58:04,72,r/HadToHurt,143,2018-05-17 04:35:13,0,0,1,0
8jywoi,2018-05-16 21:58:04,72,r/HadToHurt,144,2018-05-17 04:35:50,0,0,1,0
8jywoi,2018-05-16 21:58:04,72,r/HadToHurt,145,2018-05-17 04:36:12,0,0,1,0
8jywoi,2018-05-16 21:58:04,72,r/HadToHurt,146,2018-05-17 04:38:11,0,0,1,0
8jywoi,2018-05-16 21:58:04,72,r/HadToHurt,147,2018-05-17 04:39:52,0,0,1,0
8jywoi,2018-05-16 21:58:04,72,r/HadToHurt,148,2018-05-17 04:40:59,0,0,1,0
8jywoi,2018-05-16 21:58:04,72,r/HadToHurt,149,2018-05-17 04:42:14,0,0,1,0
8jywoi,2018-05-16 21:58:04,72,r/HadToHurt,150,2018-05-17 04:42:36,0,0,1,0
8jywoi,2018-05-16 21:58:04,72,r/HadToHurt,151,2018-05-17 04:43:01,0,0,1,0
8jywoi,2018-05-16 21:58:04,72,r/HadToHurt,152,2018-05-17 04:44:00,0,0,1,0
8jywoi,2018-05-16 21:58:04,72,r/HadToHurt,153,2018-05-17 04:44:39,0,0,1,0
8jywoi,2018-05-16 21:58:04,72,r/HadToHurt,154,2018-05-17 04:45:01,0,0,1,0
8jywoi,2018-05-16 21:58:04,72,r/HadToHurt,155,2018-05-17 04:45:52,0,0,1,0
8jywoi,2018-05-16 21:58:04,72,r/HadToHurt,156,2018-05-17 04:46:43,0,0,1,0
8jywoi,2018-05-16 21:58:04,72,r/HadToHurt,157,2018-05-17 04:46:52,0,0,1,0
8jywoi,2018-05-16 21:58:04,72,r/HadToHurt,158,2018-05-17 04:46:55,0,0,1,0
8jywoi,2018-05-16 21:58:04,72,r/HadToHurt,159,2018-05-17 04:49:26,0,0,1,0
8jywoi,2018-05-16 21:58:04,72,r/HadToHurt,160,2018-05-17 04:55:02,0,0,1,0
8jywoi,2018-05-16 21:58:04,72,r/HadToHurt,161,2018-05-17 04:55:38,0,0,1,0
8jywoi,2018-05-16 21:58:04,72,r/HadToHurt,162,2018-05-17 04:58:08,0,0,1,0
8jywoi,2018-05-16 21:58:04,72,r/HadToHurt,163,2018-05-17 04:58:19,0,0,1,0
8jywoi,2018-05-16 21:58:04,72,r/HadToHurt,164,2018-05-17 05:01:12,0,0,1,0
8jywoi,2018-05-16 21:58:04,72,r/HadToHurt,165,2018-05-17 05:02:11,0,0,1,0
8jywoi,2018-05-16 21:58:04,72,r/HadToHurt,166,2018-05-17 05:08:15,0,0,1,0
8jywoi,2018-05-16 21:58:04,72,r/HadToHurt,167,2018-05-17 05:09:45,0,0,1,0
8jywoi,2018-05-16 21:58:04,72,r/HadToHurt,168,2018-05-17 05:11:16,0,0,1,0
8jywoi,2018-05-16 21:58:04,72,r/HadToHurt,169,2018-05-17 05:13:49,0,0,1,0
8jywoi,2018-05-16 21:58:04,72,r/HadToHurt,170,2018-05-17 05:15:46,0,0,1,0
8jywoi,2018-05-16 21:58:04,72,r/HadToHurt,171,2018-05-17 05:16:15,0,0,1,0
8jywoi,2018-05-16 21:58:04,72,r/HadToHurt,172,2018-05-17 05:20:02,0,0,1,0
8jywoi,2018-05-16 21:58:04,72,r/HadToHurt,173,2018-05-17 05:20:04,0,0,1,0
8jywoi,2018-05-16 21:58:04,72,r/HadToHurt,174,2018-05-17 05:21:15,0,0,1,0
8jywoi,2018-05-16 21:58:04,72,r/HadToHurt,175,2018-05-16 23:26:56,0,0,1,0
8jywoi,2018-05-16 21:58:04,72,r/HadToHurt,176,2018-05-17 02:45:19,0,0,1,0
8jywoi,2018-05-16 21:58:04,72,r/HadToHurt,177,2018-05-17 02:46:06,0,0,1,0
8jywoi,2018-05-16 21:58:04,72,r/HadToHurt,178,2018-05-17 03:23:24,0,1,1,0
8jywoi,2018-05-16 21:58:04,72,r/HadToHurt,178,2018-05-17 04:51:23,1,0,1,0
8jywoi,2018-05-16 21:58:04,72,r/HadToHurt,179,2018-05-17 03:03:17,0,0,0,0
8jywoi,2018-05-16 21:58:04,72,r/HadToHurt,180,2018-05-17 03:04:13,0,0,0,0
8jywoi,2018-05-16 21:58:04,72,r/HadToHurt,181,2018-05-17 03:11:35,0,0,0,0
8jywoi,2018-05-16 21:58:04,72,r/HadToHurt,182,2018-05-17 03:14:41,0,0,0,0
8jywoi,2018-05-16 21:58:04,72,r/HadToHurt,183,2018-05-17 03:34:01,0,0,1,0
8jywoi,2018-05-16 21:58:04,72,r/HadToHurt,184,2018-05-17 03:54:22,0,0,1,0
8jxowh,2018-05-16 19:20:49,73,r/tumblr,0,2018-05-16 21:19:51,0,10,803,0
8jxowh,2018-05-16 19:20:49,73,r/tumblr,0,2018-05-17 00:21:40,1,6,130,0
8jxowh,2018-05-16 19:20:49,73,r/tumblr,0,2018-05-17 03:04:22,2,1,21,0
8jxowh,2018-05-16 19:20:49,73,r/tumblr,0,2018-05-17 03:20:34,3,0,8,0
8jxowh,2018-05-16 19:20:49,73,r/tumblr,0,2018-05-17 02:54:54,2,1,15,0
8jxowh,2018-05-16 19:20:49,73,r/tumblr,0,2018-05-17 04:15:39,3,1,-9,0
8jxowh,2018-05-16 19:20:49,73,r/tumblr,0,2018-05-17 04:56:58,4,0,2,0
8jxowh,2018-05-16 19:20:49,73,r/tumblr,0,2018-05-17 02:24:31,2,0,3,0
8jxowh,2018-05-16 19:20:49,73,r/tumblr,0,2018-05-17 03:56:57,2,0,2,0
8jxowh,2018-05-16 19:20:49,73,r/tumblr,0,2018-05-17 04:08:25,2,0,2,0
8jxowh,2018-05-16 19:20:49,73,r/tumblr,0,2018-05-17 05:15:00,2,0,0,0
8jxowh,2018-05-16 19:20:49,73,r/tumblr,0,2018-05-16 23:03:28,1,4,210,0
8jxowh,2018-05-16 19:20:49,73,r/tumblr,0,2018-05-17 00:47:36,2,0,54,0
8jxowh,2018-05-16 19:20:49,73,r/tumblr,0,2018-05-17 00:05:04,2,2,110,0
8jxowh,2018-05-16 19:20:49,73,r/tumblr,0,2018-05-17 00:47:56,3,1,42,0
8jxowh,2018-05-16 19:20:49,73,r/tumblr,0,2018-05-17 03:57:00,4,0,1,0
8jxowh,2018-05-16 19:20:49,73,r/tumblr,0,2018-05-17 01:56:51,3,0,48,0
8jxowh,2018-05-16 19:20:49,73,r/tumblr,0,2018-05-17 02:28:42,2,0,13,0
8jxowh,2018-05-16 19:20:49,73,r/tumblr,0,2018-05-17 02:58:06,2,0,3,0
8jxowh,2018-05-16 19:20:49,73,r/tumblr,0,2018-05-16 23:40:09,1,1,19,0
8jxowh,2018-05-16 19:20:49,73,r/tumblr,0,2018-05-17 00:29:40,2,0,15,0
8jxowh,2018-05-16 19:20:49,73,r/tumblr,0,2018-05-17 00:31:53,1,1,17,0
8jxowh,2018-05-16 19:20:49,73,r/tumblr,0,2018-05-17 05:00:08,2,0,1,0
8jxowh,2018-05-16 19:20:49,73,r/tumblr,0,2018-05-17 01:56:34,1,2,6,0
8jxowh,2018-05-16 19:20:49,73,r/tumblr,0,2018-05-17 03:35:02,2,0,3,0
8jxowh,2018-05-16 19:20:49,73,r/tumblr,0,2018-05-17 04:29:43,2,0,1,0
8jxowh,2018-05-16 19:20:49,73,r/tumblr,0,2018-05-17 03:02:55,1,0,8,0
8jxowh,2018-05-16 19:20:49,73,r/tumblr,0,2018-05-17 03:24:02,1,0,1,0
8jxowh,2018-05-16 19:20:49,73,r/tumblr,0,2018-05-17 03:24:12,1,0,1,0
8jxowh,2018-05-16 19:20:49,73,r/tumblr,0,2018-05-17 04:12:58,1,0,1,0
8jxowh,2018-05-16 19:20:49,73,r/tumblr,0,2018-05-17 04:37:02,1,0,1,0
8jxowh,2018-05-16 19:20:49,73,r/tumblr,1,2018-05-16 20:02:00,0,7,663,0
8jxowh,2018-05-16 19:20:49,73,r/tumblr,1,2018-05-16 23:56:34,1,1,259,0
8jxowh,2018-05-16 19:20:49,73,r/tumblr,1,2018-05-17 00:02:07,2,6,166,0
8jxowh,2018-05-16 19:20:49,73,r/tumblr,1,2018-05-17 00:12:05,3,0,73,0
8jxowh,2018-05-16 19:20:49,73,r/tumblr,1,2018-05-17 00:26:33,3,1,23,0
8jxowh,2018-05-16 19:20:49,73,r/tumblr,1,2018-05-17 02:10:38,4,0,8,0
8jxowh,2018-05-16 19:20:49,73,r/tumblr,1,2018-05-17 01:26:40,3,0,9,0
8jxowh,2018-05-16 19:20:49,73,r/tumblr,1,2018-05-17 01:34:45,3,1,6,0
8jxowh,2018-05-16 19:20:49,73,r/tumblr,1,2018-05-17 04:07:44,4,0,2,0
8jxowh,2018-05-16 19:20:49,73,r/tumblr,1,2018-05-17 01:41:02,3,0,3,0
8jxowh,2018-05-16 19:20:49,73,r/tumblr,1,2018-05-17 04:18:11,3,0,2,0
8jxowh,2018-05-16 19:20:49,73,r/tumblr,1,2018-05-17 01:05:40,1,0,27,0
8jxowh,2018-05-16 19:20:49,73,r/tumblr,1,2018-05-17 01:00:05,1,2,14,0
8jxowh,2018-05-16 19:20:49,73,r/tumblr,1,2018-05-17 02:46:48,2,1,18,0
8jxowh,2018-05-16 19:20:49,73,r/tumblr,1,2018-05-17 03:34:38,3,0,7,0
8jxowh,2018-05-16 19:20:49,73,r/tumblr,1,2018-05-17 01:49:41,2,0,16,0
8jxowh,2018-05-16 19:20:49,73,r/tumblr,1,2018-05-17 01:05:36,1,4,26,0
8jxowh,2018-05-16 19:20:49,73,r/tumblr,1,2018-05-17 01:14:18,2,1,27,0
8jxowh,2018-05-16 19:20:49,73,r/tumblr,1,2018-05-17 05:20:34,3,0,1,0
8jxowh,2018-05-16 19:20:49,73,r/tumblr,1,2018-05-17 01:50:46,2,1,6,0
8jxowh,2018-05-16 19:20:49,73,r/tumblr,1,2018-05-17 02:14:43,3,1,1,0
8jxowh,2018-05-16 19:20:49,73,r/tumblr,1,2018-05-17 02:23:50,4,1,1,0
8jxowh,2018-05-16 19:20:49,73,r/tumblr,1,2018-05-17 02:29:39,5,0,1,0
8jxowh,2018-05-16 19:20:49,73,r/tumblr,1,2018-05-17 01:12:11,2,0,6,0
8jxowh,2018-05-16 19:20:49,73,r/tumblr,1,2018-05-17 04:38:16,2,1,2,0
8jxowh,2018-05-16 19:20:49,73,r/tumblr,1,2018-05-17 04:53:56,3,0,2,0
8jxowh,2018-05-16 19:20:49,73,r/tumblr,1,2018-05-17 02:42:29,1,2,38,0
8jxowh,2018-05-16 19:20:49,73,r/tumblr,1,2018-05-17 03:26:39,2,0,31,0
8jxowh,2018-05-16 19:20:49,73,r/tumblr,1,2018-05-17 03:33:35,2,0,40,0
8jxowh,2018-05-16 19:20:49,73,r/tumblr,1,2018-05-17 01:53:45,1,0,5,0
8jxowh,2018-05-16 19:20:49,73,r/tumblr,1,2018-05-17 04:23:18,1,1,2,0
8jxowh,2018-05-16 19:20:49,73,r/tumblr,1,2018-05-17 04:54:52,2,0,2,0
8jxowh,2018-05-16 19:20:49,73,r/tumblr,2,2018-05-16 19:29:16,0,3,303,0
8jxowh,2018-05-16 19:20:49,73,r/tumblr,2,2018-05-16 22:52:17,1,1,153,0
8jxowh,2018-05-16 19:20:49,73,r/tumblr,2,2018-05-17 01:12:40,2,0,43,0
8jxowh,2018-05-16 19:20:49,73,r/tumblr,2,2018-05-16 23:51:37,1,1,60,0
8jxowh,2018-05-16 19:20:49,73,r/tumblr,2,2018-05-17 01:55:39,2,3,52,0
8jxowh,2018-05-16 19:20:49,73,r/tumblr,2,2018-05-17 04:58:51,3,0,1,0
8jxowh,2018-05-16 19:20:49,73,r/tumblr,2,2018-05-17 05:18:46,3,0,1,0
8jxowh,2018-05-16 19:20:49,73,r/tumblr,2,2018-05-17 04:15:17,3,1,1,0
8jxowh,2018-05-16 19:20:49,73,r/tumblr,2,2018-05-17 04:49:15,4,0,3,0
8jxowh,2018-05-16 19:20:49,73,r/tumblr,2,2018-05-17 04:50:30,1,0,1,0
8jxowh,2018-05-16 19:20:49,73,r/tumblr,3,2018-05-16 23:59:01,0,2,47,0
8jxowh,2018-05-16 19:20:49,73,r/tumblr,3,2018-05-17 00:17:28,1,2,20,0
8jxowh,2018-05-16 19:20:49,73,r/tumblr,3,2018-05-17 00:19:16,2,0,21,0
8jxowh,2018-05-16 19:20:49,73,r/tumblr,3,2018-05-17 04:58:08,2,0,1,0
8jxowh,2018-05-16 19:20:49,73,r/tumblr,3,2018-05-17 04:57:07,1,0,1,0
8jxowh,2018-05-16 19:20:49,73,r/tumblr,4,2018-05-16 20:27:26,0,1,109,0
8jxowh,2018-05-16 19:20:49,73,r/tumblr,4,2018-05-16 23:22:02,1,0,24,0
8jxowh,2018-05-16 19:20:49,73,r/tumblr,5,2018-05-16 23:04:01,0,10,235,0
8jxowh,2018-05-16 19:20:49,73,r/tumblr,5,2018-05-16 23:57:13,1,0,81,0
8jxowh,2018-05-16 19:20:49,73,r/tumblr,5,2018-05-17 01:36:09,1,3,132,0
8jxowh,2018-05-16 19:20:49,73,r/tumblr,5,2018-05-17 02:19:59,2,1,55,0
8jxowh,2018-05-16 19:20:49,73,r/tumblr,5,2018-05-17 03:58:10,3,1,11,0
8jxowh,2018-05-16 19:20:49,73,r/tumblr,5,2018-05-17 04:16:11,4,0,3,0
8jxowh,2018-05-16 19:20:49,73,r/tumblr,5,2018-05-17 03:15:14,2,0,5,0
8jxowh,2018-05-16 19:20:49,73,r/tumblr,5,2018-05-17 03:28:30,2,1,3,0
8jxowh,2018-05-16 19:20:49,73,r/tumblr,5,2018-05-17 03:49:40,3,1,5,0
8jxowh,2018-05-16 19:20:49,73,r/tumblr,5,2018-05-17 04:11:38,4,0,5,0
8jxowh,2018-05-16 19:20:49,73,r/tumblr,5,2018-05-17 01:19:55,1,2,18,0
8jxowh,2018-05-16 19:20:49,73,r/tumblr,5,2018-05-17 01:22:55,2,1,31,0
8jxowh,2018-05-16 19:20:49,73,r/tumblr,5,2018-05-17 02:55:42,3,0,7,0
8jxowh,2018-05-16 19:20:49,73,r/tumblr,5,2018-05-17 01:40:03,2,0,20,0
8jxowh,2018-05-16 19:20:49,73,r/tumblr,5,2018-05-17 01:28:35,1,1,10,0
8jxowh,2018-05-16 19:20:49,73,r/tumblr,5,2018-05-17 01:39:20,2,1,37,0
8jxowh,2018-05-16 19:20:49,73,r/tumblr,5,2018-05-17 02:11:39,3,1,15,0
8jxowh,2018-05-16 19:20:49,73,r/tumblr,5,2018-05-17 04:04:42,4,0,2,0
8jxowh,2018-05-16 19:20:49,73,r/tumblr,5,2018-05-17 02:56:18,1,0,20,0
8jxowh,2018-05-16 19:20:49,73,r/tumblr,5,2018-05-17 02:39:46,1,0,11,0
8jxowh,2018-05-16 19:20:49,73,r/tumblr,5,2018-05-17 03:14:51,1,0,2,0
8jxowh,2018-05-16 19:20:49,73,r/tumblr,5,2018-05-17 04:06:24,1,0,2,0
8jxowh,2018-05-16 19:20:49,73,r/tumblr,5,2018-05-17 03:14:42,1,0,1,0
8jxowh,2018-05-16 19:20:49,73,r/tumblr,5,2018-05-17 05:15:29,1,0,1,0
8jxowh,2018-05-16 19:20:49,73,r/tumblr,6,2018-05-16 21:24:23,0,21,969,0
8jxowh,2018-05-16 19:20:49,73,r/tumblr,6,2018-05-16 22:49:41,1,2,337,0
8jxowh,2018-05-16 19:20:49,73,r/tumblr,6,2018-05-16 22:55:03,2,4,300,0
8jxowh,2018-05-16 19:20:49,73,r/tumblr,6,2018-05-17 00:47:22,3,1,81,0
8jxowh,2018-05-16 19:20:49,73,r/tumblr,6,2018-05-17 01:53:04,4,1,54,0
8jxowh,2018-05-16 19:20:49,73,r/tumblr,6,2018-05-17 03:10:52,5,0,9,0
8jxowh,2018-05-16 19:20:49,73,r/tumblr,6,2018-05-17 01:13:38,3,2,49,0
8jxowh,2018-05-16 19:20:49,73,r/tumblr,6,2018-05-17 01:26:55,4,1,10,0
8jxowh,2018-05-16 19:20:49,73,r/tumblr,6,2018-05-17 02:30:09,5,0,27,0
8jxowh,2018-05-16 19:20:49,73,r/tumblr,6,2018-05-17 01:34:28,4,1,10,0
8jxowh,2018-05-16 19:20:49,73,r/tumblr,6,2018-05-17 01:57:46,5,1,29,0
8jxowh,2018-05-16 19:20:49,73,r/tumblr,6,2018-05-17 02:07:02,6,0,9,0
8jxowh,2018-05-16 19:20:49,73,r/tumblr,6,2018-05-17 02:02:29,3,0,10,0
8jxowh,2018-05-16 19:20:49,73,r/tumblr,6,2018-05-17 04:10:06,3,1,-2,0
8jxowh,2018-05-16 19:20:49,73,r/tumblr,6,2018-05-17 04:43:40,4,0,1,0
8jxowh,2018-05-16 19:20:49,73,r/tumblr,6,2018-05-17 00:34:00,2,0,22,0
8jxowh,2018-05-16 19:20:49,73,r/tumblr,6,2018-05-16 23:04:08,1,1,111,0
8jxowh,2018-05-16 19:20:49,73,r/tumblr,6,2018-05-17 03:04:01,2,0,3,0
8jxowh,2018-05-16 19:20:49,73,r/tumblr,6,2018-05-16 23:06:32,1,1,99,0
8jxowh,2018-05-16 19:20:49,73,r/tumblr,6,2018-05-16 23:12:10,2,0,206,0
8jxowh,2018-05-16 19:20:49,73,r/tumblr,6,2018-05-17 01:49:37,1,4,45,0
8jxowh,2018-05-16 19:20:49,73,r/tumblr,6,2018-05-17 01:53:00,2,0,21,0
8jxowh,2018-05-16 19:20:49,73,r/tumblr,6,2018-05-17 02:50:48,2,1,4,0
8jxowh,2018-05-16 19:20:49,73,r/tumblr,6,2018-05-17 03:59:02,3,0,13,0
8jxowh,2018-05-16 19:20:49,73,r/tumblr,6,2018-05-17 02:51:07,2,1,5,0
8jxowh,2018-05-16 19:20:49,73,r/tumblr,6,2018-05-17 04:06:52,3,1,6,0
8jxowh,2018-05-16 19:20:49,73,r/tumblr,6,2018-05-17 04:46:27,4,0,1,0
8jxowh,2018-05-16 19:20:49,73,r/tumblr,6,2018-05-17 04:01:05,2,1,2,0
8jxowh,2018-05-16 19:20:49,73,r/tumblr,6,2018-05-17 04:03:20,3,0,1,0
8jxowh,2018-05-16 19:20:49,73,r/tumblr,6,2018-05-17 01:53:17,1,3,53,0
8jxowh,2018-05-16 19:20:49,73,r/tumblr,6,2018-05-17 01:59:22,2,1,17,0
8jxowh,2018-05-16 19:20:49,73,r/tumblr,6,2018-05-17 03:52:32,3,0,3,0
8jxowh,2018-05-16 19:20:49,73,r/tumblr,6,2018-05-17 03:24:52,2,0,4,0
8jxowh,2018-05-16 19:20:49,73,r/tumblr,6,2018-05-17 05:13:24,2,0,1,0
8jxowh,2018-05-16 19:20:49,73,r/tumblr,6,2018-05-17 01:55:58,1,1,16,0
8jxowh,2018-05-16 19:20:49,73,r/tumblr,6,2018-05-17 02:02:02,2,0,13,0
8jxowh,2018-05-16 19:20:49,73,r/tumblr,6,2018-05-17 02:45:35,1,0,14,0
8jxowh,2018-05-16 19:20:49,73,r/tumblr,6,2018-05-17 00:51:06,1,2,19,0
8jxowh,2018-05-16 19:20:49,73,r/tumblr,6,2018-05-17 02:04:00,2,0,11,0
8jxowh,2018-05-16 19:20:49,73,r/tumblr,6,2018-05-17 05:15:03,2,0,1,0
8jxowh,2018-05-16 19:20:49,73,r/tumblr,6,2018-05-17 01:25:14,1,1,29,0
8jxowh,2018-05-16 19:20:49,73,r/tumblr,6,2018-05-17 01:28:13,2,1,23,0
8jxowh,2018-05-16 19:20:49,73,r/tumblr,6,2018-05-17 01:30:37,3,0,15,0
8jxowh,2018-05-16 19:20:49,73,r/tumblr,6,2018-05-17 01:59:49,1,1,17,0
8jxowh,2018-05-16 19:20:49,73,r/tumblr,6,2018-05-17 02:07:09,2,0,6,0
8jxowh,2018-05-16 19:20:49,73,r/tumblr,6,2018-05-16 23:51:24,1,0,10,0
8jxowh,2018-05-16 19:20:49,73,r/tumblr,6,2018-05-17 03:36:01,1,1,3,0
8jxowh,2018-05-16 19:20:49,73,r/tumblr,6,2018-05-17 04:37:48,2,0,3,0
8jxowh,2018-05-16 19:20:49,73,r/tumblr,6,2018-05-17 04:00:35,1,0,2,0
8jxowh,2018-05-16 19:20:49,73,r/tumblr,6,2018-05-17 03:58:44,1,0,1,0
8jxowh,2018-05-16 19:20:49,73,r/tumblr,6,2018-05-17 03:59:23,1,1,1,0
8jxowh,2018-05-16 19:20:49,73,r/tumblr,6,2018-05-17 04:42:34,2,0,1,0
8jxowh,2018-05-16 19:20:49,73,r/tumblr,6,2018-05-17 04:18:03,1,1,1,0
8jxowh,2018-05-16 19:20:49,73,r/tumblr,6,2018-05-17 04:44:48,2,0,1,0
8jxowh,2018-05-16 19:20:49,73,r/tumblr,6,2018-05-17 02:21:06,1,0,1,0
8jxowh,2018-05-16 19:20:49,73,r/tumblr,6,2018-05-17 02:51:04,1,0,0,0
8jxowh,2018-05-16 19:20:49,73,r/tumblr,6,2018-05-16 23:53:42,1,3,-7,0
8jxowh,2018-05-16 19:20:49,73,r/tumblr,6,2018-05-16 23:58:46,2,0,39,0
8jxowh,2018-05-16 19:20:49,73,r/tumblr,6,2018-05-17 00:03:57,2,1,30,0
8jxowh,2018-05-16 19:20:49,73,r/tumblr,6,2018-05-17 00:12:23,3,2,-7,0
8jxowh,2018-05-16 19:20:49,73,r/tumblr,6,2018-05-17 00:12:28,4,1,8,0
8jxowh,2018-05-16 19:20:49,73,r/tumblr,6,2018-05-17 02:44:26,5,0,1,0
8jxowh,2018-05-16 19:20:49,73,r/tumblr,6,2018-05-17 00:30:00,4,1,5,0
8jxowh,2018-05-16 19:20:49,73,r/tumblr,6,2018-05-17 00:46:44,5,1,1,0
8jxowh,2018-05-16 19:20:49,73,r/tumblr,6,2018-05-17 00:51:00,6,0,3,0
8jxowh,2018-05-16 19:20:49,73,r/tumblr,6,2018-05-16 23:53:56,2,0,6,0
8jxowh,2018-05-16 19:20:49,73,r/tumblr,6,2018-05-17 01:52:13,1,1,-7,0
8jxowh,2018-05-16 19:20:49,73,r/tumblr,6,2018-05-17 01:55:36,2,1,8,0
8jxowh,2018-05-16 19:20:49,73,r/tumblr,6,2018-05-17 02:52:59,3,0,1,0
8jxowh,2018-05-16 19:20:49,73,r/tumblr,6,2018-05-17 01:42:39,1,4,-28,0
8jxowh,2018-05-16 19:20:49,73,r/tumblr,6,2018-05-17 01:59:54,2,0,11,0
8jxowh,2018-05-16 19:20:49,73,r/tumblr,6,2018-05-17 01:45:35,2,0,13,0
8jxowh,2018-05-16 19:20:49,73,r/tumblr,6,2018-05-17 02:34:59,2,0,4,0
8jxowh,2018-05-16 19:20:49,73,r/tumblr,6,2018-05-17 02:53:43,2,0,2,0
8jxowh,2018-05-16 19:20:49,73,r/tumblr,7,2018-05-16 23:56:58,0,7,94,0
8jxowh,2018-05-16 19:20:49,73,r/tumblr,7,2018-05-17 01:04:25,1,0,37,0
8jxowh,2018-05-16 19:20:49,73,r/tumblr,7,2018-05-17 01:41:04,1,0,14,0
8jxowh,2018-05-16 19:20:49,73,r/tumblr,7,2018-05-17 02:34:32,1,0,11,0
8jxowh,2018-05-16 19:20:49,73,r/tumblr,7,2018-05-17 01:54:02,1,0,8,0
8jxowh,2018-05-16 19:20:49,73,r/tumblr,7,2018-05-17 02:40:36,1,0,7,0
8jxowh,2018-05-16 19:20:49,73,r/tumblr,7,2018-05-17 03:32:34,1,0,3,0
8jxowh,2018-05-16 19:20:49,73,r/tumblr,7,2018-05-17 04:25:57,1,0,1,0
8jxowh,2018-05-16 19:20:49,73,r/tumblr,8,2018-05-16 22:31:19,0,2,45,0
8jxowh,2018-05-16 19:20:49,73,r/tumblr,8,2018-05-17 00:16:05,1,1,15,0
8jxowh,2018-05-16 19:20:49,73,r/tumblr,8,2018-05-17 01:42:10,2,0,9,0
8jxowh,2018-05-16 19:20:49,73,r/tumblr,8,2018-05-17 03:45:24,1,0,4,0
8jxowh,2018-05-16 19:20:49,73,r/tumblr,9,2018-05-16 22:50:23,0,3,38,0
8jxowh,2018-05-16 19:20:49,73,r/tumblr,9,2018-05-17 01:54:05,1,0,21,0
8jxowh,2018-05-16 19:20:49,73,r/tumblr,9,2018-05-17 02:14:47,1,0,3,0
8jxowh,2018-05-16 19:20:49,73,r/tumblr,9,2018-05-17 04:59:50,1,0,1,0
8jxowh,2018-05-16 19:20:49,73,r/tumblr,10,2018-05-17 00:05:01,0,5,15,0
8jxowh,2018-05-16 19:20:49,73,r/tumblr,10,2018-05-17 00:10:40,1,3,13,0
8jxowh,2018-05-16 19:20:49,73,r/tumblr,10,2018-05-17 00:30:45,2,2,21,0
8jxowh,2018-05-16 19:20:49,73,r/tumblr,10,2018-05-17 00:50:31,3,1,4,0
8jxowh,2018-05-16 19:20:49,73,r/tumblr,10,2018-05-17 02:32:04,4,1,5,0
8jxowh,2018-05-16 19:20:49,73,r/tumblr,10,2018-05-17 02:48:28,5,1,4,0
8jxowh,2018-05-16 19:20:49,73,r/tumblr,10,2018-05-17 04:12:06,6,0,1,0
8jxowh,2018-05-16 19:20:49,73,r/tumblr,10,2018-05-17 03:00:03,3,0,1,0
8jxowh,2018-05-16 19:20:49,73,r/tumblr,10,2018-05-17 00:17:57,2,0,8,0
8jxowh,2018-05-16 19:20:49,73,r/tumblr,10,2018-05-17 00:17:37,2,1,4,0
8jxowh,2018-05-16 19:20:49,73,r/tumblr,10,2018-05-17 01:10:55,3,0,5,0
8jxowh,2018-05-16 19:20:49,73,r/tumblr,10,2018-05-17 02:47:04,1,0,2,0
8jxowh,2018-05-16 19:20:49,73,r/tumblr,10,2018-05-17 02:40:37,1,0,1,0
8jxowh,2018-05-16 19:20:49,73,r/tumblr,10,2018-05-17 02:57:03,1,0,1,0
8jxowh,2018-05-16 19:20:49,73,r/tumblr,10,2018-05-17 04:33:11,1,0,1,0
8jxowh,2018-05-16 19:20:49,73,r/tumblr,11,2018-05-16 22:05:19,0,8,93,0
8jxowh,2018-05-16 19:20:49,73,r/tumblr,11,2018-05-16 23:16:10,1,2,53,0
8jxowh,2018-05-16 19:20:49,73,r/tumblr,11,2018-05-16 23:52:25,2,2,29,0
8jxowh,2018-05-16 19:20:49,73,r/tumblr,11,2018-05-17 00:24:00,3,3,7,0
8jxowh,2018-05-16 19:20:49,73,r/tumblr,11,2018-05-17 02:18:02,4,0,7,0
8jxowh,2018-05-16 19:20:49,73,r/tumblr,11,2018-05-17 02:41:34,4,0,3,0
8jxowh,2018-05-16 19:20:49,73,r/tumblr,11,2018-05-17 03:49:46,4,1,2,0
8jxowh,2018-05-16 19:20:49,73,r/tumblr,11,2018-05-17 04:40:52,5,0,1,0
8jxowh,2018-05-16 19:20:49,73,r/tumblr,11,2018-05-17 02:41:38,3,1,2,0
8jxowh,2018-05-16 19:20:49,73,r/tumblr,11,2018-05-17 03:54:32,4,0,1,0
8jxowh,2018-05-16 19:20:49,73,r/tumblr,11,2018-05-17 00:50:48,2,0,6,0
8jxowh,2018-05-16 19:20:49,73,r/tumblr,11,2018-05-16 23:45:30,1,1,37,0
8jxowh,2018-05-16 19:20:49,73,r/tumblr,11,2018-05-17 01:54:07,2,0,3,0
8jxowh,2018-05-16 19:20:49,73,r/tumblr,11,2018-05-16 22:24:03,1,0,39,0
8jxowh,2018-05-16 19:20:49,73,r/tumblr,11,2018-05-17 00:13:59,1,2,10,0
8jxowh,2018-05-16 19:20:49,73,r/tumblr,11,2018-05-17 01:03:58,2,0,4,0
8jxowh,2018-05-16 19:20:49,73,r/tumblr,11,2018-05-17 02:13:51,2,0,3,0
8jxowh,2018-05-16 19:20:49,73,r/tumblr,11,2018-05-16 23:52:36,1,0,7,0
8jxowh,2018-05-16 19:20:49,73,r/tumblr,11,2018-05-17 00:15:06,1,1,8,0
8jxowh,2018-05-16 19:20:49,73,r/tumblr,11,2018-05-17 02:14:08,2,0,2,0
8jxowh,2018-05-16 19:20:49,73,r/tumblr,11,2018-05-17 03:40:59,1,0,1,0
8jxowh,2018-05-16 19:20:49,73,r/tumblr,11,2018-05-17 01:36:47,1,0,-7,0
8jxowh,2018-05-16 19:20:49,73,r/tumblr,12,2018-05-16 20:34:00,0,1,13,0
8jxowh,2018-05-16 19:20:49,73,r/tumblr,12,2018-05-17 01:43:42,1,0,2,0
8jxowh,2018-05-16 19:20:49,73,r/tumblr,13,2018-05-16 22:42:16,0,2,27,0
8jxowh,2018-05-16 19:20:49,73,r/tumblr,13,2018-05-17 00:17:01,1,1,24,0
8jxowh,2018-05-16 19:20:49,73,r/tumblr,13,2018-05-17 01:00:09,2,1,18,0
8jxowh,2018-05-16 19:20:49,73,r/tumblr,13,2018-05-17 01:19:08,3,0,10,0
8jxowh,2018-05-16 19:20:49,73,r/tumblr,13,2018-05-17 00:21:13,1,1,23,0
8jxowh,2018-05-16 19:20:49,73,r/tumblr,13,2018-05-17 01:49:23,2,0,10,0
8jxowh,2018-05-16 19:20:49,73,r/tumblr,14,2018-05-17 01:11:07,0,0,12,0
8jxowh,2018-05-16 19:20:49,73,r/tumblr,15,2018-05-16 23:39:19,0,0,24,0
8jxowh,2018-05-16 19:20:49,73,r/tumblr,16,2018-05-17 00:38:45,0,1,11,0
8jxowh,2018-05-16 19:20:49,73,r/tumblr,16,2018-05-17 01:04:26,1,2,5,0
8jxowh,2018-05-16 19:20:49,73,r/tumblr,16,2018-05-17 02:56:40,2,1,2,0
8jxowh,2018-05-16 19:20:49,73,r/tumblr,16,2018-05-17 03:10:20,3,0,1,0
8jxowh,2018-05-16 19:20:49,73,r/tumblr,16,2018-05-17 03:07:38,2,1,2,0
8jxowh,2018-05-16 19:20:49,73,r/tumblr,16,2018-05-17 03:09:29,3,1,2,0
8jxowh,2018-05-16 19:20:49,73,r/tumblr,16,2018-05-17 03:11:04,4,1,2,0
8jxowh,2018-05-16 19:20:49,73,r/tumblr,16,2018-05-17 03:17:57,5,1,1,0
8jxowh,2018-05-16 19:20:49,73,r/tumblr,16,2018-05-17 03:19:40,6,1,2,0
8jxowh,2018-05-16 19:20:49,73,r/tumblr,16,2018-05-17 03:36:53,7,1,2,0
8jxowh,2018-05-16 19:20:49,73,r/tumblr,16,2018-05-17 03:40:56,8,0,2,0
8jxowh,2018-05-16 19:20:49,73,r/tumblr,17,2018-05-17 01:13:41,0,0,11,0
8jxowh,2018-05-16 19:20:49,73,r/tumblr,18,2018-05-17 00:23:13,0,1,9,0
8jxowh,2018-05-16 19:20:49,73,r/tumblr,18,2018-05-17 03:01:33,1,0,1,0
8jxowh,2018-05-16 19:20:49,73,r/tumblr,19,2018-05-17 01:01:17,0,0,10,0
8jxowh,2018-05-16 19:20:49,73,r/tumblr,20,2018-05-17 01:16:34,0,0,8,0
8jxowh,2018-05-16 19:20:49,73,r/tumblr,21,2018-05-16 23:19:25,0,1,28,0
8jxowh,2018-05-16 19:20:49,73,r/tumblr,21,2018-05-17 04:39:42,1,0,2,0
8jxowh,2018-05-16 19:20:49,73,r/tumblr,22,2018-05-17 01:20:05,0,1,9,0
8jxowh,2018-05-16 19:20:49,73,r/tumblr,22,2018-05-17 03:06:11,1,1,1,0
8jxowh,2018-05-16 19:20:49,73,r/tumblr,22,2018-05-17 03:08:12,2,0,1,0
8jxowh,2018-05-16 19:20:49,73,r/tumblr,23,2018-05-16 20:47:23,0,1,24,0
8jxowh,2018-05-16 19:20:49,73,r/tumblr,23,2018-05-16 23:37:00,1,1,3,0
8jxowh,2018-05-16 19:20:49,73,r/tumblr,23,2018-05-17 00:46:05,2,3,2,0
8jxowh,2018-05-16 19:20:49,73,r/tumblr,23,2018-05-17 01:08:16,3,2,1,0
8jxowh,2018-05-16 19:20:49,73,r/tumblr,23,2018-05-17 01:08:23,4,0,3,0
8jxowh,2018-05-16 19:20:49,73,r/tumblr,23,2018-05-17 01:23:17,4,0,1,0
8jxowh,2018-05-16 19:20:49,73,r/tumblr,23,2018-05-17 01:47:56,3,0,1,0
8jxowh,2018-05-16 19:20:49,73,r/tumblr,23,2018-05-17 05:07:34,3,1,1,0
8jxowh,2018-05-16 19:20:49,73,r/tumblr,23,2018-05-17 05:11:13,4,0,1,0
8jxowh,2018-05-16 19:20:49,73,r/tumblr,24,2018-05-17 00:23:55,0,0,6,0
8jxowh,2018-05-16 19:20:49,73,r/tumblr,25,2018-05-17 01:58:46,0,0,6,0
8jxowh,2018-05-16 19:20:49,73,r/tumblr,26,2018-05-17 02:02:18,0,0,5,0
8jxowh,2018-05-16 19:20:49,73,r/tumblr,27,2018-05-16 23:08:32,0,1,17,0
8jxowh,2018-05-16 19:20:49,73,r/tumblr,27,2018-05-17 01:19:39,1,0,6,0
8jxowh,2018-05-16 19:20:49,73,r/tumblr,28,2018-05-17 00:31:03,0,0,9,0
8jxowh,2018-05-16 19:20:49,73,r/tumblr,29,2018-05-17 00:03:44,0,2,8,0
8jxowh,2018-05-16 19:20:49,73,r/tumblr,29,2018-05-17 02:30:00,1,0,3,0
8jxowh,2018-05-16 19:20:49,73,r/tumblr,29,2018-05-17 04:37:38,1,0,2,0
8jxowh,2018-05-16 19:20:49,73,r/tumblr,30,2018-05-17 00:51:52,0,0,3,0
8jxowh,2018-05-16 19:20:49,73,r/tumblr,31,2018-05-17 01:21:30,0,0,4,0
8jxowh,2018-05-16 19:20:49,73,r/tumblr,32,2018-05-17 02:05:24,0,0,4,0
8jxowh,2018-05-16 19:20:49,73,r/tumblr,33,2018-05-17 02:48:35,0,0,5,0
8jxowh,2018-05-16 19:20:49,73,r/tumblr,34,2018-05-16 23:49:24,0,1,7,0
8jxowh,2018-05-16 19:20:49,73,r/tumblr,34,2018-05-17 03:53:22,1,0,2,0
8jxowh,2018-05-16 19:20:49,73,r/tumblr,35,2018-05-17 00:59:38,0,0,3,0
8jxowh,2018-05-16 19:20:49,73,r/tumblr,36,2018-05-17 02:13:19,0,0,3,0
8jxowh,2018-05-16 19:20:49,73,r/tumblr,37,2018-05-17 02:50:38,0,0,3,0
8jxowh,2018-05-16 19:20:49,73,r/tumblr,38,2018-05-17 04:06:35,0,0,3,0
8jxowh,2018-05-16 19:20:49,73,r/tumblr,39,2018-05-17 02:28:39,0,0,6,0
8jxowh,2018-05-16 19:20:49,73,r/tumblr,40,2018-05-17 00:15:31,0,0,2,0
8jxowh,2018-05-16 19:20:49,73,r/tumblr,41,2018-05-17 00:21:22,0,0,2,0
8jxowh,2018-05-16 19:20:49,73,r/tumblr,42,2018-05-17 01:24:12,0,0,2,0
8jxowh,2018-05-16 19:20:49,73,r/tumblr,43,2018-05-17 01:39:01,0,0,2,0
8jxowh,2018-05-16 19:20:49,73,r/tumblr,44,2018-05-17 02:00:49,0,0,2,0
8jxowh,2018-05-16 19:20:49,73,r/tumblr,45,2018-05-17 02:02:48,0,0,2,0
8jxowh,2018-05-16 19:20:49,73,r/tumblr,46,2018-05-17 02:20:39,0,1,2,0
8jxowh,2018-05-16 19:20:49,73,r/tumblr,46,2018-05-17 02:44:14,1,0,2,0
8jxowh,2018-05-16 19:20:49,73,r/tumblr,47,2018-05-17 02:38:51,0,0,2,0
8jxowh,2018-05-16 19:20:49,73,r/tumblr,48,2018-05-17 02:42:41,0,0,2,0
8jxowh,2018-05-16 19:20:49,73,r/tumblr,49,2018-05-17 03:12:01,0,0,2,0
8jxowh,2018-05-16 19:20:49,73,r/tumblr,50,2018-05-17 03:14:24,0,0,2,0
8jxowh,2018-05-16 19:20:49,73,r/tumblr,51,2018-05-17 03:57:48,0,0,2,0
8jxowh,2018-05-16 19:20:49,73,r/tumblr,52,2018-05-17 04:18:56,0,0,2,0
8jxowh,2018-05-16 19:20:49,73,r/tumblr,53,2018-05-17 04:19:33,0,0,2,0
8jxowh,2018-05-16 19:20:49,73,r/tumblr,54,2018-05-17 04:23:53,0,0,2,0
8jxowh,2018-05-16 19:20:49,73,r/tumblr,55,2018-05-17 04:23:55,0,0,2,0
8jxowh,2018-05-16 19:20:49,73,r/tumblr,56,2018-05-17 04:34:05,0,0,2,0
8jxowh,2018-05-16 19:20:49,73,r/tumblr,57,2018-05-17 04:36:46,0,0,2,0
8jxowh,2018-05-16 19:20:49,73,r/tumblr,58,2018-05-17 00:57:50,0,0,2,0
8jxowh,2018-05-16 19:20:49,73,r/tumblr,59,2018-05-16 21:54:30,0,0,1,0
8jxowh,2018-05-16 19:20:49,73,r/tumblr,60,2018-05-17 00:52:50,0,0,1,0
8jxowh,2018-05-16 19:20:49,73,r/tumblr,61,2018-05-17 00:56:50,0,0,1,0
8jxowh,2018-05-16 19:20:49,73,r/tumblr,62,2018-05-17 02:07:37,0,0,1,0
8jxowh,2018-05-16 19:20:49,73,r/tumblr,63,2018-05-17 02:09:31,0,0,1,0
8jxowh,2018-05-16 19:20:49,73,r/tumblr,64,2018-05-17 02:28:16,0,0,1,0
8jxowh,2018-05-16 19:20:49,73,r/tumblr,65,2018-05-17 02:40:45,0,0,1,0
8jxowh,2018-05-16 19:20:49,73,r/tumblr,66,2018-05-17 02:42:23,0,0,1,0
8jxowh,2018-05-16 19:20:49,73,r/tumblr,67,2018-05-17 03:02:08,0,0,1,0
8jxowh,2018-05-16 19:20:49,73,r/tumblr,68,2018-05-17 03:13:19,0,0,1,0
8jxowh,2018-05-16 19:20:49,73,r/tumblr,69,2018-05-17 03:13:44,0,0,1,0
8jxowh,2018-05-16 19:20:49,73,r/tumblr,70,2018-05-17 03:19:19,0,0,1,0
8jxowh,2018-05-16 19:20:49,73,r/tumblr,71,2018-05-17 03:34:15,0,0,1,0
8jxowh,2018-05-16 19:20:49,73,r/tumblr,72,2018-05-17 03:41:35,0,0,1,0
8jxowh,2018-05-16 19:20:49,73,r/tumblr,73,2018-05-17 03:43:58,0,0,1,0
8jxowh,2018-05-16 19:20:49,73,r/tumblr,74,2018-05-17 03:46:20,0,0,1,0
8jxowh,2018-05-16 19:20:49,73,r/tumblr,75,2018-05-17 03:50:23,0,0,1,0
8jxowh,2018-05-16 19:20:49,73,r/tumblr,76,2018-05-17 04:00:08,0,0,1,0
8jxowh,2018-05-16 19:20:49,73,r/tumblr,77,2018-05-17 04:28:20,0,0,1,0
8jxowh,2018-05-16 19:20:49,73,r/tumblr,78,2018-05-17 04:34:00,0,0,1,0
8jxowh,2018-05-16 19:20:49,73,r/tumblr,79,2018-05-17 04:42:37,0,0,1,0
8jxowh,2018-05-16 19:20:49,73,r/tumblr,80,2018-05-17 04:48:34,0,0,1,0
8jxowh,2018-05-16 19:20:49,73,r/tumblr,81,2018-05-17 04:48:58,0,0,1,0
8jxowh,2018-05-16 19:20:49,73,r/tumblr,82,2018-05-17 05:00:57,0,0,1,0
8jxowh,2018-05-16 19:20:49,73,r/tumblr,83,2018-05-17 05:01:16,0,0,1,0
8jxowh,2018-05-16 19:20:49,73,r/tumblr,84,2018-05-17 05:01:42,0,0,1,0
8jxowh,2018-05-16 19:20:49,73,r/tumblr,85,2018-05-17 05:06:32,0,0,1,0
8jxowh,2018-05-16 19:20:49,73,r/tumblr,86,2018-05-17 05:06:47,0,0,1,0
8jxowh,2018-05-16 19:20:49,73,r/tumblr,87,2018-05-17 01:33:31,0,0,1,0
8jxowh,2018-05-16 19:20:49,73,r/tumblr,88,2018-05-17 02:28:49,0,0,1,0
8jxowh,2018-05-16 19:20:49,73,r/tumblr,89,2018-05-17 01:03:52,0,0,0,0
8jxowh,2018-05-16 19:20:49,73,r/tumblr,90,2018-05-17 00:45:45,0,0,-13,0
8jxowh,2018-05-16 19:20:49,73,r/tumblr,91,2018-05-17 01:35:34,0,0,-10,0
8jxowh,2018-05-16 19:20:49,73,r/tumblr,92,2018-05-17 02:39:12,0,0,-5,0
8jxowh,2018-05-16 19:20:49,73,r/tumblr,93,2018-05-16 23:50:45,0,0,-25,0
8jzye7,2018-05-17 00:33:34,74,r/aww,0,2018-05-17 01:09:04,0,3,187,0
8jzye7,2018-05-17 00:33:34,74,r/aww,0,2018-05-17 04:37:43,1,0,30,0
8jzye7,2018-05-17 00:33:34,74,r/aww,0,2018-05-17 04:51:25,1,0,12,0
8jzye7,2018-05-17 00:33:34,74,r/aww,0,2018-05-17 04:51:33,1,0,6,0
8jzye7,2018-05-17 00:33:34,74,r/aww,1,2018-05-17 02:07:23,0,0,41,0
8jzye7,2018-05-17 00:33:34,74,r/aww,2,2018-05-17 02:03:27,0,1,19,0
8jzye7,2018-05-17 00:33:34,74,r/aww,2,2018-05-17 05:03:22,1,0,-2,0
8jzye7,2018-05-17 00:33:34,74,r/aww,3,2018-05-17 03:40:12,0,0,18,0
8jzye7,2018-05-17 00:33:34,74,r/aww,4,2018-05-17 03:29:13,0,0,6,0
8jzye7,2018-05-17 00:33:34,74,r/aww,5,2018-05-17 04:49:35,0,0,7,0
8jzye7,2018-05-17 00:33:34,74,r/aww,6,2018-05-17 04:37:20,0,0,7,0
8jzye7,2018-05-17 00:33:34,74,r/aww,7,2018-05-17 04:13:25,0,0,6,0
8jzye7,2018-05-17 00:33:34,74,r/aww,8,2018-05-17 04:03:04,0,1,4,0
8jzye7,2018-05-17 00:33:34,74,r/aww,8,2018-05-17 04:39:55,1,2,-7,0
8jzye7,2018-05-17 00:33:34,74,r/aww,8,2018-05-17 04:51:28,2,0,4,0
8jzye7,2018-05-17 00:33:34,74,r/aww,8,2018-05-17 05:09:47,2,0,1,0
8jzye7,2018-05-17 00:33:34,74,r/aww,9,2018-05-17 04:31:22,0,0,3,0
8jzye7,2018-05-17 00:33:34,74,r/aww,10,2018-05-17 04:52:50,0,0,3,0
8jzye7,2018-05-17 00:33:34,74,r/aww,11,2018-05-17 04:45:01,0,1,2,0
8jzye7,2018-05-17 00:33:34,74,r/aww,11,2018-05-17 05:03:46,1,0,6,0
8jzye7,2018-05-17 00:33:34,74,r/aww,12,2018-05-17 03:41:48,0,1,2,0
8jzye7,2018-05-17 00:33:34,74,r/aww,12,2018-05-17 05:18:06,1,0,1,0
8jzye7,2018-05-17 00:33:34,74,r/aww,13,2018-05-17 04:24:12,0,0,1,0
8jzye7,2018-05-17 00:33:34,74,r/aww,14,2018-05-17 04:34:13,0,1,2,0
8jzye7,2018-05-17 00:33:34,74,r/aww,14,2018-05-17 05:09:19,1,1,2,0
8jzye7,2018-05-17 00:33:34,74,r/aww,14,2018-05-17 05:13:46,2,0,3,0
8jzye7,2018-05-17 00:33:34,74,r/aww,15,2018-05-17 04:50:23,0,0,1,0
8jzye7,2018-05-17 00:33:34,74,r/aww,16,2018-05-17 04:55:47,0,0,1,0
8jzye7,2018-05-17 00:33:34,74,r/aww,17,2018-05-17 04:58:02,0,0,1,0
8jzye7,2018-05-17 00:33:34,74,r/aww,18,2018-05-17 05:03:19,0,0,1,0
8jzye7,2018-05-17 00:33:34,74,r/aww,19,2018-05-17 05:12:42,0,0,1,0
8jzye7,2018-05-17 00:33:34,74,r/aww,20,2018-05-17 05:14:43,0,0,1,0
8jzye7,2018-05-17 00:33:34,74,r/aww,21,2018-05-17 05:21:17,0,0,1,0
8jzye7,2018-05-17 00:33:34,74,r/aww,22,2018-05-17 03:51:46,0,1,1,0
8jzye7,2018-05-17 00:33:34,74,r/aww,22,2018-05-17 04:24:35,1,1,4,0
8jzye7,2018-05-17 00:33:34,74,r/aww,22,2018-05-17 04:28:20,2,1,2,0
8jzye7,2018-05-17 00:33:34,74,r/aww,22,2018-05-17 05:03:03,3,0,1,0
8jzye7,2018-05-17 00:33:34,74,r/aww,23,2018-05-17 05:04:00,0,2,0,0
8jzye7,2018-05-17 00:33:34,74,r/aww,23,2018-05-17 05:15:53,1,1,3,0
8jzye7,2018-05-17 00:33:34,74,r/aww,23,2018-05-17 05:20:48,2,0,1,0
8jzye7,2018-05-17 00:33:34,74,r/aww,23,2018-05-17 05:16:20,1,0,3,0
8jzmxn,2018-05-16 23:45:59,75,r/FortNiteBR,0,2018-05-16 23:49:37,0,8,940,0
8jzmxn,2018-05-16 23:45:59,75,r/FortNiteBR,0,2018-05-17 01:28:39,1,2,212,0
8jzmxn,2018-05-16 23:45:59,75,r/FortNiteBR,0,2018-05-17 01:29:20,2,2,90,0
8jzmxn,2018-05-16 23:45:59,75,r/FortNiteBR,0,2018-05-17 01:46:58,3,2,99,0
8jzmxn,2018-05-16 23:45:59,75,r/FortNiteBR,0,2018-05-17 02:01:16,4,1,73,0
8jzmxn,2018-05-16 23:45:59,75,r/FortNiteBR,0,2018-05-17 03:58:43,5,1,8,0
8jzmxn,2018-05-16 23:45:59,75,r/FortNiteBR,0,2018-05-17 04:18:54,6,0,4,0
8jzmxn,2018-05-16 23:45:59,75,r/FortNiteBR,0,2018-05-17 05:13:02,4,0,0,0
8jzmxn,2018-05-16 23:45:59,75,r/FortNiteBR,0,2018-05-17 01:48:24,3,1,11,0
8jzmxn,2018-05-16 23:45:59,75,r/FortNiteBR,0,2018-05-17 02:13:13,4,1,5,0
8jzmxn,2018-05-16 23:45:59,75,r/FortNiteBR,0,2018-05-17 02:47:54,5,1,1,0
8jzmxn,2018-05-16 23:45:59,75,r/FortNiteBR,0,2018-05-17 02:48:28,6,1,-2,0
8jzmxn,2018-05-16 23:45:59,75,r/FortNiteBR,0,2018-05-17 02:52:22,7,1,1,0
8jzmxn,2018-05-16 23:45:59,75,r/FortNiteBR,0,2018-05-17 02:53:35,8,0,2,0
8jzmxn,2018-05-16 23:45:59,75,r/FortNiteBR,0,2018-05-17 04:01:46,2,0,2,0
8jzmxn,2018-05-16 23:45:59,75,r/FortNiteBR,0,2018-05-17 02:31:30,1,1,173,0
8jzmxn,2018-05-16 23:45:59,75,r/FortNiteBR,0,2018-05-17 04:32:32,2,1,14,0
8jzmxn,2018-05-16 23:45:59,75,r/FortNiteBR,0,2018-05-17 05:00:36,3,1,1,0
8jzmxn,2018-05-16 23:45:59,75,r/FortNiteBR,0,2018-05-17 05:03:11,4,0,1,0
8jzmxn,2018-05-16 23:45:59,75,r/FortNiteBR,0,2018-05-17 02:35:15,1,0,37,0
8jzmxn,2018-05-16 23:45:59,75,r/FortNiteBR,0,2018-05-17 04:14:31,1,0,9,0
8jzmxn,2018-05-16 23:45:59,75,r/FortNiteBR,0,2018-05-17 03:47:52,1,0,2,0
8jzmxn,2018-05-16 23:45:59,75,r/FortNiteBR,0,2018-05-17 05:17:55,1,0,1,0
8jzmxn,2018-05-16 23:45:59,75,r/FortNiteBR,0,2018-05-17 04:39:03,1,0,0,0
8jzmxn,2018-05-16 23:45:59,75,r/FortNiteBR,0,2018-05-17 02:38:51,1,0,-5,0
8jzmxn,2018-05-16 23:45:59,75,r/FortNiteBR,1,2018-05-17 00:51:27,0,2,419,0
8jzmxn,2018-05-16 23:45:59,75,r/FortNiteBR,1,2018-05-17 03:08:38,1,1,34,0
8jzmxn,2018-05-16 23:45:59,75,r/FortNiteBR,1,2018-05-17 04:15:06,2,1,7,0
8jzmxn,2018-05-16 23:45:59,75,r/FortNiteBR,1,2018-05-17 04:41:13,3,0,3,0
8jzmxn,2018-05-16 23:45:59,75,r/FortNiteBR,1,2018-05-17 04:48:49,1,0,4,0
8jzmxn,2018-05-16 23:45:59,75,r/FortNiteBR,2,2018-05-17 01:29:16,0,2,178,0
8jzmxn,2018-05-16 23:45:59,75,r/FortNiteBR,2,2018-05-17 04:18:14,1,0,18,0
8jzmxn,2018-05-16 23:45:59,75,r/FortNiteBR,2,2018-05-17 04:14:59,1,1,4,0
8jzmxn,2018-05-16 23:45:59,75,r/FortNiteBR,2,2018-05-17 04:18:38,2,0,4,0
8jzmxn,2018-05-16 23:45:59,75,r/FortNiteBR,3,2018-05-17 02:34:59,0,4,24,0
8jzmxn,2018-05-16 23:45:59,75,r/FortNiteBR,3,2018-05-17 04:14:36,1,0,6,0
8jzmxn,2018-05-16 23:45:59,75,r/FortNiteBR,3,2018-05-17 04:48:50,1,0,2,0
8jzmxn,2018-05-16 23:45:59,75,r/FortNiteBR,3,2018-05-17 05:08:25,1,0,0,0
8jzmxn,2018-05-16 23:45:59,75,r/FortNiteBR,3,2018-05-17 05:13:57,1,2,0,0
8jzmxn,2018-05-16 23:45:59,75,r/FortNiteBR,3,2018-05-17 05:16:44,2,0,1,0
8jzmxn,2018-05-16 23:45:59,75,r/FortNiteBR,3,2018-05-17 05:18:26,2,0,1,0
8jzmxn,2018-05-16 23:45:59,75,r/FortNiteBR,4,2018-05-17 02:46:41,0,0,18,0
8jzmxn,2018-05-16 23:45:59,75,r/FortNiteBR,5,2018-05-17 00:58:36,0,0,35,0
8jzmxn,2018-05-16 23:45:59,75,r/FortNiteBR,6,2018-05-16 23:48:52,0,0,34,0
8jzmxn,2018-05-16 23:45:59,75,r/FortNiteBR,7,2018-05-17 02:49:08,0,0,24,0
8jzmxn,2018-05-16 23:45:59,75,r/FortNiteBR,8,2018-05-17 04:24:24,0,0,5,0
8jzmxn,2018-05-16 23:45:59,75,r/FortNiteBR,9,2018-05-17 02:32:01,0,3,19,0
8jzmxn,2018-05-16 23:45:59,75,r/FortNiteBR,9,2018-05-17 03:09:33,1,2,7,0
8jzmxn,2018-05-16 23:45:59,75,r/FortNiteBR,9,2018-05-17 04:00:38,2,0,4,0
8jzmxn,2018-05-16 23:45:59,75,r/FortNiteBR,9,2018-05-17 04:22:10,2,1,3,0
8jzmxn,2018-05-16 23:45:59,75,r/FortNiteBR,9,2018-05-17 04:27:25,3,1,1,0
8jzmxn,2018-05-16 23:45:59,75,r/FortNiteBR,9,2018-05-17 04:36:16,4,0,2,0
8jzmxn,2018-05-16 23:45:59,75,r/FortNiteBR,9,2018-05-17 03:34:04,1,1,6,0
8jzmxn,2018-05-16 23:45:59,75,r/FortNiteBR,9,2018-05-17 05:12:44,2,0,1,0
8jzmxn,2018-05-16 23:45:59,75,r/FortNiteBR,9,2018-05-17 04:30:58,1,0,1,0
8jzmxn,2018-05-16 23:45:59,75,r/FortNiteBR,10,2018-05-17 02:38:47,0,1,5,0
8jzmxn,2018-05-16 23:45:59,75,r/FortNiteBR,10,2018-05-17 04:53:22,1,1,1,0
8jzmxn,2018-05-16 23:45:59,75,r/FortNiteBR,10,2018-05-17 05:15:34,2,0,1,0
8jzmxn,2018-05-16 23:45:59,75,r/FortNiteBR,11,2018-05-17 04:01:17,0,0,4,0
8jzmxn,2018-05-16 23:45:59,75,r/FortNiteBR,12,2018-05-17 04:25:43,0,0,4,0
8jzmxn,2018-05-16 23:45:59,75,r/FortNiteBR,13,2018-05-17 04:46:01,0,0,4,0
8jzmxn,2018-05-16 23:45:59,75,r/FortNiteBR,14,2018-05-17 00:59:07,0,0,6,0
8jzmxn,2018-05-16 23:45:59,75,r/FortNiteBR,15,2018-05-17 01:39:47,0,1,9,0
8jzmxn,2018-05-16 23:45:59,75,r/FortNiteBR,15,2018-05-17 04:26:35,1,0,3,0
8jzmxn,2018-05-16 23:45:59,75,r/FortNiteBR,16,2018-05-17 02:23:06,0,0,3,0
8jzmxn,2018-05-16 23:45:59,75,r/FortNiteBR,17,2018-05-17 03:49:38,0,0,3,0
8jzmxn,2018-05-16 23:45:59,75,r/FortNiteBR,18,2018-05-17 04:34:47,0,1,3,0
8jzmxn,2018-05-16 23:45:59,75,r/FortNiteBR,18,2018-05-17 04:40:56,1,1,1,0
8jzmxn,2018-05-16 23:45:59,75,r/FortNiteBR,18,2018-05-17 04:44:41,2,0,1,0
8jzmxn,2018-05-16 23:45:59,75,r/FortNiteBR,19,2018-05-17 04:47:38,0,0,3,0
8jzmxn,2018-05-16 23:45:59,75,r/FortNiteBR,20,2018-05-17 00:12:33,0,0,18,0
8jzmxn,2018-05-16 23:45:59,75,r/FortNiteBR,21,2018-05-17 03:29:48,0,2,6,0
8jzmxn,2018-05-16 23:45:59,75,r/FortNiteBR,21,2018-05-17 03:48:53,1,0,9,0
8jzmxn,2018-05-16 23:45:59,75,r/FortNiteBR,21,2018-05-17 04:44:00,1,0,4,0
8jzmxn,2018-05-16 23:45:59,75,r/FortNiteBR,22,2018-05-17 05:07:21,0,0,2,0
8jzmxn,2018-05-16 23:45:59,75,r/FortNiteBR,23,2018-05-17 03:16:10,0,0,5,0
8jzmxn,2018-05-16 23:45:59,75,r/FortNiteBR,24,2018-05-17 03:31:35,0,0,2,0
8jzmxn,2018-05-16 23:45:59,75,r/FortNiteBR,25,2018-05-17 03:18:13,0,0,1,0
8jzmxn,2018-05-16 23:45:59,75,r/FortNiteBR,26,2018-05-17 03:19:57,0,0,1,0
8jzmxn,2018-05-16 23:45:59,75,r/FortNiteBR,27,2018-05-17 03:27:04,0,0,1,0
8jzmxn,2018-05-16 23:45:59,75,r/FortNiteBR,28,2018-05-17 03:32:18,0,0,1,0
8jzmxn,2018-05-16 23:45:59,75,r/FortNiteBR,29,2018-05-17 03:38:12,0,0,1,0
8jzmxn,2018-05-16 23:45:59,75,r/FortNiteBR,30,2018-05-17 03:42:17,0,0,1,0
8jzmxn,2018-05-16 23:45:59,75,r/FortNiteBR,31,2018-05-17 03:44:43,0,0,1,0
8jzmxn,2018-05-16 23:45:59,75,r/FortNiteBR,32,2018-05-17 03:53:08,0,0,1,0
8jzmxn,2018-05-16 23:45:59,75,r/FortNiteBR,33,2018-05-17 03:54:39,0,0,1,0
8jzmxn,2018-05-16 23:45:59,75,r/FortNiteBR,34,2018-05-17 04:11:38,0,0,1,0
8jzmxn,2018-05-16 23:45:59,75,r/FortNiteBR,35,2018-05-17 04:13:01,0,0,1,0
8jzmxn,2018-05-16 23:45:59,75,r/FortNiteBR,36,2018-05-17 04:14:29,0,0,1,0
8jzmxn,2018-05-16 23:45:59,75,r/FortNiteBR,37,2018-05-17 04:18:28,0,0,1,0
8jzmxn,2018-05-16 23:45:59,75,r/FortNiteBR,38,2018-05-17 04:25:50,0,0,1,0
8jzmxn,2018-05-16 23:45:59,75,r/FortNiteBR,39,2018-05-17 04:31:41,0,0,1,0
8jzmxn,2018-05-16 23:45:59,75,r/FortNiteBR,40,2018-05-17 04:39:49,0,0,1,0
8jzmxn,2018-05-16 23:45:59,75,r/FortNiteBR,41,2018-05-17 04:42:03,0,0,1,0
8jzmxn,2018-05-16 23:45:59,75,r/FortNiteBR,42,2018-05-17 04:43:42,0,0,1,0
8jzmxn,2018-05-16 23:45:59,75,r/FortNiteBR,43,2018-05-17 04:47:07,0,0,1,0
8jzmxn,2018-05-16 23:45:59,75,r/FortNiteBR,44,2018-05-17 04:47:39,0,0,1,0
8jzmxn,2018-05-16 23:45:59,75,r/FortNiteBR,45,2018-05-17 04:47:50,0,0,1,0
8jzmxn,2018-05-16 23:45:59,75,r/FortNiteBR,46,2018-05-17 04:49:43,0,0,1,0
8jzmxn,2018-05-16 23:45:59,75,r/FortNiteBR,47,2018-05-17 04:49:54,0,0,1,0
8jzmxn,2018-05-16 23:45:59,75,r/FortNiteBR,48,2018-05-17 04:49:55,0,0,1,0
8jzmxn,2018-05-16 23:45:59,75,r/FortNiteBR,49,2018-05-17 04:50:21,0,0,1,0
8jzmxn,2018-05-16 23:45:59,75,r/FortNiteBR,50,2018-05-17 04:50:23,0,0,1,0
8jzmxn,2018-05-16 23:45:59,75,r/FortNiteBR,51,2018-05-17 04:54:20,0,0,1,0
8jzmxn,2018-05-16 23:45:59,75,r/FortNiteBR,52,2018-05-17 04:55:21,0,0,1,0
8jzmxn,2018-05-16 23:45:59,75,r/FortNiteBR,53,2018-05-17 04:56:06,0,0,1,0
8jzmxn,2018-05-16 23:45:59,75,r/FortNiteBR,54,2018-05-17 04:56:24,0,0,1,0
8jzmxn,2018-05-16 23:45:59,75,r/FortNiteBR,55,2018-05-17 04:56:26,0,0,1,0
8jzmxn,2018-05-16 23:45:59,75,r/FortNiteBR,56,2018-05-17 04:59:22,0,0,1,0
8jzmxn,2018-05-16 23:45:59,75,r/FortNiteBR,57,2018-05-17 05:00:16,0,0,1,0
8jzmxn,2018-05-16 23:45:59,75,r/FortNiteBR,58,2018-05-17 05:02:04,0,0,1,0
8jzmxn,2018-05-16 23:45:59,75,r/FortNiteBR,59,2018-05-17 05:02:40,0,0,1,0
8jzmxn,2018-05-16 23:45:59,75,r/FortNiteBR,60,2018-05-17 05:03:07,0,0,1,0
8jzmxn,2018-05-16 23:45:59,75,r/FortNiteBR,61,2018-05-17 05:06:12,0,0,1,0
8jzmxn,2018-05-16 23:45:59,75,r/FortNiteBR,62,2018-05-17 05:08:33,0,0,1,0
8jzmxn,2018-05-16 23:45:59,75,r/FortNiteBR,63,2018-05-17 05:09:27,0,0,1,0
8jzmxn,2018-05-16 23:45:59,75,r/FortNiteBR,64,2018-05-17 05:09:57,0,0,1,0
8jzmxn,2018-05-16 23:45:59,75,r/FortNiteBR,65,2018-05-17 05:10:35,0,0,1,0
8jzmxn,2018-05-16 23:45:59,75,r/FortNiteBR,66,2018-05-17 05:11:48,0,0,1,0
8jzmxn,2018-05-16 23:45:59,75,r/FortNiteBR,67,2018-05-17 05:13:07,0,0,1,0
8jzmxn,2018-05-16 23:45:59,75,r/FortNiteBR,68,2018-05-17 05:14:43,0,0,1,0
8jzmxn,2018-05-16 23:45:59,75,r/FortNiteBR,69,2018-05-17 05:15:42,0,0,1,0
8jzmxn,2018-05-16 23:45:59,75,r/FortNiteBR,70,2018-05-17 05:16:34,0,0,1,0
8jzmxn,2018-05-16 23:45:59,75,r/FortNiteBR,71,2018-05-17 05:16:36,0,0,1,0
8jzmxn,2018-05-16 23:45:59,75,r/FortNiteBR,72,2018-05-17 05:20:44,0,0,1,0
8jzmxn,2018-05-16 23:45:59,75,r/FortNiteBR,73,2018-05-16 23:48:43,0,0,1,0
8jzmxn,2018-05-16 23:45:59,75,r/FortNiteBR,74,2018-05-17 00:51:55,0,0,0,0
8jzmxn,2018-05-16 23:45:59,75,r/FortNiteBR,75,2018-05-17 02:19:09,0,0,2,0
8jzmxn,2018-05-16 23:45:59,75,r/FortNiteBR,76,2018-05-17 04:35:49,0,0,1,0
8jzmxn,2018-05-16 23:45:59,75,r/FortNiteBR,77,2018-05-17 01:30:30,0,0,1,0
8jzmxn,2018-05-16 23:45:59,75,r/FortNiteBR,78,2018-05-17 04:08:19,0,0,1,0
8jzmxn,2018-05-16 23:45:59,75,r/FortNiteBR,79,2018-05-17 02:09:32,0,0,0,0
8jzmxn,2018-05-16 23:45:59,75,r/FortNiteBR,80,2018-05-17 01:57:59,0,0,0,0
8jzmxn,2018-05-16 23:45:59,75,r/FortNiteBR,81,2018-05-17 03:00:50,0,0,-1,0
8jzmxn,2018-05-16 23:45:59,75,r/FortNiteBR,82,2018-05-17 03:46:55,0,0,-1,0
8jzmxn,2018-05-16 23:45:59,75,r/FortNiteBR,83,2018-05-17 04:04:45,0,0,0,0
8jzmxn,2018-05-16 23:45:59,75,r/FortNiteBR,84,2018-05-17 03:36:51,0,0,-2,0
8jzmxn,2018-05-16 23:45:59,75,r/FortNiteBR,85,2018-05-17 04:01:57,0,0,-3,0
8jzmxn,2018-05-16 23:45:59,75,r/FortNiteBR,86,2018-05-17 02:05:28,0,1,-18,0
8jzmxn,2018-05-16 23:45:59,75,r/FortNiteBR,86,2018-05-17 03:09:05,1,0,3,0
8jzmxn,2018-05-16 23:45:59,75,r/FortNiteBR,87,2018-05-17 03:54:25,0,1,-4,0
8jzmxn,2018-05-16 23:45:59,75,r/FortNiteBR,87,2018-05-17 04:40:26,1,0,2,0
8jzmxn,2018-05-16 23:45:59,75,r/FortNiteBR,88,2018-05-17 02:37:39,0,1,-1,0
8jzmxn,2018-05-16 23:45:59,75,r/FortNiteBR,88,2018-05-17 03:00:21,1,0,4,0
8jzmxn,2018-05-16 23:45:59,75,r/FortNiteBR,89,2018-05-17 04:37:48,0,0,-2,0
8jzmxn,2018-05-16 23:45:59,75,r/FortNiteBR,90,2018-05-17 03:44:05,0,0,-6,0
8jzmxn,2018-05-16 23:45:59,75,r/FortNiteBR,91,2018-05-17 02:16:26,0,0,-9,0
8jzmxn,2018-05-16 23:45:59,75,r/FortNiteBR,92,2018-05-17 04:13:40,0,1,-3,0
8jzmxn,2018-05-16 23:45:59,75,r/FortNiteBR,92,2018-05-17 04:48:12,1,0,1,0
8jzmxn,2018-05-16 23:45:59,75,r/FortNiteBR,93,2018-05-17 03:57:10,0,0,-3,0
8jzmxn,2018-05-16 23:45:59,75,r/FortNiteBR,94,2018-05-17 01:29:33,0,3,-24,0
8jzmxn,2018-05-16 23:45:59,75,r/FortNiteBR,94,2018-05-17 01:30:53,1,0,16,0
8jzmxn,2018-05-16 23:45:59,75,r/FortNiteBR,94,2018-05-17 02:44:20,1,1,5,0
8jzmxn,2018-05-16 23:45:59,75,r/FortNiteBR,94,2018-05-17 03:13:48,2,0,1,0
8jzmxn,2018-05-16 23:45:59,75,r/FortNiteBR,94,2018-05-17 02:12:18,1,0,2,0
8k04vy,2018-05-17 01:01:02,76,r/trashy,0,2018-05-17 01:02:38,0,2,400,0
8k04vy,2018-05-17 01:01:02,76,r/trashy,0,2018-05-17 03:08:02,1,2,137,0
8k04vy,2018-05-17 01:01:02,76,r/trashy,0,2018-05-17 04:16:19,2,0,37,0
8k04vy,2018-05-17 01:01:02,76,r/trashy,0,2018-05-17 04:12:10,2,2,-20,0
8k04vy,2018-05-17 01:01:02,76,r/trashy,0,2018-05-17 05:12:40,3,1,6,0
8k04vy,2018-05-17 01:01:02,76,r/trashy,0,2018-05-17 05:18:11,4,0,0,0
8k04vy,2018-05-17 01:01:02,76,r/trashy,0,2018-05-17 04:16:07,3,2,-1,0
8k04vy,2018-05-17 01:01:02,76,r/trashy,0,2018-05-17 04:16:29,4,0,-2,0
8k04vy,2018-05-17 01:01:02,76,r/trashy,0,2018-05-17 04:30:16,4,0,-2,0
8k04vy,2018-05-17 01:01:02,76,r/trashy,0,2018-05-17 04:13:52,1,0,12,0
8k04vy,2018-05-17 01:01:02,76,r/trashy,1,2018-05-17 02:44:16,0,1,131,0
8k04vy,2018-05-17 01:01:02,76,r/trashy,1,2018-05-17 03:04:02,1,1,36,0
8k04vy,2018-05-17 01:01:02,76,r/trashy,1,2018-05-17 03:31:03,2,0,21,0
8k04vy,2018-05-17 01:01:02,76,r/trashy,2,2018-05-17 04:33:40,0,8,51,0
8k04vy,2018-05-17 01:01:02,76,r/trashy,2,2018-05-17 04:54:56,1,2,29,0
8k04vy,2018-05-17 01:01:02,76,r/trashy,2,2018-05-17 05:08:23,2,1,4,0
8k04vy,2018-05-17 01:01:02,76,r/trashy,2,2018-05-17 05:18:22,3,1,2,0
8k04vy,2018-05-17 01:01:02,76,r/trashy,2,2018-05-17 05:21:04,4,0,1,0
8k04vy,2018-05-17 01:01:02,76,r/trashy,2,2018-05-17 05:21:09,2,0,1,0
8k04vy,2018-05-17 01:01:02,76,r/trashy,2,2018-05-17 04:48:27,1,0,12,0
8k04vy,2018-05-17 01:01:02,76,r/trashy,2,2018-05-17 04:43:38,1,1,39,0
8k04vy,2018-05-17 01:01:02,76,r/trashy,2,2018-05-17 04:50:17,2,2,-20,0
8k04vy,2018-05-17 01:01:02,76,r/trashy,2,2018-05-17 05:02:02,3,1,11,0
8k04vy,2018-05-17 01:01:02,76,r/trashy,2,2018-05-17 05:14:47,4,1,-2,0
8k04vy,2018-05-17 01:01:02,76,r/trashy,2,2018-05-17 05:20:43,5,0,1,0
8k04vy,2018-05-17 01:01:02,76,r/trashy,2,2018-05-17 04:53:47,3,1,-2,0
8k04vy,2018-05-17 01:01:02,76,r/trashy,2,2018-05-17 05:10:23,4,0,1,0
8k04vy,2018-05-17 01:01:02,76,r/trashy,2,2018-05-17 04:54:32,1,1,37,0
8k04vy,2018-05-17 01:01:02,76,r/trashy,2,2018-05-17 05:01:05,2,4,-14,0
8k04vy,2018-05-17 01:01:02,76,r/trashy,2,2018-05-17 05:15:52,3,1,3,0
8k04vy,2018-05-17 01:01:02,76,r/trashy,2,2018-05-17 05:16:58,4,0,2,0
8k04vy,2018-05-17 01:01:02,76,r/trashy,2,2018-05-17 05:10:12,3,3,7,0
8k04vy,2018-05-17 01:01:02,76,r/trashy,2,2018-05-17 05:16:54,4,1,-1,0
8k04vy,2018-05-17 01:01:02,76,r/trashy,2,2018-05-17 05:19:46,5,0,1,0
8k04vy,2018-05-17 01:01:02,76,r/trashy,2,2018-05-17 05:12:51,4,1,-7,0
8k04vy,2018-05-17 01:01:02,76,r/trashy,2,2018-05-17 05:20:53,5,0,1,0
8k04vy,2018-05-17 01:01:02,76,r/trashy,2,2018-05-17 05:17:22,4,0,-3,0
8k04vy,2018-05-17 01:01:02,76,r/trashy,2,2018-05-17 05:08:22,3,1,4,0
8k04vy,2018-05-17 01:01:02,76,r/trashy,2,2018-05-17 05:13:25,4,1,-2,0
8k04vy,2018-05-17 01:01:02,76,r/trashy,2,2018-05-17 05:18:59,5,0,1,0
8k04vy,2018-05-17 01:01:02,76,r/trashy,2,2018-05-17 05:07:11,3,1,-11,0
8k04vy,2018-05-17 01:01:02,76,r/trashy,2,2018-05-17 05:19:00,4,1,1,0
8k04vy,2018-05-17 01:01:02,76,r/trashy,2,2018-05-17 05:19:36,5,0,1,0
8k04vy,2018-05-17 01:01:02,76,r/trashy,2,2018-05-17 04:51:50,1,0,6,0
8k04vy,2018-05-17 01:01:02,76,r/trashy,2,2018-05-17 05:05:58,1,2,3,0
8k04vy,2018-05-17 01:01:02,76,r/trashy,2,2018-05-17 05:20:02,2,0,1,0
8k04vy,2018-05-17 01:01:02,76,r/trashy,2,2018-05-17 05:11:28,2,0,1,0
8k04vy,2018-05-17 01:01:02,76,r/trashy,2,2018-05-17 05:10:16,1,0,4,0
8k04vy,2018-05-17 01:01:02,76,r/trashy,2,2018-05-17 04:49:37,1,3,-18,0
8k04vy,2018-05-17 01:01:02,76,r/trashy,2,2018-05-17 05:00:43,2,0,6,0
8k04vy,2018-05-17 01:01:02,76,r/trashy,2,2018-05-17 05:05:20,2,0,3,0
8k04vy,2018-05-17 01:01:02,76,r/trashy,2,2018-05-17 04:57:34,2,0,1,0
8k04vy,2018-05-17 01:01:02,76,r/trashy,3,2018-05-17 01:27:23,0,5,84,0
8k04vy,2018-05-17 01:01:02,76,r/trashy,3,2018-05-17 02:09:13,1,10,38,0
8k04vy,2018-05-17 01:01:02,76,r/trashy,3,2018-05-17 02:50:40,2,4,45,0
8k04vy,2018-05-17 01:01:02,76,r/trashy,3,2018-05-17 04:46:13,3,1,4,0
8k04vy,2018-05-17 01:01:02,76,r/trashy,3,2018-05-17 05:05:37,4,0,4,0
8k04vy,2018-05-17 01:01:02,76,r/trashy,3,2018-05-17 04:40:24,3,0,-1,0
8k04vy,2018-05-17 01:01:02,76,r/trashy,3,2018-05-17 02:59:00,3,2,-33,0
8k04vy,2018-05-17 01:01:02,76,r/trashy,3,2018-05-17 03:18:49,4,1,36,0
8k04vy,2018-05-17 01:01:02,76,r/trashy,3,2018-05-17 03:49:43,5,0,1,0
8k04vy,2018-05-17 01:01:02,76,r/trashy,3,2018-05-17 03:59:09,4,1,2,0
8k04vy,2018-05-17 01:01:02,76,r/trashy,3,2018-05-17 04:05:18,5,2,3,0
8k04vy,2018-05-17 01:01:02,76,r/trashy,3,2018-05-17 04:56:14,6,0,1,0
8k04vy,2018-05-17 01:01:02,76,r/trashy,3,2018-05-17 05:03:10,6,0,1,0
8k04vy,2018-05-17 01:01:02,76,r/trashy,3,2018-05-17 04:57:01,3,0,-2,0
8k04vy,2018-05-17 01:01:02,76,r/trashy,3,2018-05-17 04:42:28,2,1,7,0
8k04vy,2018-05-17 01:01:02,76,r/trashy,3,2018-05-17 04:48:53,3,1,4,0
8k04vy,2018-05-17 01:01:02,76,r/trashy,3,2018-05-17 04:55:22,4,1,1,0
8k04vy,2018-05-17 01:01:02,76,r/trashy,3,2018-05-17 05:00:07,5,1,3,0
8k04vy,2018-05-17 01:01:02,76,r/trashy,3,2018-05-17 05:08:26,6,1,0,0
8k04vy,2018-05-17 01:01:02,76,r/trashy,3,2018-05-17 05:11:21,7,0,1,0
8k04vy,2018-05-17 01:01:02,76,r/trashy,3,2018-05-17 04:20:09,2,0,9,0
8k04vy,2018-05-17 01:01:02,76,r/trashy,3,2018-05-17 03:47:27,2,0,13,0
8k04vy,2018-05-17 01:01:02,76,r/trashy,3,2018-05-17 03:42:31,2,2,13,0
8k04vy,2018-05-17 01:01:02,76,r/trashy,3,2018-05-17 04:22:41,3,0,4,0
8k04vy,2018-05-17 01:01:02,76,r/trashy,3,2018-05-17 05:09:13,3,1,0,0
8k04vy,2018-05-17 01:01:02,76,r/trashy,3,2018-05-17 05:20:08,4,0,1,0
8k04vy,2018-05-17 01:01:02,76,r/trashy,3,2018-05-17 02:22:25,2,0,7,0
8k04vy,2018-05-17 01:01:02,76,r/trashy,3,2018-05-17 02:40:22,2,2,0,0
8k04vy,2018-05-17 01:01:02,76,r/trashy,3,2018-05-17 04:38:06,3,0,4,0
8k04vy,2018-05-17 01:01:02,76,r/trashy,3,2018-05-17 04:55:43,3,0,1,0
8k04vy,2018-05-17 01:01:02,76,r/trashy,3,2018-05-17 04:53:08,2,0,1,0
8k04vy,2018-05-17 01:01:02,76,r/trashy,3,2018-05-17 05:03:01,2,0,1,0
8k04vy,2018-05-17 01:01:02,76,r/trashy,3,2018-05-17 05:10:01,2,0,0,0
8k04vy,2018-05-17 01:01:02,76,r/trashy,3,2018-05-17 01:56:36,1,0,8,0
8k04vy,2018-05-17 01:01:02,76,r/trashy,3,2018-05-17 05:15:06,1,0,1,0
8k04vy,2018-05-17 01:01:02,76,r/trashy,3,2018-05-17 03:17:13,1,3,-16,0
8k04vy,2018-05-17 01:01:02,76,r/trashy,3,2018-05-17 04:12:34,2,0,9,0
8k04vy,2018-05-17 01:01:02,76,r/trashy,3,2018-05-17 04:20:36,2,0,5,0
8k04vy,2018-05-17 01:01:02,76,r/trashy,3,2018-05-17 04:53:40,2,0,1,0
8k04vy,2018-05-17 01:01:02,76,r/trashy,3,2018-05-17 02:33:55,1,0,-4,0
8k04vy,2018-05-17 01:01:02,76,r/trashy,4,2018-05-17 01:56:11,0,0,28,0
8k04vy,2018-05-17 01:01:02,76,r/trashy,5,2018-05-17 05:17:46,0,0,2,0
8k04vy,2018-05-17 01:01:02,76,r/trashy,6,2018-05-17 03:33:40,0,1,16,0
8k04vy,2018-05-17 01:01:02,76,r/trashy,6,2018-05-17 03:46:58,1,3,-8,0
8k04vy,2018-05-17 01:01:02,76,r/trashy,6,2018-05-17 04:38:57,2,0,12,0
8k04vy,2018-05-17 01:01:02,76,r/trashy,6,2018-05-17 04:33:50,2,1,-2,0
8k04vy,2018-05-17 01:01:02,76,r/trashy,6,2018-05-17 04:37:42,3,1,3,0
8k04vy,2018-05-17 01:01:02,76,r/trashy,6,2018-05-17 05:14:03,4,0,1,0
8k04vy,2018-05-17 01:01:02,76,r/trashy,6,2018-05-17 04:16:49,2,0,-13,0
8k04vy,2018-05-17 01:01:02,76,r/trashy,7,2018-05-17 04:17:57,0,3,9,0
8k04vy,2018-05-17 01:01:02,76,r/trashy,7,2018-05-17 05:00:06,1,0,3,0
8k04vy,2018-05-17 01:01:02,76,r/trashy,7,2018-05-17 04:57:59,1,0,3,0
8k04vy,2018-05-17 01:01:02,76,r/trashy,7,2018-05-17 05:20:05,1,0,1,0
8k04vy,2018-05-17 01:01:02,76,r/trashy,8,2018-05-17 03:30:43,0,0,10,0
8k04vy,2018-05-17 01:01:02,76,r/trashy,9,2018-05-17 03:53:46,0,2,10,0
8k04vy,2018-05-17 01:01:02,76,r/trashy,9,2018-05-17 04:12:31,1,1,6,0
8k04vy,2018-05-17 01:01:02,76,r/trashy,9,2018-05-17 04:18:24,2,2,4,0
8k04vy,2018-05-17 01:01:02,76,r/trashy,9,2018-05-17 04:31:35,3,0,18,0
8k04vy,2018-05-17 01:01:02,76,r/trashy,9,2018-05-17 04:45:09,3,0,-2,0
8k04vy,2018-05-17 01:01:02,76,r/trashy,9,2018-05-17 04:39:30,1,1,2,0
8k04vy,2018-05-17 01:01:02,76,r/trashy,9,2018-05-17 04:53:20,2,0,2,0
8k04vy,2018-05-17 01:01:02,76,r/trashy,10,2018-05-17 02:56:26,0,1,4,0
8k04vy,2018-05-17 01:01:02,76,r/trashy,10,2018-05-17 04:01:52,1,0,4,0
8k04vy,2018-05-17 01:01:02,76,r/trashy,11,2018-05-17 04:39:58,0,0,3,0
8k04vy,2018-05-17 01:01:02,76,r/trashy,12,2018-05-17 01:16:26,0,1,0,0
8k04vy,2018-05-17 01:01:02,76,r/trashy,12,2018-05-17 01:23:04,1,10,47,0
8k04vy,2018-05-17 01:01:02,76,r/trashy,12,2018-05-17 02:08:15,2,2,31,0
8k04vy,2018-05-17 01:01:02,76,r/trashy,12,2018-05-17 03:36:30,3,0,0,0
8k04vy,2018-05-17 01:01:02,76,r/trashy,12,2018-05-17 03:58:22,3,3,-9,0
8k04vy,2018-05-17 01:01:02,76,r/trashy,12,2018-05-17 04:36:42,4,0,7,0
8k04vy,2018-05-17 01:01:02,76,r/trashy,12,2018-05-17 04:43:26,4,0,5,0
8k04vy,2018-05-17 01:01:02,76,r/trashy,12,2018-05-17 04:20:27,4,0,2,0
8k04vy,2018-05-17 01:01:02,76,r/trashy,12,2018-05-17 03:06:53,2,1,8,0
8k04vy,2018-05-17 01:01:02,76,r/trashy,12,2018-05-17 04:19:21,3,0,4,0
8k04vy,2018-05-17 01:01:02,76,r/trashy,12,2018-05-17 01:47:12,2,0,20,0
8k04vy,2018-05-17 01:01:02,76,r/trashy,12,2018-05-17 01:59:55,2,1,13,0
8k04vy,2018-05-17 01:01:02,76,r/trashy,12,2018-05-17 03:41:38,3,1,-9,0
8k04vy,2018-05-17 01:01:02,76,r/trashy,12,2018-05-17 03:55:29,4,0,6,0
8k04vy,2018-05-17 01:01:02,76,r/trashy,12,2018-05-17 02:13:44,2,0,6,0
8k04vy,2018-05-17 01:01:02,76,r/trashy,12,2018-05-17 05:05:51,2,0,1,0
8k04vy,2018-05-17 01:01:02,76,r/trashy,12,2018-05-17 03:48:53,2,1,1,0
8k04vy,2018-05-17 01:01:02,76,r/trashy,12,2018-05-17 04:48:58,3,0,1,0
8k04vy,2018-05-17 01:01:02,76,r/trashy,12,2018-05-17 03:46:15,2,1,1,0
8k04vy,2018-05-17 01:01:02,76,r/trashy,12,2018-05-17 03:54:15,3,0,4,0
8k04vy,2018-05-17 01:01:02,76,r/trashy,12,2018-05-17 03:36:00,2,0,1,0
8k04vy,2018-05-17 01:01:02,76,r/trashy,12,2018-05-17 03:56:01,2,0,0,0
8k04vy,2018-05-17 01:01:02,76,r/trashy,13,2018-05-17 03:52:07,0,3,2,0
8k04vy,2018-05-17 01:01:02,76,r/trashy,13,2018-05-17 04:12:02,1,0,5,0
8k04vy,2018-05-17 01:01:02,76,r/trashy,13,2018-05-17 04:31:29,1,2,1,0
8k04vy,2018-05-17 01:01:02,76,r/trashy,13,2018-05-17 04:40:27,2,1,4,0
8k04vy,2018-05-17 01:01:02,76,r/trashy,13,2018-05-17 04:45:23,3,0,-2,0
8k04vy,2018-05-17 01:01:02,76,r/trashy,13,2018-05-17 04:56:45,2,1,0,0
8k04vy,2018-05-17 01:01:02,76,r/trashy,13,2018-05-17 05:19:36,3,0,1,0
8k04vy,2018-05-17 01:01:02,76,r/trashy,13,2018-05-17 04:17:25,1,0,-2,0
8k04vy,2018-05-17 01:01:02,76,r/trashy,14,2018-05-17 04:12:57,0,1,2,0
8k04vy,2018-05-17 01:01:02,76,r/trashy,14,2018-05-17 04:46:45,1,0,-1,0
8k04vy,2018-05-17 01:01:02,76,r/trashy,15,2018-05-17 03:27:05,0,3,0,0
8k04vy,2018-05-17 01:01:02,76,r/trashy,15,2018-05-17 03:35:44,1,1,3,0
8k04vy,2018-05-17 01:01:02,76,r/trashy,15,2018-05-17 03:49:18,2,1,-6,0
8k04vy,2018-05-17 01:01:02,76,r/trashy,15,2018-05-17 03:51:26,3,0,3,0
8k04vy,2018-05-17 01:01:02,76,r/trashy,15,2018-05-17 04:08:46,1,0,1,0
8k04vy,2018-05-17 01:01:02,76,r/trashy,15,2018-05-17 03:55:40,1,2,-2,0
8k04vy,2018-05-17 01:01:02,76,r/trashy,15,2018-05-17 04:12:19,2,0,5,0
8k04vy,2018-05-17 01:01:02,76,r/trashy,15,2018-05-17 04:06:24,2,1,4,0
8k04vy,2018-05-17 01:01:02,76,r/trashy,15,2018-05-17 04:31:19,3,2,0,0
8k04vy,2018-05-17 01:01:02,76,r/trashy,15,2018-05-17 04:47:56,4,1,2,0
8k04vy,2018-05-17 01:01:02,76,r/trashy,15,2018-05-17 04:57:41,5,1,0,0
8k04vy,2018-05-17 01:01:02,76,r/trashy,15,2018-05-17 05:02:38,6,0,1,0
8k04vy,2018-05-17 01:01:02,76,r/trashy,15,2018-05-17 04:43:31,4,1,0,0
8k04vy,2018-05-17 01:01:02,76,r/trashy,15,2018-05-17 04:48:48,5,0,1,0
8k04vy,2018-05-17 01:01:02,76,r/trashy,16,2018-05-17 01:11:19,0,0,-4,0
8k04vy,2018-05-17 01:01:02,76,r/trashy,17,2018-05-17 04:40:41,0,0,2,0
8k04vy,2018-05-17 01:01:02,76,r/trashy,18,2018-05-17 04:29:46,0,0,2,0
8k04vy,2018-05-17 01:01:02,76,r/trashy,19,2018-05-17 01:53:10,0,1,3,0
8k04vy,2018-05-17 01:01:02,76,r/trashy,19,2018-05-17 02:23:45,1,1,8,0
8k04vy,2018-05-17 01:01:02,76,r/trashy,19,2018-05-17 04:57:21,2,0,-1,0
8k04vy,2018-05-17 01:01:02,76,r/trashy,20,2018-05-17 03:53:16,0,0,1,0
8k04vy,2018-05-17 01:01:02,76,r/trashy,21,2018-05-17 04:54:31,0,0,1,0
8k04vy,2018-05-17 01:01:02,76,r/trashy,22,2018-05-17 05:05:43,0,0,1,0
8k04vy,2018-05-17 01:01:02,76,r/trashy,23,2018-05-17 05:06:51,0,0,1,0
8k04vy,2018-05-17 01:01:02,76,r/trashy,24,2018-05-17 05:10:31,0,0,1,0
8k04vy,2018-05-17 01:01:02,76,r/trashy,25,2018-05-17 05:14:11,0,0,1,0
8k04vy,2018-05-17 01:01:02,76,r/trashy,26,2018-05-17 05:14:26,0,0,1,0
8k04vy,2018-05-17 01:01:02,76,r/trashy,27,2018-05-17 05:17:32,0,0,1,0
8k04vy,2018-05-17 01:01:02,76,r/trashy,28,2018-05-17 05:19:35,0,0,1,0
8k04vy,2018-05-17 01:01:02,76,r/trashy,29,2018-05-17 05:21:13,0,0,1,0
8k04vy,2018-05-17 01:01:02,76,r/trashy,30,2018-05-17 03:29:10,0,1,-2,0
8k04vy,2018-05-17 01:01:02,76,r/trashy,30,2018-05-17 04:07:43,1,1,6,0
8k04vy,2018-05-17 01:01:02,76,r/trashy,30,2018-05-17 04:31:06,2,2,6,0
8k04vy,2018-05-17 01:01:02,76,r/trashy,30,2018-05-17 04:33:43,3,0,5,0
8k04vy,2018-05-17 01:01:02,76,r/trashy,30,2018-05-17 04:53:16,3,0,1,0
8k04vy,2018-05-17 01:01:02,76,r/trashy,31,2018-05-17 01:19:28,0,4,-36,0
8k04vy,2018-05-17 01:01:02,76,r/trashy,31,2018-05-17 01:27:39,1,1,23,0
8k04vy,2018-05-17 01:01:02,76,r/trashy,31,2018-05-17 01:34:43,2,0,10,0
8k04vy,2018-05-17 01:01:02,76,r/trashy,31,2018-05-17 01:26:55,1,4,51,0
8k04vy,2018-05-17 01:01:02,76,r/trashy,31,2018-05-17 01:37:11,2,0,8,0
8k04vy,2018-05-17 01:01:02,76,r/trashy,31,2018-05-17 01:35:57,2,0,6,0
8k04vy,2018-05-17 01:01:02,76,r/trashy,31,2018-05-17 02:24:15,2,0,0,0
8k04vy,2018-05-17 01:01:02,76,r/trashy,31,2018-05-17 02:33:19,2,1,-4,0
8k04vy,2018-05-17 01:01:02,76,r/trashy,31,2018-05-17 03:04:00,3,1,2,0
8k04vy,2018-05-17 01:01:02,76,r/trashy,31,2018-05-17 03:17:00,4,0,0,0
8k04vy,2018-05-17 01:01:02,76,r/trashy,31,2018-05-17 01:56:41,1,1,14,0
8k04vy,2018-05-17 01:01:02,76,r/trashy,31,2018-05-17 02:42:57,2,0,2,0
8k04vy,2018-05-17 01:01:02,76,r/trashy,31,2018-05-17 01:57:26,1,0,11,0
8k04vy,2018-05-17 01:01:02,76,r/trashy,32,2018-05-17 03:57:07,0,0,-1,0
8k04vy,2018-05-17 01:01:02,76,r/trashy,33,2018-05-17 04:38:36,0,0,1,0
8k04vy,2018-05-17 01:01:02,76,r/trashy,34,2018-05-17 04:43:29,0,2,1,0
8k04vy,2018-05-17 01:01:02,76,r/trashy,34,2018-05-17 04:54:06,1,0,1,0
8k04vy,2018-05-17 01:01:02,76,r/trashy,34,2018-05-17 05:16:39,1,0,1,0
8k04vy,2018-05-17 01:01:02,76,r/trashy,35,2018-05-17 04:33:17,0,0,1,0
8k04vy,2018-05-17 01:01:02,76,r/trashy,36,2018-05-17 04:47:02,0,0,1,0
8k04vy,2018-05-17 01:01:02,76,r/trashy,37,2018-05-17 03:49:10,0,1,0,0
8k04vy,2018-05-17 01:01:02,76,r/trashy,37,2018-05-17 04:42:09,1,0,1,0
8k04vy,2018-05-17 01:01:02,76,r/trashy,38,2018-05-17 02:04:24,0,0,-13,0
8k04vy,2018-05-17 01:01:02,76,r/trashy,39,2018-05-17 03:47:00,0,1,-2,0
8k04vy,2018-05-17 01:01:02,76,r/trashy,39,2018-05-17 03:50:20,1,0,10,0
8k04vy,2018-05-17 01:01:02,76,r/trashy,40,2018-05-17 02:11:10,0,0,-2,0
8k04vy,2018-05-17 01:01:02,76,r/trashy,41,2018-05-17 03:22:08,0,0,-12,0
8k04vy,2018-05-17 01:01:02,76,r/trashy,42,2018-05-17 04:10:10,0,0,-3,0
8k04vy,2018-05-17 01:01:02,76,r/trashy,43,2018-05-17 02:10:12,0,0,-32,0
8k04vy,2018-05-17 01:01:02,76,r/trashy,44,2018-05-17 04:44:29,0,0,0,0
8k04vy,2018-05-17 01:01:02,76,r/trashy,45,2018-05-17 04:34:26,0,0,-1,0
8k04vy,2018-05-17 01:01:02,76,r/trashy,46,2018-05-17 02:38:27,0,1,-22,0
8k04vy,2018-05-17 01:01:02,76,r/trashy,46,2018-05-17 03:19:14,1,1,5,0
8k04vy,2018-05-17 01:01:02,76,r/trashy,46,2018-05-17 03:27:20,2,1,-6,0
8k04vy,2018-05-17 01:01:02,76,r/trashy,46,2018-05-17 03:54:38,3,0,2,0
8k04vy,2018-05-17 01:01:02,76,r/trashy,47,2018-05-17 02:10:55,0,2,-31,0
8k04vy,2018-05-17 01:01:02,76,r/trashy,47,2018-05-17 04:10:55,1,0,0,0
8k04vy,2018-05-17 01:01:02,76,r/trashy,47,2018-05-17 03:34:20,1,1,-4,0
8k04vy,2018-05-17 01:01:02,76,r/trashy,47,2018-05-17 03:35:01,2,0,-7,0
8k04vy,2018-05-17 01:01:02,76,r/trashy,48,2018-05-17 04:46:05,0,0,0,0
8k04vy,2018-05-17 01:01:02,76,r/trashy,49,2018-05-17 02:11:44,0,2,-55,0
8k04vy,2018-05-17 01:01:02,76,r/trashy,49,2018-05-17 02:17:19,1,2,17,0
8k04vy,2018-05-17 01:01:02,76,r/trashy,49,2018-05-17 02:28:24,2,1,12,0
8k04vy,2018-05-17 01:01:02,76,r/trashy,49,2018-05-17 02:39:47,3,1,0,0
8k04vy,2018-05-17 01:01:02,76,r/trashy,49,2018-05-17 03:31:21,4,2,1,0
8k04vy,2018-05-17 01:01:02,76,r/trashy,49,2018-05-17 05:02:38,5,0,1,0
8k04vy,2018-05-17 01:01:02,76,r/trashy,49,2018-05-17 03:44:16,5,1,1,0
8k04vy,2018-05-17 01:01:02,76,r/trashy,49,2018-05-17 03:59:18,6,0,0,0
8k04vy,2018-05-17 01:01:02,76,r/trashy,49,2018-05-17 02:31:48,2,1,-29,0
8k04vy,2018-05-17 01:01:02,76,r/trashy,49,2018-05-17 02:38:45,3,2,8,0
8k04vy,2018-05-17 01:01:02,76,r/trashy,49,2018-05-17 03:08:31,4,1,-10,0
8k04vy,2018-05-17 01:01:02,76,r/trashy,49,2018-05-17 03:11:33,5,1,2,0
8k04vy,2018-05-17 01:01:02,76,r/trashy,49,2018-05-17 03:13:32,6,1,-4,0
8k04vy,2018-05-17 01:01:02,76,r/trashy,49,2018-05-17 03:30:40,7,1,-1,0
8k04vy,2018-05-17 01:01:02,76,r/trashy,49,2018-05-17 03:45:58,8,2,-5,0
8k04vy,2018-05-17 01:01:02,76,r/trashy,49,2018-05-17 03:55:18,9,1,2,0
8k04vy,2018-05-17 01:01:02,76,r/trashy,49,2018-05-17 04:05:47,9,1,0,0
8k04vy,2018-05-17 01:01:02,76,r/trashy,49,2018-05-17 02:46:44,4,0,-14,0
8k04vy,2018-05-17 01:01:02,76,r/trashy,49,2018-05-17 03:45:11,1,0,0,0
8jy7h9,2018-05-16 20:25:55,77,r/FoodPorn,0,2018-05-16 20:35:03,0,3,258,0
8jy7h9,2018-05-16 20:25:55,77,r/FoodPorn,0,2018-05-16 20:59:53,1,10,163,0
8jy7h9,2018-05-16 20:25:55,77,r/FoodPorn,0,2018-05-16 23:35:02,2,0,38,0
8jy7h9,2018-05-16 20:25:55,77,r/FoodPorn,0,2018-05-16 23:05:21,2,0,59,0
8jy7h9,2018-05-16 20:25:55,77,r/FoodPorn,0,2018-05-17 00:55:57,2,2,18,0
8jy7h9,2018-05-16 20:25:55,77,r/FoodPorn,0,2018-05-17 05:00:56,3,1,5,0
8jy7h9,2018-05-16 20:25:55,77,r/FoodPorn,0,2018-05-17 05:11:57,4,1,1,0
8jy7h9,2018-05-16 20:25:55,77,r/FoodPorn,0,2018-05-17 05:19:38,5,0,1,0
8jy7h9,2018-05-16 20:25:55,77,r/FoodPorn,0,2018-05-17 04:12:58,3,0,3,0
8jy7h9,2018-05-16 20:25:55,77,r/FoodPorn,0,2018-05-17 01:55:22,2,0,7,0
8jy7h9,2018-05-16 20:25:55,77,r/FoodPorn,0,2018-05-17 04:06:39,2,0,4,0
8jy7h9,2018-05-16 20:25:55,77,r/FoodPorn,0,2018-05-17 04:04:37,2,1,3,0
8jy7h9,2018-05-16 20:25:55,77,r/FoodPorn,0,2018-05-17 05:09:56,3,0,1,0
8jy7h9,2018-05-16 20:25:55,77,r/FoodPorn,0,2018-05-17 02:39:21,2,1,2,0
8jy7h9,2018-05-16 20:25:55,77,r/FoodPorn,0,2018-05-17 05:01:30,3,0,2,0
8jy7h9,2018-05-16 20:25:55,77,r/FoodPorn,0,2018-05-17 03:33:07,2,0,2,0
8jy7h9,2018-05-16 20:25:55,77,r/FoodPorn,0,2018-05-17 03:36:41,2,0,1,0
8jy7h9,2018-05-16 20:25:55,77,r/FoodPorn,0,2018-05-17 05:06:46,2,0,1,0
8jy7h9,2018-05-16 20:25:55,77,r/FoodPorn,0,2018-05-17 01:34:56,1,1,17,0
8jy7h9,2018-05-16 20:25:55,77,r/FoodPorn,0,2018-05-17 02:18:26,2,4,5,0
8jy7h9,2018-05-16 20:25:55,77,r/FoodPorn,0,2018-05-17 02:40:27,3,3,26,0
8jy7h9,2018-05-16 20:25:55,77,r/FoodPorn,0,2018-05-17 02:48:51,4,0,3,0
8jy7h9,2018-05-16 20:25:55,77,r/FoodPorn,0,2018-05-17 04:07:32,4,0,2,0
8jy7h9,2018-05-16 20:25:55,77,r/FoodPorn,0,2018-05-17 02:56:28,4,0,-2,0
8jy7h9,2018-05-16 20:25:55,77,r/FoodPorn,0,2018-05-17 02:46:28,3,0,5,0
8jy7h9,2018-05-16 20:25:55,77,r/FoodPorn,0,2018-05-17 03:58:28,3,0,2,0
8jy7h9,2018-05-16 20:25:55,77,r/FoodPorn,0,2018-05-17 03:42:37,3,0,0,0
8jy7h9,2018-05-16 20:25:55,77,r/FoodPorn,0,2018-05-17 03:46:51,1,1,2,0
8jy7h9,2018-05-16 20:25:55,77,r/FoodPorn,0,2018-05-17 05:13:19,2,0,1,0
8jy7h9,2018-05-16 20:25:55,77,r/FoodPorn,1,2018-05-16 21:09:17,0,1,82,0
8jy7h9,2018-05-16 20:25:55,77,r/FoodPorn,1,2018-05-16 21:11:49,1,1,71,0
8jy7h9,2018-05-16 20:25:55,77,r/FoodPorn,1,2018-05-16 21:30:57,2,1,24,0
8jy7h9,2018-05-16 20:25:55,77,r/FoodPorn,1,2018-05-16 21:37:13,3,6,86,0
8jy7h9,2018-05-16 20:25:55,77,r/FoodPorn,1,2018-05-16 22:55:03,4,1,224,0
8jy7h9,2018-05-16 20:25:55,77,r/FoodPorn,1,2018-05-17 01:17:13,5,0,21,0
8jy7h9,2018-05-16 20:25:55,77,r/FoodPorn,1,2018-05-16 23:34:54,4,2,19,0
8jy7h9,2018-05-16 20:25:55,77,r/FoodPorn,1,2018-05-16 23:56:47,5,1,43,0
8jy7h9,2018-05-16 20:25:55,77,r/FoodPorn,1,2018-05-17 00:51:02,6,0,12,0
8jy7h9,2018-05-16 20:25:55,77,r/FoodPorn,1,2018-05-17 05:19:11,5,0,1,0
8jy7h9,2018-05-16 20:25:55,77,r/FoodPorn,1,2018-05-17 00:39:56,4,0,6,0
8jy7h9,2018-05-16 20:25:55,77,r/FoodPorn,1,2018-05-17 01:27:50,4,0,3,0
8jy7h9,2018-05-16 20:25:55,77,r/FoodPorn,1,2018-05-17 01:00:31,4,1,5,0
8jy7h9,2018-05-16 20:25:55,77,r/FoodPorn,1,2018-05-17 01:19:33,5,1,35,0
8jy7h9,2018-05-16 20:25:55,77,r/FoodPorn,1,2018-05-17 01:44:42,6,3,41,0
8jy7h9,2018-05-16 20:25:55,77,r/FoodPorn,1,2018-05-17 02:49:25,7,0,11,0
8jy7h9,2018-05-16 20:25:55,77,r/FoodPorn,1,2018-05-17 03:20:29,7,0,9,0
8jy7h9,2018-05-16 20:25:55,77,r/FoodPorn,1,2018-05-17 03:48:38,7,0,3,0
8jy7h9,2018-05-16 20:25:55,77,r/FoodPorn,1,2018-05-17 04:43:11,4,1,1,0
8jy7h9,2018-05-16 20:25:55,77,r/FoodPorn,1,2018-05-17 05:17:19,5,0,1,0
8jy7h9,2018-05-16 20:25:55,77,r/FoodPorn,2,2018-05-16 22:40:24,0,5,86,0
8jy7h9,2018-05-16 20:25:55,77,r/FoodPorn,2,2018-05-16 23:09:03,1,3,38,0
8jy7h9,2018-05-16 20:25:55,77,r/FoodPorn,2,2018-05-16 23:10:28,2,5,25,0
8jy7h9,2018-05-16 20:25:55,77,r/FoodPorn,2,2018-05-16 23:12:11,3,2,53,0
8jy7h9,2018-05-16 20:25:55,77,r/FoodPorn,2,2018-05-16 23:14:30,4,1,23,0
8jy7h9,2018-05-16 20:25:55,77,r/FoodPorn,2,2018-05-16 23:16:14,5,6,36,0
8jy7h9,2018-05-16 20:25:55,77,r/FoodPorn,2,2018-05-16 23:18:37,6,4,26,0
8jy7h9,2018-05-16 20:25:55,77,r/FoodPorn,2,2018-05-16 23:22:59,7,3,16,0
8jy7h9,2018-05-16 20:25:55,77,r/FoodPorn,2,2018-05-16 23:26:27,8,2,28,0
8jy7h9,2018-05-16 20:25:55,77,r/FoodPorn,2,2018-05-16 23:30:17,9,1,46,0
8jy7h9,2018-05-16 20:25:55,77,r/FoodPorn,2,2018-05-16 23:29:56,9,0,7,0
8jy7h9,2018-05-16 20:25:55,77,r/FoodPorn,2,2018-05-17 00:02:58,8,2,4,0
8jy7h9,2018-05-16 20:25:55,77,r/FoodPorn,2,2018-05-17 02:18:27,9,1,7,0
8jy7h9,2018-05-16 20:25:55,77,r/FoodPorn,2,2018-05-17 04:21:00,9,1,1,0
8jy7h9,2018-05-16 20:25:55,77,r/FoodPorn,2,2018-05-17 02:20:56,8,1,3,0
8jy7h9,2018-05-16 20:25:55,77,r/FoodPorn,2,2018-05-17 04:22:08,9,0,1,0
8jy7h9,2018-05-16 20:25:55,77,r/FoodPorn,2,2018-05-17 03:03:30,7,0,6,0
8jy7h9,2018-05-16 20:25:55,77,r/FoodPorn,2,2018-05-17 01:23:38,7,0,3,0
8jy7h9,2018-05-16 20:25:55,77,r/FoodPorn,2,2018-05-17 03:14:15,7,1,2,0
8jy7h9,2018-05-16 20:25:55,77,r/FoodPorn,2,2018-05-17 03:32:55,8,0,1,0
8jy7h9,2018-05-16 20:25:55,77,r/FoodPorn,2,2018-05-17 02:03:21,6,2,5,0
8jy7h9,2018-05-16 20:25:55,77,r/FoodPorn,2,2018-05-17 02:19:16,7,1,5,0
8jy7h9,2018-05-16 20:25:55,77,r/FoodPorn,2,2018-05-17 02:50:36,8,0,5,0
8jy7h9,2018-05-16 20:25:55,77,r/FoodPorn,2,2018-05-17 04:16:23,7,0,1,0
8jy7h9,2018-05-16 20:25:55,77,r/FoodPorn,2,2018-05-16 23:19:34,6,1,3,0
8jy7h9,2018-05-16 20:25:55,77,r/FoodPorn,2,2018-05-16 23:21:23,7,2,0,0
8jy7h9,2018-05-16 20:25:55,77,r/FoodPorn,2,2018-05-17 00:40:11,8,0,3,0
8jy7h9,2018-05-16 20:25:55,77,r/FoodPorn,2,2018-05-16 23:23:52,8,1,6,0
8jy7h9,2018-05-16 20:25:55,77,r/FoodPorn,2,2018-05-16 23:25:26,9,1,3,0
8jy7h9,2018-05-16 20:25:55,77,r/FoodPorn,2,2018-05-17 00:47:38,6,0,4,0
8jy7h9,2018-05-16 20:25:55,77,r/FoodPorn,2,2018-05-17 03:26:42,6,0,1,0
8jy7h9,2018-05-16 20:25:55,77,r/FoodPorn,2,2018-05-17 04:24:49,6,0,1,0
8jy7h9,2018-05-16 20:25:55,77,r/FoodPorn,2,2018-05-16 23:16:08,4,1,2,0
8jy7h9,2018-05-16 20:25:55,77,r/FoodPorn,2,2018-05-16 23:17:40,5,1,5,0
8jy7h9,2018-05-16 20:25:55,77,r/FoodPorn,2,2018-05-16 23:23:47,6,1,2,0
8jy7h9,2018-05-16 20:25:55,77,r/FoodPorn,2,2018-05-17 01:55:58,7,3,8,0
8jy7h9,2018-05-16 20:25:55,77,r/FoodPorn,2,2018-05-17 03:07:37,8,1,7,0
8jy7h9,2018-05-16 20:25:55,77,r/FoodPorn,2,2018-05-17 03:30:20,9,0,3,0
8jy7h9,2018-05-16 20:25:55,77,r/FoodPorn,2,2018-05-17 04:24:00,8,0,2,0
8jy7h9,2018-05-16 20:25:55,77,r/FoodPorn,2,2018-05-17 01:58:47,8,1,1,0
8jy7h9,2018-05-16 20:25:55,77,r/FoodPorn,2,2018-05-17 02:05:10,9,1,2,0
8jy7h9,2018-05-16 20:25:55,77,r/FoodPorn,2,2018-05-16 23:23:10,3,1,4,0
8jy7h9,2018-05-16 20:25:55,77,r/FoodPorn,2,2018-05-16 23:24:15,4,0,10,0
8jy7h9,2018-05-16 20:25:55,77,r/FoodPorn,2,2018-05-16 23:49:53,3,3,10,0
8jy7h9,2018-05-16 20:25:55,77,r/FoodPorn,2,2018-05-17 02:20:05,4,0,6,0
8jy7h9,2018-05-16 20:25:55,77,r/FoodPorn,2,2018-05-17 04:47:54,4,0,1,0
8jy7h9,2018-05-16 20:25:55,77,r/FoodPorn,2,2018-05-16 23:54:12,4,0,1,0
8jy7h9,2018-05-16 20:25:55,77,r/FoodPorn,2,2018-05-17 03:06:26,3,0,2,0
8jy7h9,2018-05-16 20:25:55,77,r/FoodPorn,2,2018-05-17 04:08:14,3,0,1,0
8jy7h9,2018-05-16 20:25:55,77,r/FoodPorn,2,2018-05-17 00:48:21,2,1,5,0
8jy7h9,2018-05-16 20:25:55,77,r/FoodPorn,2,2018-05-17 01:05:04,3,1,2,0
8jy7h9,2018-05-16 20:25:55,77,r/FoodPorn,2,2018-05-17 01:37:46,4,0,3,0
8jy7h9,2018-05-16 20:25:55,77,r/FoodPorn,2,2018-05-17 03:32:34,2,0,1,0
8jy7h9,2018-05-16 20:25:55,77,r/FoodPorn,2,2018-05-17 01:37:29,1,6,11,0
8jy7h9,2018-05-16 20:25:55,77,r/FoodPorn,2,2018-05-17 01:44:46,2,1,9,0
8jy7h9,2018-05-16 20:25:55,77,r/FoodPorn,2,2018-05-17 02:28:53,3,1,3,0
8jy7h9,2018-05-16 20:25:55,77,r/FoodPorn,2,2018-05-17 02:33:50,4,0,2,0
8jy7h9,2018-05-16 20:25:55,77,r/FoodPorn,2,2018-05-17 01:44:18,2,0,2,0
8jy7h9,2018-05-16 20:25:55,77,r/FoodPorn,2,2018-05-17 04:49:09,2,0,2,0
8jy7h9,2018-05-16 20:25:55,77,r/FoodPorn,2,2018-05-17 04:50:06,2,0,2,0
8jy7h9,2018-05-16 20:25:55,77,r/FoodPorn,2,2018-05-17 04:10:14,2,0,1,0
8jy7h9,2018-05-16 20:25:55,77,r/FoodPorn,2,2018-05-17 04:26:27,2,1,1,0
8jy7h9,2018-05-16 20:25:55,77,r/FoodPorn,2,2018-05-17 04:42:09,3,0,1,0
8jy7h9,2018-05-16 20:25:55,77,r/FoodPorn,2,2018-05-17 01:50:31,1,1,6,0
8jy7h9,2018-05-16 20:25:55,77,r/FoodPorn,2,2018-05-17 01:59:39,2,0,3,0
8jy7h9,2018-05-16 20:25:55,77,r/FoodPorn,2,2018-05-17 03:04:27,1,1,4,0
8jy7h9,2018-05-16 20:25:55,77,r/FoodPorn,2,2018-05-17 03:33:28,2,0,1,0
8jy7h9,2018-05-16 20:25:55,77,r/FoodPorn,2,2018-05-17 00:54:45,1,3,-7,0
8jy7h9,2018-05-16 20:25:55,77,r/FoodPorn,2,2018-05-17 00:56:49,2,0,10,0
8jy7h9,2018-05-16 20:25:55,77,r/FoodPorn,2,2018-05-17 01:40:46,2,1,2,0
8jy7h9,2018-05-16 20:25:55,77,r/FoodPorn,2,2018-05-17 02:52:36,3,0,1,0
8jy7h9,2018-05-16 20:25:55,77,r/FoodPorn,2,2018-05-17 01:44:39,2,0,1,0
8jy7h9,2018-05-16 20:25:55,77,r/FoodPorn,3,2018-05-17 00:50:14,0,0,16,0
8jy7h9,2018-05-16 20:25:55,77,r/FoodPorn,4,2018-05-16 23:19:09,0,2,42,0
8jy7h9,2018-05-16 20:25:55,77,r/FoodPorn,4,2018-05-17 01:13:14,1,1,20,0
8jy7h9,2018-05-16 20:25:55,77,r/FoodPorn,4,2018-05-17 02:00:45,2,2,14,0
8jy7h9,2018-05-16 20:25:55,77,r/FoodPorn,4,2018-05-17 02:04:46,3,0,6,0
8jy7h9,2018-05-16 20:25:55,77,r/FoodPorn,4,2018-05-17 02:30:35,3,1,3,0
8jy7h9,2018-05-16 20:25:55,77,r/FoodPorn,4,2018-05-17 03:18:52,4,1,1,0
8jy7h9,2018-05-16 20:25:55,77,r/FoodPorn,4,2018-05-17 03:44:11,5,0,1,0
8jy7h9,2018-05-16 20:25:55,77,r/FoodPorn,4,2018-05-17 02:53:07,1,0,2,0
8jy7h9,2018-05-16 20:25:55,77,r/FoodPorn,5,2018-05-16 21:02:24,0,2,13,0
8jy7h9,2018-05-16 20:25:55,77,r/FoodPorn,5,2018-05-16 21:07:05,1,2,50,0
8jy7h9,2018-05-16 20:25:55,77,r/FoodPorn,5,2018-05-16 22:07:33,2,2,10,0
8jy7h9,2018-05-16 20:25:55,77,r/FoodPorn,5,2018-05-17 00:44:50,3,1,11,0
8jy7h9,2018-05-16 20:25:55,77,r/FoodPorn,5,2018-05-17 01:07:24,4,0,7,0
8jy7h9,2018-05-16 20:25:55,77,r/FoodPorn,5,2018-05-16 23:05:46,3,1,3,0
8jy7h9,2018-05-16 20:25:55,77,r/FoodPorn,5,2018-05-17 01:06:59,4,1,14,0
8jy7h9,2018-05-16 20:25:55,77,r/FoodPorn,5,2018-05-17 03:35:05,5,1,2,0
8jy7h9,2018-05-16 20:25:55,77,r/FoodPorn,5,2018-05-17 04:42:32,6,0,1,0
8jy7h9,2018-05-16 20:25:55,77,r/FoodPorn,5,2018-05-16 23:28:48,2,2,2,0
8jy7h9,2018-05-16 20:25:55,77,r/FoodPorn,5,2018-05-17 01:39:03,3,1,10,0
8jy7h9,2018-05-16 20:25:55,77,r/FoodPorn,5,2018-05-17 01:54:26,4,0,3,0
8jy7h9,2018-05-16 20:25:55,77,r/FoodPorn,5,2018-05-17 04:45:25,3,0,1,0
8jy7h9,2018-05-16 20:25:55,77,r/FoodPorn,5,2018-05-17 03:30:37,1,0,1,0
8jy7h9,2018-05-16 20:25:55,77,r/FoodPorn,6,2018-05-16 23:51:39,0,2,8,0
8jy7h9,2018-05-16 20:25:55,77,r/FoodPorn,6,2018-05-17 03:27:57,1,0,2,0
8jy7h9,2018-05-16 20:25:55,77,r/FoodPorn,6,2018-05-17 03:40:21,1,0,1,0
8jy7h9,2018-05-16 20:25:55,77,r/FoodPorn,7,2018-05-17 00:02:11,0,1,5,0
8jy7h9,2018-05-16 20:25:55,77,r/FoodPorn,7,2018-05-17 01:44:44,1,0,2,0
8jy7h9,2018-05-16 20:25:55,77,r/FoodPorn,8,2018-05-16 22:19:16,0,0,3,0
8jy7h9,2018-05-16 20:25:55,77,r/FoodPorn,9,2018-05-16 23:26:25,0,0,3,0
8jy7h9,2018-05-16 20:25:55,77,r/FoodPorn,10,2018-05-17 00:17:13,0,0,3,0
8jy7h9,2018-05-16 20:25:55,77,r/FoodPorn,11,2018-05-17 01:24:41,0,0,3,0
8jy7h9,2018-05-16 20:25:55,77,r/FoodPorn,12,2018-05-17 02:54:30,0,0,3,0
8jy7h9,2018-05-16 20:25:55,77,r/FoodPorn,13,2018-05-16 22:40:26,0,0,2,0
8jy7h9,2018-05-16 20:25:55,77,r/FoodPorn,14,2018-05-17 00:16:45,0,0,2,0
8jy7h9,2018-05-16 20:25:55,77,r/FoodPorn,15,2018-05-17 00:32:27,0,0,2,0
8jy7h9,2018-05-16 20:25:55,77,r/FoodPorn,16,2018-05-17 01:09:07,0,0,2,0
8jy7h9,2018-05-16 20:25:55,77,r/FoodPorn,17,2018-05-17 01:25:20,0,0,2,0
8jy7h9,2018-05-16 20:25:55,77,r/FoodPorn,18,2018-05-17 01:25:31,0,0,2,0
8jy7h9,2018-05-16 20:25:55,77,r/FoodPorn,19,2018-05-17 01:49:45,0,0,2,0
8jy7h9,2018-05-16 20:25:55,77,r/FoodPorn,20,2018-05-17 01:59:47,0,0,2,0
8jy7h9,2018-05-16 20:25:55,77,r/FoodPorn,21,2018-05-17 02:54:17,0,0,2,0
8jy7h9,2018-05-16 20:25:55,77,r/FoodPorn,22,2018-05-17 03:01:15,0,0,2,0
8jy7h9,2018-05-16 20:25:55,77,r/FoodPorn,23,2018-05-17 03:21:27,0,0,2,0
8jy7h9,2018-05-16 20:25:55,77,r/FoodPorn,24,2018-05-17 03:23:43,0,0,2,0
8jy7h9,2018-05-16 20:25:55,77,r/FoodPorn,25,2018-05-17 03:25:28,0,0,2,0
8jy7h9,2018-05-16 20:25:55,77,r/FoodPorn,26,2018-05-17 03:45:23,0,0,2,0
8jy7h9,2018-05-16 20:25:55,77,r/FoodPorn,27,2018-05-17 03:53:49,0,0,2,0
8jy7h9,2018-05-16 20:25:55,77,r/FoodPorn,28,2018-05-17 04:04:15,0,0,2,0
8jy7h9,2018-05-16 20:25:55,77,r/FoodPorn,29,2018-05-17 04:16:44,0,0,2,0
8jy7h9,2018-05-16 20:25:55,77,r/FoodPorn,30,2018-05-17 00:33:09,0,0,3,0
8jy7h9,2018-05-16 20:25:55,77,r/FoodPorn,31,2018-05-16 22:17:26,0,1,1,0
8jy7h9,2018-05-16 20:25:55,77,r/FoodPorn,31,2018-05-16 23:07:31,1,0,1,0
8jy7h9,2018-05-16 20:25:55,77,r/FoodPorn,32,2018-05-16 22:44:17,0,0,1,0
8jy7h9,2018-05-16 20:25:55,77,r/FoodPorn,33,2018-05-16 23:32:13,0,0,1,0
8jy7h9,2018-05-16 20:25:55,77,r/FoodPorn,34,2018-05-16 23:59:09,0,0,1,0
8jy7h9,2018-05-16 20:25:55,77,r/FoodPorn,35,2018-05-17 00:16:14,0,0,1,0
8jy7h9,2018-05-16 20:25:55,77,r/FoodPorn,36,2018-05-17 00:17:33,0,0,1,0
8jy7h9,2018-05-16 20:25:55,77,r/FoodPorn,37,2018-05-17 00:34:12,0,0,1,0
8jy7h9,2018-05-16 20:25:55,77,r/FoodPorn,38,2018-05-17 00:35:17,0,0,1,0
8jy7h9,2018-05-16 20:25:55,77,r/FoodPorn,39,2018-05-17 00:56:01,0,0,1,0
8jy7h9,2018-05-16 20:25:55,77,r/FoodPorn,40,2018-05-17 01:02:35,0,0,1,0
8jy7h9,2018-05-16 20:25:55,77,r/FoodPorn,41,2018-05-17 01:18:27,0,0,1,0
8jy7h9,2018-05-16 20:25:55,77,r/FoodPorn,42,2018-05-17 01:33:38,0,0,1,0
8jy7h9,2018-05-16 20:25:55,77,r/FoodPorn,43,2018-05-17 01:34:44,0,0,1,0
8jy7h9,2018-05-16 20:25:55,77,r/FoodPorn,44,2018-05-17 01:37:18,0,0,1,0
8jy7h9,2018-05-16 20:25:55,77,r/FoodPorn,45,2018-05-17 01:40:52,0,0,1,0
8jy7h9,2018-05-16 20:25:55,77,r/FoodPorn,46,2018-05-17 01:44:10,0,0,1,0
8jy7h9,2018-05-16 20:25:55,77,r/FoodPorn,47,2018-05-17 01:48:35,0,0,1,0
8jy7h9,2018-05-16 20:25:55,77,r/FoodPorn,48,2018-05-17 01:58:03,0,0,1,0
8jy7h9,2018-05-16 20:25:55,77,r/FoodPorn,49,2018-05-17 02:03:28,0,0,1,0
8jy7h9,2018-05-16 20:25:55,77,r/FoodPorn,50,2018-05-17 02:10:08,0,0,1,0
8jy7h9,2018-05-16 20:25:55,77,r/FoodPorn,51,2018-05-17 02:11:44,0,0,1,0
8jy7h9,2018-05-16 20:25:55,77,r/FoodPorn,52,2018-05-17 02:12:04,0,0,1,0
8jy7h9,2018-05-16 20:25:55,77,r/FoodPorn,53,2018-05-17 02:19:26,0,0,1,0
8jy7h9,2018-05-16 20:25:55,77,r/FoodPorn,54,2018-05-17 02:27:35,0,0,1,0
8jy7h9,2018-05-16 20:25:55,77,r/FoodPorn,55,2018-05-17 02:27:36,0,0,1,0
8jy7h9,2018-05-16 20:25:55,77,r/FoodPorn,56,2018-05-17 02:36:26,0,0,1,0
8jy7h9,2018-05-16 20:25:55,77,r/FoodPorn,57,2018-05-17 02:40:07,0,0,1,0
8jy7h9,2018-05-16 20:25:55,77,r/FoodPorn,58,2018-05-17 02:42:36,0,0,1,0
8jy7h9,2018-05-16 20:25:55,77,r/FoodPorn,59,2018-05-17 02:47:07,0,0,1,0
8jy7h9,2018-05-16 20:25:55,77,r/FoodPorn,60,2018-05-17 02:54:48,0,0,1,0
8jy7h9,2018-05-16 20:25:55,77,r/FoodPorn,61,2018-05-17 03:07:36,0,0,1,0
8jy7h9,2018-05-16 20:25:55,77,r/FoodPorn,62,2018-05-17 03:13:15,0,0,1,0
8jy7h9,2018-05-16 20:25:55,77,r/FoodPorn,63,2018-05-17 03:28:58,0,0,1,0
8jy7h9,2018-05-16 20:25:55,77,r/FoodPorn,64,2018-05-17 03:35:40,0,0,1,0
8jy7h9,2018-05-16 20:25:55,77,r/FoodPorn,65,2018-05-17 03:45:22,0,0,1,0
8jy7h9,2018-05-16 20:25:55,77,r/FoodPorn,66,2018-05-17 03:50:59,0,0,1,0
8jy7h9,2018-05-16 20:25:55,77,r/FoodPorn,67,2018-05-17 04:06:22,0,0,1,0
8jy7h9,2018-05-16 20:25:55,77,r/FoodPorn,68,2018-05-17 04:24:41,0,0,1,0
8jy7h9,2018-05-16 20:25:55,77,r/FoodPorn,69,2018-05-17 04:29:29,0,0,1,0
8jy7h9,2018-05-16 20:25:55,77,r/FoodPorn,70,2018-05-17 04:30:02,0,0,1,0
8jy7h9,2018-05-16 20:25:55,77,r/FoodPorn,71,2018-05-17 04:32:19,0,0,1,0
8jy7h9,2018-05-16 20:25:55,77,r/FoodPorn,72,2018-05-17 04:36:17,0,0,1,0
8jy7h9,2018-05-16 20:25:55,77,r/FoodPorn,73,2018-05-17 04:48:37,0,0,1,0
8jy7h9,2018-05-16 20:25:55,77,r/FoodPorn,74,2018-05-17 04:51:15,0,0,1,0
8jy7h9,2018-05-16 20:25:55,77,r/FoodPorn,75,2018-05-17 04:52:28,0,0,1,0
8jy7h9,2018-05-16 20:25:55,77,r/FoodPorn,76,2018-05-17 04:52:29,0,0,1,0
8jy7h9,2018-05-16 20:25:55,77,r/FoodPorn,77,2018-05-17 04:53:19,0,0,1,0
8jy7h9,2018-05-16 20:25:55,77,r/FoodPorn,78,2018-05-17 05:00:20,0,0,1,0
8jy7h9,2018-05-16 20:25:55,77,r/FoodPorn,79,2018-05-17 05:05:16,0,0,1,0
8jy7h9,2018-05-16 20:25:55,77,r/FoodPorn,80,2018-05-17 05:20:28,0,0,1,0
8jy7h9,2018-05-16 20:25:55,77,r/FoodPorn,81,2018-05-16 21:31:35,0,0,1,0
8jy7h9,2018-05-16 20:25:55,77,r/FoodPorn,82,2018-05-16 22:51:18,0,0,1,0
8jy7h9,2018-05-16 20:25:55,77,r/FoodPorn,83,2018-05-16 23:00:24,0,0,1,0
8jy7h9,2018-05-16 20:25:55,77,r/FoodPorn,84,2018-05-16 23:18:25,0,0,1,0
8jy7h9,2018-05-16 20:25:55,77,r/FoodPorn,85,2018-05-17 00:32:59,0,0,0,0
8jy7h9,2018-05-16 20:25:55,77,r/FoodPorn,86,2018-05-17 00:15:59,0,0,0,0
8jy7h9,2018-05-16 20:25:55,77,r/FoodPorn,87,2018-05-17 01:30:23,0,0,0,0
8jy7h9,2018-05-16 20:25:55,77,r/FoodPorn,88,2018-05-16 22:49:23,0,1,-1,0
8jy7h9,2018-05-16 20:25:55,77,r/FoodPorn,88,2018-05-16 23:09:38,1,0,1,0
8jy7h9,2018-05-16 20:25:55,77,r/FoodPorn,89,2018-05-17 03:27:55,0,2,-5,0
8jy7h9,2018-05-16 20:25:55,77,r/FoodPorn,89,2018-05-17 04:21:17,1,1,3,0
8jy7h9,2018-05-16 20:25:55,77,r/FoodPorn,89,2018-05-17 04:26:32,2,0,0,0
8jy7h9,2018-05-16 20:25:55,77,r/FoodPorn,89,2018-05-17 04:26:08,1,0,2,0
8jy7h9,2018-05-16 20:25:55,77,r/FoodPorn,90,2018-05-17 00:53:44,0,0,-3,0
8jz9dl,2018-05-16 22:49:15,78,r/Shitty_Car_Mods,0,2018-05-17 01:04:40,0,3,290,0
8jz9dl,2018-05-16 22:49:15,78,r/Shitty_Car_Mods,0,2018-05-17 01:09:50,1,3,129,0
8jz9dl,2018-05-16 22:49:15,78,r/Shitty_Car_Mods,0,2018-05-17 01:45:08,2,3,43,0
8jz9dl,2018-05-16 22:49:15,78,r/Shitty_Car_Mods,0,2018-05-17 02:09:06,3,0,18,0
8jz9dl,2018-05-16 22:49:15,78,r/Shitty_Car_Mods,0,2018-05-17 01:51:00,3,2,19,0
8jz9dl,2018-05-16 22:49:15,78,r/Shitty_Car_Mods,0,2018-05-17 02:02:51,4,2,87,0
8jz9dl,2018-05-16 22:49:15,78,r/Shitty_Car_Mods,0,2018-05-17 02:11:30,5,2,6,0
8jz9dl,2018-05-16 22:49:15,78,r/Shitty_Car_Mods,0,2018-05-17 02:26:32,6,1,31,0
8jz9dl,2018-05-16 22:49:15,78,r/Shitty_Car_Mods,0,2018-05-17 02:31:01,7,4,-3,0
8jz9dl,2018-05-16 22:49:15,78,r/Shitty_Car_Mods,0,2018-05-17 04:33:45,8,0,7,0
8jz9dl,2018-05-16 22:49:15,78,r/Shitty_Car_Mods,0,2018-05-17 04:30:41,8,0,13,0
8jz9dl,2018-05-16 22:49:15,78,r/Shitty_Car_Mods,0,2018-05-17 04:32:57,8,1,13,0
8jz9dl,2018-05-16 22:49:15,78,r/Shitty_Car_Mods,0,2018-05-17 04:57:10,9,0,0,0
8jz9dl,2018-05-16 22:49:15,78,r/Shitty_Car_Mods,0,2018-05-17 03:20:51,8,0,14,0
8jz9dl,2018-05-16 22:49:15,78,r/Shitty_Car_Mods,0,2018-05-17 02:30:18,6,0,7,0
8jz9dl,2018-05-16 22:49:15,78,r/Shitty_Car_Mods,0,2018-05-17 03:41:39,5,0,0,0
8jz9dl,2018-05-16 22:49:15,78,r/Shitty_Car_Mods,0,2018-05-17 02:00:45,4,3,-2,0
8jz9dl,2018-05-16 22:49:15,78,r/Shitty_Car_Mods,0,2018-05-17 02:12:06,5,2,15,0
8jz9dl,2018-05-16 22:49:15,78,r/Shitty_Car_Mods,0,2018-05-17 02:37:27,6,0,7,0
8jz9dl,2018-05-16 22:49:15,78,r/Shitty_Car_Mods,0,2018-05-17 02:25:24,6,1,4,0
8jz9dl,2018-05-16 22:49:15,78,r/Shitty_Car_Mods,0,2018-05-17 02:49:03,7,1,7,0
8jz9dl,2018-05-16 22:49:15,78,r/Shitty_Car_Mods,0,2018-05-17 03:00:23,8,1,6,0
8jz9dl,2018-05-16 22:49:15,78,r/Shitty_Car_Mods,0,2018-05-17 03:13:48,9,0,5,0
8jz9dl,2018-05-16 22:49:15,78,r/Shitty_Car_Mods,0,2018-05-17 03:34:46,5,1,2,0
8jz9dl,2018-05-16 22:49:15,78,r/Shitty_Car_Mods,0,2018-05-17 03:48:41,6,1,-3,0
8jz9dl,2018-05-16 22:49:15,78,r/Shitty_Car_Mods,0,2018-05-17 03:49:56,7,1,4,0
8jz9dl,2018-05-16 22:49:15,78,r/Shitty_Car_Mods,0,2018-05-17 03:56:02,8,2,-6,0
8jz9dl,2018-05-16 22:49:15,78,r/Shitty_Car_Mods,0,2018-05-17 03:56:33,9,1,7,0
8jz9dl,2018-05-16 22:49:15,78,r/Shitty_Car_Mods,0,2018-05-17 05:11:08,9,0,1,0
8jz9dl,2018-05-16 22:49:15,78,r/Shitty_Car_Mods,0,2018-05-17 03:51:11,5,1,-5,0
8jz9dl,2018-05-16 22:49:15,78,r/Shitty_Car_Mods,0,2018-05-17 04:35:59,6,0,3,0
8jz9dl,2018-05-16 22:49:15,78,r/Shitty_Car_Mods,0,2018-05-17 04:49:02,3,0,0,0
8jz9dl,2018-05-16 22:49:15,78,r/Shitty_Car_Mods,0,2018-05-17 04:27:59,2,1,3,0
8jz9dl,2018-05-16 22:49:15,78,r/Shitty_Car_Mods,0,2018-05-17 04:57:27,3,0,0,0
8jz9dl,2018-05-16 22:49:15,78,r/Shitty_Car_Mods,0,2018-05-17 04:53:36,2,0,1,0
8jz9dl,2018-05-16 22:49:15,78,r/Shitty_Car_Mods,0,2018-05-17 03:43:20,1,0,3,0
8jz9dl,2018-05-16 22:49:15,78,r/Shitty_Car_Mods,0,2018-05-17 04:07:32,1,0,3,0
8jz9dl,2018-05-16 22:49:15,78,r/Shitty_Car_Mods,1,2018-05-16 23:32:06,0,4,378,0
8jz9dl,2018-05-16 22:49:15,78,r/Shitty_Car_Mods,1,2018-05-17 00:20:03,1,4,108,0
8jz9dl,2018-05-16 22:49:15,78,r/Shitty_Car_Mods,1,2018-05-17 00:44:17,2,8,120,0
8jz9dl,2018-05-16 22:49:15,78,r/Shitty_Car_Mods,1,2018-05-17 01:14:28,3,1,75,0
8jz9dl,2018-05-16 22:49:15,78,r/Shitty_Car_Mods,1,2018-05-17 01:15:31,4,2,50,0
8jz9dl,2018-05-16 22:49:15,78,r/Shitty_Car_Mods,1,2018-05-17 02:12:46,5,2,19,0
8jz9dl,2018-05-16 22:49:15,78,r/Shitty_Car_Mods,1,2018-05-17 02:52:59,6,0,5,0
8jz9dl,2018-05-16 22:49:15,78,r/Shitty_Car_Mods,1,2018-05-17 02:50:27,6,1,-28,0
8jz9dl,2018-05-16 22:49:15,78,r/Shitty_Car_Mods,1,2018-05-17 03:51:17,7,0,2,0
8jz9dl,2018-05-16 22:49:15,78,r/Shitty_Car_Mods,1,2018-05-17 02:46:21,5,0,0,0
8jz9dl,2018-05-16 22:49:15,78,r/Shitty_Car_Mods,1,2018-05-17 01:20:11,3,1,22,0
8jz9dl,2018-05-16 22:49:15,78,r/Shitty_Car_Mods,1,2018-05-17 01:51:24,4,2,11,0
8jz9dl,2018-05-16 22:49:15,78,r/Shitty_Car_Mods,1,2018-05-17 02:04:57,5,1,19,0
8jz9dl,2018-05-16 22:49:15,78,r/Shitty_Car_Mods,1,2018-05-17 02:59:54,6,0,0,0
8jz9dl,2018-05-16 22:49:15,78,r/Shitty_Car_Mods,1,2018-05-17 02:26:28,5,2,4,0
8jz9dl,2018-05-16 22:49:15,78,r/Shitty_Car_Mods,1,2018-05-17 02:37:05,6,0,1,0
8jz9dl,2018-05-16 22:49:15,78,r/Shitty_Car_Mods,1,2018-05-17 02:58:58,6,0,0,0
8jz9dl,2018-05-16 22:49:15,78,r/Shitty_Car_Mods,1,2018-05-17 02:09:15,3,0,5,0
8jz9dl,2018-05-16 22:49:15,78,r/Shitty_Car_Mods,1,2018-05-17 02:23:13,3,1,5,0
8jz9dl,2018-05-16 22:49:15,78,r/Shitty_Car_Mods,1,2018-05-17 04:49:51,4,0,1,0
8jz9dl,2018-05-16 22:49:15,78,r/Shitty_Car_Mods,1,2018-05-17 03:01:10,3,1,9,0
8jz9dl,2018-05-16 22:49:15,78,r/Shitty_Car_Mods,1,2018-05-17 03:04:59,4,0,2,0
8jz9dl,2018-05-16 22:49:15,78,r/Shitty_Car_Mods,1,2018-05-17 04:47:57,3,1,2,0
8jz9dl,2018-05-16 22:49:15,78,r/Shitty_Car_Mods,1,2018-05-17 04:48:41,4,1,2,0
8jz9dl,2018-05-16 22:49:15,78,r/Shitty_Car_Mods,1,2018-05-17 05:01:54,5,0,2,0
8jz9dl,2018-05-16 22:49:15,78,r/Shitty_Car_Mods,1,2018-05-17 05:20:54,3,0,1,0
8jz9dl,2018-05-16 22:49:15,78,r/Shitty_Car_Mods,1,2018-05-17 02:30:14,3,0,0,0
8jz9dl,2018-05-16 22:49:15,78,r/Shitty_Car_Mods,1,2018-05-17 00:58:33,2,0,15,0
8jz9dl,2018-05-16 22:49:15,78,r/Shitty_Car_Mods,1,2018-05-17 00:56:06,2,1,6,0
8jz9dl,2018-05-16 22:49:15,78,r/Shitty_Car_Mods,1,2018-05-17 04:08:32,3,0,2,0
8jz9dl,2018-05-16 22:49:15,78,r/Shitty_Car_Mods,1,2018-05-17 02:52:46,2,0,2,0
8jz9dl,2018-05-16 22:49:15,78,r/Shitty_Car_Mods,1,2018-05-17 03:41:41,1,0,3,0
8jz9dl,2018-05-16 22:49:15,78,r/Shitty_Car_Mods,1,2018-05-17 02:32:42,1,3,2,0
8jz9dl,2018-05-16 22:49:15,78,r/Shitty_Car_Mods,1,2018-05-17 03:02:38,2,1,7,0
8jz9dl,2018-05-16 22:49:15,78,r/Shitty_Car_Mods,1,2018-05-17 03:27:10,3,1,2,0
8jz9dl,2018-05-16 22:49:15,78,r/Shitty_Car_Mods,1,2018-05-17 04:03:16,4,1,4,0
8jz9dl,2018-05-16 22:49:15,78,r/Shitty_Car_Mods,1,2018-05-17 04:08:49,5,0,6,0
8jz9dl,2018-05-16 22:49:15,78,r/Shitty_Car_Mods,1,2018-05-17 03:12:25,2,0,6,0
8jz9dl,2018-05-16 22:49:15,78,r/Shitty_Car_Mods,1,2018-05-17 04:06:56,2,1,2,0
8jz9dl,2018-05-16 22:49:15,78,r/Shitty_Car_Mods,1,2018-05-17 04:52:32,3,0,1,0
8jz9dl,2018-05-16 22:49:15,78,r/Shitty_Car_Mods,1,2018-05-17 04:39:48,1,0,1,0
8jz9dl,2018-05-16 22:49:15,78,r/Shitty_Car_Mods,2,2018-05-17 01:01:29,0,0,31,0
8jz9dl,2018-05-16 22:49:15,78,r/Shitty_Car_Mods,3,2018-05-16 23:40:36,0,1,50,0
8jz9dl,2018-05-16 22:49:15,78,r/Shitty_Car_Mods,3,2018-05-17 02:10:21,1,0,1,0
8jz9dl,2018-05-16 22:49:15,78,r/Shitty_Car_Mods,4,2018-05-17 02:15:35,0,0,22,0
8jz9dl,2018-05-16 22:49:15,78,r/Shitty_Car_Mods,5,2018-05-16 23:48:18,0,1,30,0
8jz9dl,2018-05-16 22:49:15,78,r/Shitty_Car_Mods,5,2018-05-17 00:26:00,1,1,26,0
8jz9dl,2018-05-16 22:49:15,78,r/Shitty_Car_Mods,5,2018-05-17 01:48:48,2,1,9,0
8jz9dl,2018-05-16 22:49:15,78,r/Shitty_Car_Mods,5,2018-05-17 01:51:54,3,2,3,0
8jz9dl,2018-05-16 22:49:15,78,r/Shitty_Car_Mods,5,2018-05-17 02:00:00,4,0,2,0
8jz9dl,2018-05-16 22:49:15,78,r/Shitty_Car_Mods,5,2018-05-17 01:52:02,4,0,1,0
8jz9dl,2018-05-16 22:49:15,78,r/Shitty_Car_Mods,6,2018-05-17 02:12:50,0,1,6,0
8jz9dl,2018-05-16 22:49:15,78,r/Shitty_Car_Mods,6,2018-05-17 02:26:18,1,0,1,0
8jz9dl,2018-05-16 22:49:15,78,r/Shitty_Car_Mods,7,2018-05-17 01:05:49,0,0,9,0
8jz9dl,2018-05-16 22:49:15,78,r/Shitty_Car_Mods,8,2018-05-17 00:20:09,0,1,13,0
8jz9dl,2018-05-16 22:49:15,78,r/Shitty_Car_Mods,8,2018-05-17 02:14:14,1,1,4,0
8jz9dl,2018-05-16 22:49:15,78,r/Shitty_Car_Mods,8,2018-05-17 02:15:32,2,0,2,0
8jz9dl,2018-05-16 22:49:15,78,r/Shitty_Car_Mods,9,2018-05-17 02:00:09,0,0,3,0
8jz9dl,2018-05-16 22:49:15,78,r/Shitty_Car_Mods,10,2018-05-17 03:10:44,0,0,3,0
8jz9dl,2018-05-16 22:49:15,78,r/Shitty_Car_Mods,11,2018-05-17 03:29:42,0,0,3,0
8jz9dl,2018-05-16 22:49:15,78,r/Shitty_Car_Mods,12,2018-05-17 03:52:43,0,0,3,0
8jz9dl,2018-05-16 22:49:15,78,r/Shitty_Car_Mods,13,2018-05-17 04:59:00,0,0,3,0
8jz9dl,2018-05-16 22:49:15,78,r/Shitty_Car_Mods,14,2018-05-17 01:57:59,0,0,6,0
8jz9dl,2018-05-16 22:49:15,78,r/Shitty_Car_Mods,15,2018-05-16 23:58:31,0,0,2,0
8jz9dl,2018-05-16 22:49:15,78,r/Shitty_Car_Mods,16,2018-05-17 01:05:49,0,0,2,0
8jz9dl,2018-05-16 22:49:15,78,r/Shitty_Car_Mods,17,2018-05-17 01:32:53,0,0,2,0
8jz9dl,2018-05-16 22:49:15,78,r/Shitty_Car_Mods,18,2018-05-17 01:43:01,0,0,2,0
8jz9dl,2018-05-16 22:49:15,78,r/Shitty_Car_Mods,19,2018-05-17 01:50:38,0,0,2,0
8jz9dl,2018-05-16 22:49:15,78,r/Shitty_Car_Mods,20,2018-05-17 01:51:42,0,0,2,0
8jz9dl,2018-05-16 22:49:15,78,r/Shitty_Car_Mods,21,2018-05-17 03:46:23,0,0,2,0
8jz9dl,2018-05-16 22:49:15,78,r/Shitty_Car_Mods,22,2018-05-17 00:13:50,0,2,4,0
8jz9dl,2018-05-16 22:49:15,78,r/Shitty_Car_Mods,22,2018-05-17 03:34:26,1,1,3,0
8jz9dl,2018-05-16 22:49:15,78,r/Shitty_Car_Mods,22,2018-05-17 04:59:48,2,0,1,0
8jz9dl,2018-05-16 22:49:15,78,r/Shitty_Car_Mods,22,2018-05-17 01:44:08,1,2,-9,0
8jz9dl,2018-05-16 22:49:15,78,r/Shitty_Car_Mods,22,2018-05-17 02:11:50,2,0,8,0
8jz9dl,2018-05-16 22:49:15,78,r/Shitty_Car_Mods,22,2018-05-17 03:11:43,2,1,3,0
8jz9dl,2018-05-16 22:49:15,78,r/Shitty_Car_Mods,22,2018-05-17 04:27:56,3,1,1,0
8jz9dl,2018-05-16 22:49:15,78,r/Shitty_Car_Mods,22,2018-05-17 05:01:09,4,0,1,0
8jz9dl,2018-05-16 22:49:15,78,r/Shitty_Car_Mods,23,2018-05-17 01:30:41,0,0,3,0
8jz9dl,2018-05-16 22:49:15,78,r/Shitty_Car_Mods,24,2018-05-17 01:43:10,0,0,3,0
8jz9dl,2018-05-16 22:49:15,78,r/Shitty_Car_Mods,25,2018-05-17 01:03:01,0,1,2,0
8jz9dl,2018-05-16 22:49:15,78,r/Shitty_Car_Mods,25,2018-05-17 01:35:22,1,0,1,0
8jz9dl,2018-05-16 22:49:15,78,r/Shitty_Car_Mods,26,2018-05-17 02:08:28,0,0,1,0
8jz9dl,2018-05-16 22:49:15,78,r/Shitty_Car_Mods,27,2018-05-17 02:09:21,0,1,1,0
8jz9dl,2018-05-16 22:49:15,78,r/Shitty_Car_Mods,27,2018-05-17 03:48:00,1,1,2,0
8jz9dl,2018-05-16 22:49:15,78,r/Shitty_Car_Mods,27,2018-05-17 04:26:49,2,0,1,0
8jz9dl,2018-05-16 22:49:15,78,r/Shitty_Car_Mods,28,2018-05-17 02:59:53,0,0,1,0
8jz9dl,2018-05-16 22:49:15,78,r/Shitty_Car_Mods,29,2018-05-17 03:04:29,0,0,1,0
8jz9dl,2018-05-16 22:49:15,78,r/Shitty_Car_Mods,30,2018-05-17 03:16:47,0,0,1,0
8jz9dl,2018-05-16 22:49:15,78,r/Shitty_Car_Mods,31,2018-05-17 03:22:04,0,0,1,0
8jz9dl,2018-05-16 22:49:15,78,r/Shitty_Car_Mods,32,2018-05-17 03:22:59,0,0,1,0
8jz9dl,2018-05-16 22:49:15,78,r/Shitty_Car_Mods,33,2018-05-17 03:49:05,0,1,1,0
8jz9dl,2018-05-16 22:49:15,78,r/Shitty_Car_Mods,33,2018-05-17 05:01:17,1,0,1,0
8jz9dl,2018-05-16 22:49:15,78,r/Shitty_Car_Mods,34,2018-05-17 03:53:33,0,0,1,0
8jz9dl,2018-05-16 22:49:15,78,r/Shitty_Car_Mods,35,2018-05-17 04:14:59,0,0,1,0
8jz9dl,2018-05-16 22:49:15,78,r/Shitty_Car_Mods,36,2018-05-17 04:18:14,0,0,1,0
8jz9dl,2018-05-16 22:49:15,78,r/Shitty_Car_Mods,37,2018-05-17 04:47:42,0,0,1,0
8jz9dl,2018-05-16 22:49:15,78,r/Shitty_Car_Mods,38,2018-05-17 05:08:24,0,0,1,0
8jz9dl,2018-05-16 22:49:15,78,r/Shitty_Car_Mods,39,2018-05-17 05:09:24,0,0,1,0
8jz9dl,2018-05-16 22:49:15,78,r/Shitty_Car_Mods,40,2018-05-17 00:17:05,0,0,1,0
8jz9dl,2018-05-16 22:49:15,78,r/Shitty_Car_Mods,41,2018-05-17 02:31:05,0,0,1,0
8jz9dl,2018-05-16 22:49:15,78,r/Shitty_Car_Mods,42,2018-05-16 22:58:11,0,2,0,0
8jz9dl,2018-05-16 22:49:15,78,r/Shitty_Car_Mods,42,2018-05-16 23:58:12,1,0,4,0
8jz9dl,2018-05-16 22:49:15,78,r/Shitty_Car_Mods,42,2018-05-17 00:29:06,1,0,-1,0
8jz9dl,2018-05-16 22:49:15,78,r/Shitty_Car_Mods,43,2018-05-17 01:12:01,0,0,-1,0
8jz9dl,2018-05-16 22:49:15,78,r/Shitty_Car_Mods,44,2018-05-16 23:30:00,0,0,0,0
8jz9dl,2018-05-16 22:49:15,78,r/Shitty_Car_Mods,45,2018-05-17 04:15:28,0,0,0,0
8jz9dl,2018-05-16 22:49:15,78,r/Shitty_Car_Mods,46,2018-05-16 22:55:14,0,2,-9,0
8jz9dl,2018-05-16 22:49:15,78,r/Shitty_Car_Mods,46,2018-05-16 23:43:14,1,2,5,0
8jz9dl,2018-05-16 22:49:15,78,r/Shitty_Car_Mods,46,2018-05-17 00:06:30,2,0,3,0
8jz9dl,2018-05-16 22:49:15,78,r/Shitty_Car_Mods,46,2018-05-16 23:46:20,2,0,2,0
8jz9dl,2018-05-16 22:49:15,78,r/Shitty_Car_Mods,46,2018-05-17 00:27:04,1,1,0,0
8jz9dl,2018-05-16 22:49:15,78,r/Shitty_Car_Mods,46,2018-05-17 01:14:18,2,0,3,0
8jz9dl,2018-05-16 22:49:15,78,r/Shitty_Car_Mods,47,2018-05-17 00:04:44,0,0,-2,0
8jytsu,2018-05-16 21:46:44,79,r/BlackPeopleTwitter,0,2018-05-16 22:58:11,0,4,523,0
8jytsu,2018-05-16 21:46:44,79,r/BlackPeopleTwitter,0,2018-05-17 00:44:51,1,1,96,0
8jytsu,2018-05-16 21:46:44,79,r/BlackPeopleTwitter,0,2018-05-17 01:25:29,2,1,37,0
8jytsu,2018-05-16 21:46:44,79,r/BlackPeopleTwitter,0,2018-05-17 02:16:21,3,1,21,0
8jytsu,2018-05-16 21:46:44,79,r/BlackPeopleTwitter,0,2018-05-17 02:55:43,4,1,25,0
8jytsu,2018-05-16 21:46:44,79,r/BlackPeopleTwitter,0,2018-05-17 03:53:22,5,3,6,0
8jytsu,2018-05-16 21:46:44,79,r/BlackPeopleTwitter,0,2018-05-17 03:55:03,6,0,6,0
8jytsu,2018-05-16 21:46:44,79,r/BlackPeopleTwitter,0,2018-05-17 04:23:20,6,0,1,0
8jytsu,2018-05-16 21:46:44,79,r/BlackPeopleTwitter,0,2018-05-17 04:38:08,6,0,1,0
8jytsu,2018-05-16 21:46:44,79,r/BlackPeopleTwitter,0,2018-05-17 03:44:03,1,0,10,0
8jytsu,2018-05-16 21:46:44,79,r/BlackPeopleTwitter,0,2018-05-17 02:47:40,1,0,9,0
8jytsu,2018-05-16 21:46:44,79,r/BlackPeopleTwitter,0,2018-05-17 04:25:40,1,0,3,0
8jytsu,2018-05-16 21:46:44,79,r/BlackPeopleTwitter,1,2018-05-16 22:29:49,0,13,1322,0
8jytsu,2018-05-16 21:46:44,79,r/BlackPeopleTwitter,1,2018-05-16 22:38:13,1,3,383,0
8jytsu,2018-05-16 21:46:44,79,r/BlackPeopleTwitter,1,2018-05-17 02:01:56,2,2,178,0
8jytsu,2018-05-16 21:46:44,79,r/BlackPeopleTwitter,1,2018-05-17 02:20:11,3,1,72,0
8jytsu,2018-05-16 21:46:44,79,r/BlackPeopleTwitter,1,2018-05-17 02:32:14,4,1,50,0
8jytsu,2018-05-16 21:46:44,79,r/BlackPeopleTwitter,1,2018-05-17 03:27:20,5,2,22,0
8jytsu,2018-05-16 21:46:44,79,r/BlackPeopleTwitter,1,2018-05-17 03:41:30,6,3,13,0
8jytsu,2018-05-16 21:46:44,79,r/BlackPeopleTwitter,1,2018-05-17 03:53:41,7,0,9,0
8jytsu,2018-05-16 21:46:44,79,r/BlackPeopleTwitter,1,2018-05-17 04:25:13,7,0,4,0
8jytsu,2018-05-16 21:46:44,79,r/BlackPeopleTwitter,1,2018-05-17 03:43:09,7,1,5,0
8jytsu,2018-05-16 21:46:44,79,r/BlackPeopleTwitter,1,2018-05-17 03:49:26,8,2,16,0
8jytsu,2018-05-16 21:46:44,79,r/BlackPeopleTwitter,1,2018-05-17 04:37:53,9,0,2,0
8jytsu,2018-05-16 21:46:44,79,r/BlackPeopleTwitter,1,2018-05-17 03:51:40,9,1,3,0
8jytsu,2018-05-16 21:46:44,79,r/BlackPeopleTwitter,1,2018-05-17 05:03:02,6,0,1,0
8jytsu,2018-05-16 21:46:44,79,r/BlackPeopleTwitter,1,2018-05-17 03:46:52,3,2,12,0
8jytsu,2018-05-16 21:46:44,79,r/BlackPeopleTwitter,1,2018-05-17 04:13:35,4,1,3,0
8jytsu,2018-05-16 21:46:44,79,r/BlackPeopleTwitter,1,2018-05-17 04:39:42,5,1,1,0
8jytsu,2018-05-16 21:46:44,79,r/BlackPeopleTwitter,1,2018-05-17 05:00:16,6,0,1,0
8jytsu,2018-05-16 21:46:44,79,r/BlackPeopleTwitter,1,2018-05-17 04:49:21,4,0,1,0
8jytsu,2018-05-16 21:46:44,79,r/BlackPeopleTwitter,1,2018-05-17 03:16:55,2,0,21,0
8jytsu,2018-05-16 21:46:44,79,r/BlackPeopleTwitter,1,2018-05-17 03:07:42,2,1,-13,0
8jytsu,2018-05-16 21:46:44,79,r/BlackPeopleTwitter,1,2018-05-17 03:25:14,3,1,6,0
8jytsu,2018-05-16 21:46:44,79,r/BlackPeopleTwitter,1,2018-05-17 03:39:57,4,1,3,0
8jytsu,2018-05-16 21:46:44,79,r/BlackPeopleTwitter,1,2018-05-17 04:38:05,5,0,1,0
8jytsu,2018-05-16 21:46:44,79,r/BlackPeopleTwitter,1,2018-05-17 00:27:42,1,0,9,0
8jytsu,2018-05-16 21:46:44,79,r/BlackPeopleTwitter,1,2018-05-16 22:48:22,1,0,13,0
8jytsu,2018-05-16 21:46:44,79,r/BlackPeopleTwitter,1,2018-05-17 02:03:20,1,0,6,0
8jytsu,2018-05-16 21:46:44,79,r/BlackPeopleTwitter,1,2018-05-16 23:44:56,1,10,64,0
8jytsu,2018-05-16 21:46:44,79,r/BlackPeopleTwitter,1,2018-05-16 23:56:10,2,4,159,0
8jytsu,2018-05-16 21:46:44,79,r/BlackPeopleTwitter,1,2018-05-17 01:53:30,3,3,15,0
8jytsu,2018-05-16 21:46:44,79,r/BlackPeopleTwitter,1,2018-05-17 02:03:45,4,2,27,0
8jytsu,2018-05-16 21:46:44,79,r/BlackPeopleTwitter,1,2018-05-17 02:07:32,5,2,2,0
8jytsu,2018-05-16 21:46:44,79,r/BlackPeopleTwitter,1,2018-05-17 04:57:16,6,0,1,0
8jytsu,2018-05-16 21:46:44,79,r/BlackPeopleTwitter,1,2018-05-17 05:07:03,6,0,1,0
8jytsu,2018-05-16 21:46:44,79,r/BlackPeopleTwitter,1,2018-05-17 04:00:34,5,0,1,0
8jytsu,2018-05-16 21:46:44,79,r/BlackPeopleTwitter,1,2018-05-17 03:49:29,4,1,2,0
8jytsu,2018-05-16 21:46:44,79,r/BlackPeopleTwitter,1,2018-05-17 04:33:18,5,0,1,0
8jytsu,2018-05-16 21:46:44,79,r/BlackPeopleTwitter,1,2018-05-17 04:01:41,4,1,2,0
8jytsu,2018-05-16 21:46:44,79,r/BlackPeopleTwitter,1,2018-05-17 04:31:23,5,1,1,0
8jytsu,2018-05-16 21:46:44,79,r/BlackPeopleTwitter,1,2018-05-17 05:09:35,6,0,1,0
8jytsu,2018-05-16 21:46:44,79,r/BlackPeopleTwitter,1,2018-05-16 23:58:41,3,1,21,0
8jytsu,2018-05-16 21:46:44,79,r/BlackPeopleTwitter,1,2018-05-17 01:44:56,4,2,10,0
8jytsu,2018-05-16 21:46:44,79,r/BlackPeopleTwitter,1,2018-05-17 02:24:35,5,0,4,0
8jytsu,2018-05-16 21:46:44,79,r/BlackPeopleTwitter,1,2018-05-17 01:49:42,5,1,4,0
8jytsu,2018-05-16 21:46:44,79,r/BlackPeopleTwitter,1,2018-05-17 02:53:52,6,0,1,0
8jytsu,2018-05-16 21:46:44,79,r/BlackPeopleTwitter,1,2018-05-17 03:17:56,3,2,2,0
8jytsu,2018-05-16 21:46:44,79,r/BlackPeopleTwitter,1,2018-05-17 03:51:36,4,2,0,0
8jytsu,2018-05-16 21:46:44,79,r/BlackPeopleTwitter,1,2018-05-17 03:54:44,5,0,2,0
8jytsu,2018-05-16 21:46:44,79,r/BlackPeopleTwitter,1,2018-05-17 04:02:01,5,1,1,0
8jytsu,2018-05-16 21:46:44,79,r/BlackPeopleTwitter,1,2018-05-17 05:01:39,6,0,1,0
8jytsu,2018-05-16 21:46:44,79,r/BlackPeopleTwitter,1,2018-05-17 04:28:11,4,0,-1,0
8jytsu,2018-05-16 21:46:44,79,r/BlackPeopleTwitter,1,2018-05-17 02:15:16,3,0,-15,0
8jytsu,2018-05-16 21:46:44,79,r/BlackPeopleTwitter,1,2018-05-17 01:26:23,2,0,12,0
8jytsu,2018-05-16 21:46:44,79,r/BlackPeopleTwitter,1,2018-05-17 01:48:23,2,0,5,0
8jytsu,2018-05-16 21:46:44,79,r/BlackPeopleTwitter,1,2018-05-17 00:49:38,2,0,10,0
8jytsu,2018-05-16 21:46:44,79,r/BlackPeopleTwitter,1,2018-05-17 01:58:28,2,0,4,0
8jytsu,2018-05-16 21:46:44,79,r/BlackPeopleTwitter,1,2018-05-17 02:39:39,2,0,2,0
8jytsu,2018-05-16 21:46:44,79,r/BlackPeopleTwitter,1,2018-05-17 03:38:58,2,1,1,0
8jytsu,2018-05-16 21:46:44,79,r/BlackPeopleTwitter,1,2018-05-17 03:42:21,3,1,-1,0
8jytsu,2018-05-16 21:46:44,79,r/BlackPeopleTwitter,1,2018-05-17 03:47:06,4,0,1,0
8jytsu,2018-05-16 21:46:44,79,r/BlackPeopleTwitter,1,2018-05-17 03:28:29,2,2,-5,0
8jytsu,2018-05-16 21:46:44,79,r/BlackPeopleTwitter,1,2018-05-17 04:30:28,3,0,1,0
8jytsu,2018-05-16 21:46:44,79,r/BlackPeopleTwitter,1,2018-05-17 05:06:09,3,0,1,0
8jytsu,2018-05-16 21:46:44,79,r/BlackPeopleTwitter,1,2018-05-17 03:31:49,2,1,-4,0
8jytsu,2018-05-16 21:46:44,79,r/BlackPeopleTwitter,1,2018-05-17 03:34:16,3,1,0,0
8jytsu,2018-05-16 21:46:44,79,r/BlackPeopleTwitter,1,2018-05-17 04:04:00,4,1,-2,0
8jytsu,2018-05-16 21:46:44,79,r/BlackPeopleTwitter,1,2018-05-17 04:30:02,5,0,1,0
8jytsu,2018-05-16 21:46:44,79,r/BlackPeopleTwitter,1,2018-05-17 04:14:50,2,0,0,0
8jytsu,2018-05-16 21:46:44,79,r/BlackPeopleTwitter,1,2018-05-17 02:56:07,1,0,4,0
8jytsu,2018-05-16 21:46:44,79,r/BlackPeopleTwitter,1,2018-05-17 02:04:32,1,0,3,0
8jytsu,2018-05-16 21:46:44,79,r/BlackPeopleTwitter,1,2018-05-17 04:28:57,1,0,2,0
8jytsu,2018-05-16 21:46:44,79,r/BlackPeopleTwitter,1,2018-05-17 03:38:50,1,0,1,0
8jytsu,2018-05-16 21:46:44,79,r/BlackPeopleTwitter,1,2018-05-17 04:10:02,1,0,1,0
8jytsu,2018-05-16 21:46:44,79,r/BlackPeopleTwitter,1,2018-05-17 04:27:29,1,0,1,0
8jytsu,2018-05-16 21:46:44,79,r/BlackPeopleTwitter,1,2018-05-17 05:17:40,1,0,1,0
8jytsu,2018-05-16 21:46:44,79,r/BlackPeopleTwitter,1,2018-05-17 00:43:25,1,0,1,0
8jytsu,2018-05-16 21:46:44,79,r/BlackPeopleTwitter,2,2018-05-16 22:15:07,0,0,216,0
8jytsu,2018-05-16 21:46:44,79,r/BlackPeopleTwitter,3,2018-05-17 01:20:42,0,2,138,0
8jytsu,2018-05-16 21:46:44,79,r/BlackPeopleTwitter,3,2018-05-17 02:09:59,1,0,7,0
8jytsu,2018-05-16 21:46:44,79,r/BlackPeopleTwitter,3,2018-05-17 04:18:23,1,0,4,0
8jytsu,2018-05-16 21:46:44,79,r/BlackPeopleTwitter,4,2018-05-16 22:26:32,0,1,58,0
8jytsu,2018-05-16 21:46:44,79,r/BlackPeopleTwitter,4,2018-05-17 02:21:20,1,0,7,0
8jytsu,2018-05-16 21:46:44,79,r/BlackPeopleTwitter,5,2018-05-17 00:43:15,0,1,91,0
8jytsu,2018-05-16 21:46:44,79,r/BlackPeopleTwitter,5,2018-05-17 04:07:47,1,0,11,0
8jytsu,2018-05-16 21:46:44,79,r/BlackPeopleTwitter,6,2018-05-17 00:46:43,0,1,168,0
8jytsu,2018-05-16 21:46:44,79,r/BlackPeopleTwitter,6,2018-05-17 01:33:05,1,2,31,0
8jytsu,2018-05-16 21:46:44,79,r/BlackPeopleTwitter,6,2018-05-17 04:02:04,2,1,23,0
8jytsu,2018-05-16 21:46:44,79,r/BlackPeopleTwitter,6,2018-05-17 04:17:20,3,0,4,0
8jytsu,2018-05-16 21:46:44,79,r/BlackPeopleTwitter,6,2018-05-17 04:12:49,2,0,2,0
8jytsu,2018-05-16 21:46:44,79,r/BlackPeopleTwitter,7,2018-05-16 22:57:57,0,3,159,0
8jytsu,2018-05-16 21:46:44,79,r/BlackPeopleTwitter,7,2018-05-17 00:27:17,1,1,17,0
8jytsu,2018-05-16 21:46:44,79,r/BlackPeopleTwitter,7,2018-05-17 02:24:45,2,0,1,0
8jytsu,2018-05-16 21:46:44,79,r/BlackPeopleTwitter,7,2018-05-17 01:30:41,1,3,19,0
8jytsu,2018-05-16 21:46:44,79,r/BlackPeopleTwitter,7,2018-05-17 03:20:40,2,0,2,0
8jytsu,2018-05-16 21:46:44,79,r/BlackPeopleTwitter,7,2018-05-17 04:46:27,2,0,1,0
8jytsu,2018-05-16 21:46:44,79,r/BlackPeopleTwitter,7,2018-05-17 04:03:38,2,0,-3,0
8jytsu,2018-05-16 21:46:44,79,r/BlackPeopleTwitter,7,2018-05-17 02:53:51,1,1,7,0
8jytsu,2018-05-16 21:46:44,79,r/BlackPeopleTwitter,7,2018-05-17 03:23:13,2,1,5,0
8jytsu,2018-05-16 21:46:44,79,r/BlackPeopleTwitter,7,2018-05-17 03:32:15,3,0,3,0
8jytsu,2018-05-16 21:46:44,79,r/BlackPeopleTwitter,8,2018-05-16 23:34:17,0,1,28,0
8jytsu,2018-05-16 21:46:44,79,r/BlackPeopleTwitter,8,2018-05-17 00:45:29,1,2,15,0
8jytsu,2018-05-16 21:46:44,79,r/BlackPeopleTwitter,8,2018-05-17 03:51:09,2,1,9,0
8jytsu,2018-05-16 21:46:44,79,r/BlackPeopleTwitter,8,2018-05-17 04:46:13,3,0,1,0
8jytsu,2018-05-16 21:46:44,79,r/BlackPeopleTwitter,8,2018-05-17 04:47:56,2,0,0,0
8jytsu,2018-05-16 21:46:44,79,r/BlackPeopleTwitter,9,2018-05-17 00:24:15,0,1,29,0
8jytsu,2018-05-16 21:46:44,79,r/BlackPeopleTwitter,9,2018-05-17 04:02:24,1,3,9,0
8jytsu,2018-05-16 21:46:44,79,r/BlackPeopleTwitter,9,2018-05-17 04:22:49,2,0,3,0
8jytsu,2018-05-16 21:46:44,79,r/BlackPeopleTwitter,9,2018-05-17 04:14:13,2,0,0,0
8jytsu,2018-05-16 21:46:44,79,r/BlackPeopleTwitter,9,2018-05-17 04:33:00,2,1,0,0
8jytsu,2018-05-16 21:46:44,79,r/BlackPeopleTwitter,9,2018-05-17 04:39:23,3,0,1,0
8jytsu,2018-05-16 21:46:44,79,r/BlackPeopleTwitter,10,2018-05-17 01:37:00,0,0,11,0
8jytsu,2018-05-16 21:46:44,79,r/BlackPeopleTwitter,11,2018-05-17 03:26:34,0,0,9,0
8jytsu,2018-05-16 21:46:44,79,r/BlackPeopleTwitter,12,2018-05-17 04:11:08,0,0,4,0
8jytsu,2018-05-16 21:46:44,79,r/BlackPeopleTwitter,13,2018-05-17 04:14:33,0,0,3,0
8jytsu,2018-05-16 21:46:44,79,r/BlackPeopleTwitter,14,2018-05-17 02:23:29,0,0,4,0
8jytsu,2018-05-16 21:46:44,79,r/BlackPeopleTwitter,15,2018-05-17 02:54:42,0,0,2,0
8jytsu,2018-05-16 21:46:44,79,r/BlackPeopleTwitter,16,2018-05-17 00:22:06,0,0,5,0
8jytsu,2018-05-16 21:46:44,79,r/BlackPeopleTwitter,17,2018-05-17 03:15:21,0,0,4,0
8jytsu,2018-05-16 21:46:44,79,r/BlackPeopleTwitter,18,2018-05-16 22:23:21,0,1,4,0
8jytsu,2018-05-16 21:46:44,79,r/BlackPeopleTwitter,18,2018-05-16 22:46:20,1,1,7,0
8jytsu,2018-05-16 21:46:44,79,r/BlackPeopleTwitter,18,2018-05-17 01:58:11,2,0,1,0
8jytsu,2018-05-16 21:46:44,79,r/BlackPeopleTwitter,19,2018-05-16 22:54:27,0,0,2,0
8jytsu,2018-05-16 21:46:44,79,r/BlackPeopleTwitter,20,2018-05-17 03:50:37,0,0,2,0
8jytsu,2018-05-16 21:46:44,79,r/BlackPeopleTwitter,21,2018-05-17 04:34:34,0,0,1,0
8jytsu,2018-05-16 21:46:44,79,r/BlackPeopleTwitter,22,2018-05-17 04:52:13,0,0,1,0
8jytsu,2018-05-16 21:46:44,79,r/BlackPeopleTwitter,23,2018-05-17 05:02:11,0,0,1,0
8jytsu,2018-05-16 21:46:44,79,r/BlackPeopleTwitter,24,2018-05-17 02:01:25,0,1,-2,0
8jytsu,2018-05-16 21:46:44,79,r/BlackPeopleTwitter,24,2018-05-17 03:43:23,1,1,4,0
8jytsu,2018-05-16 21:46:44,79,r/BlackPeopleTwitter,24,2018-05-17 04:03:28,2,0,-3,0
8jytsu,2018-05-16 21:46:44,79,r/BlackPeopleTwitter,25,2018-05-17 03:46:37,0,1,1,0
8jytsu,2018-05-16 21:46:44,79,r/BlackPeopleTwitter,25,2018-05-17 03:49:56,1,0,2,0
8jytsu,2018-05-16 21:46:44,79,r/BlackPeopleTwitter,26,2018-05-17 03:54:17,0,0,1,0
8jytsu,2018-05-16 21:46:44,79,r/BlackPeopleTwitter,27,2018-05-16 23:28:25,0,0,0,0
8jytsu,2018-05-16 21:46:44,79,r/BlackPeopleTwitter,28,2018-05-17 03:54:48,0,0,0,0
8jytsu,2018-05-16 21:46:44,79,r/BlackPeopleTwitter,29,2018-05-17 02:43:29,0,1,-7,0
8jytsu,2018-05-16 21:46:44,79,r/BlackPeopleTwitter,29,2018-05-17 03:42:13,1,1,8,0
8jytsu,2018-05-16 21:46:44,79,r/BlackPeopleTwitter,29,2018-05-17 04:06:44,2,2,-3,0
8jytsu,2018-05-16 21:46:44,79,r/BlackPeopleTwitter,29,2018-05-17 04:19:34,3,0,2,0
8jytsu,2018-05-16 21:46:44,79,r/BlackPeopleTwitter,29,2018-05-17 04:46:10,3,0,2,0
8jytsu,2018-05-16 21:46:44,79,r/BlackPeopleTwitter,30,2018-05-17 03:31:48,0,1,-2,0
8jytsu,2018-05-16 21:46:44,79,r/BlackPeopleTwitter,30,2018-05-17 04:52:59,1,0,1,0
8jytsu,2018-05-16 21:46:44,79,r/BlackPeopleTwitter,31,2018-05-17 04:10:51,0,0,-4,0
8jzf1u,2018-05-16 23:11:28,80,r/IDontWorkHereLady,0,2018-05-16 23:26:34,0,9,828,0
8jzf1u,2018-05-16 23:11:28,80,r/IDontWorkHereLady,0,2018-05-16 23:31:57,1,1,205,0
8jzf1u,2018-05-16 23:11:28,80,r/IDontWorkHereLady,0,2018-05-17 00:11:03,2,7,82,0
8jzf1u,2018-05-16 23:11:28,80,r/IDontWorkHereLady,0,2018-05-17 00:43:56,3,3,52,0
8jzf1u,2018-05-16 23:11:28,80,r/IDontWorkHereLady,0,2018-05-17 01:29:26,4,3,77,0
8jzf1u,2018-05-16 23:11:28,80,r/IDontWorkHereLady,0,2018-05-17 02:10:21,5,0,18,0
8jzf1u,2018-05-16 23:11:28,80,r/IDontWorkHereLady,0,2018-05-17 02:53:40,5,0,11,0
8jzf1u,2018-05-16 23:11:28,80,r/IDontWorkHereLady,0,2018-05-17 03:46:09,5,0,1,0
8jzf1u,2018-05-16 23:11:28,80,r/IDontWorkHereLady,0,2018-05-17 02:42:04,4,0,2,0
8jzf1u,2018-05-16 23:11:28,80,r/IDontWorkHereLady,0,2018-05-17 04:57:18,4,0,1,0
8jzf1u,2018-05-16 23:11:28,80,r/IDontWorkHereLady,0,2018-05-17 00:30:41,3,0,13,0
8jzf1u,2018-05-16 23:11:28,80,r/IDontWorkHereLady,0,2018-05-17 01:29:22,3,0,10,0
8jzf1u,2018-05-16 23:11:28,80,r/IDontWorkHereLady,0,2018-05-17 02:06:23,3,0,3,0
8jzf1u,2018-05-16 23:11:28,80,r/IDontWorkHereLady,0,2018-05-17 04:37:40,3,0,1,0
8jzf1u,2018-05-16 23:11:28,80,r/IDontWorkHereLady,0,2018-05-17 01:49:46,3,0,1,0
8jzf1u,2018-05-16 23:11:28,80,r/IDontWorkHereLady,0,2018-05-17 03:47:50,3,0,1,0
8jzf1u,2018-05-16 23:11:28,80,r/IDontWorkHereLady,0,2018-05-16 23:39:43,1,3,53,0
8jzf1u,2018-05-16 23:11:28,80,r/IDontWorkHereLady,0,2018-05-16 23:56:00,2,5,58,0
8jzf1u,2018-05-16 23:11:28,80,r/IDontWorkHereLady,0,2018-05-17 00:11:26,3,0,40,0
8jzf1u,2018-05-16 23:11:28,80,r/IDontWorkHereLady,0,2018-05-17 03:05:14,3,1,13,0
8jzf1u,2018-05-16 23:11:28,80,r/IDontWorkHereLady,0,2018-05-17 04:27:17,4,0,1,0
8jzf1u,2018-05-16 23:11:28,80,r/IDontWorkHereLady,0,2018-05-17 01:02:07,3,0,3,0
8jzf1u,2018-05-16 23:11:28,80,r/IDontWorkHereLady,0,2018-05-17 03:33:56,3,0,3,0
8jzf1u,2018-05-16 23:11:28,80,r/IDontWorkHereLady,0,2018-05-17 03:30:25,3,0,1,0
8jzf1u,2018-05-16 23:11:28,80,r/IDontWorkHereLady,0,2018-05-17 04:28:11,2,1,1,0
8jzf1u,2018-05-16 23:11:28,80,r/IDontWorkHereLady,0,2018-05-17 05:03:15,3,1,1,0
8jzf1u,2018-05-16 23:11:28,80,r/IDontWorkHereLady,0,2018-05-17 05:08:02,4,0,1,0
8jzf1u,2018-05-16 23:11:28,80,r/IDontWorkHereLady,0,2018-05-17 04:26:15,2,0,1,0
8jzf1u,2018-05-16 23:11:28,80,r/IDontWorkHereLady,0,2018-05-17 00:18:51,1,2,11,0
8jzf1u,2018-05-16 23:11:28,80,r/IDontWorkHereLady,0,2018-05-17 00:23:52,2,1,11,0
8jzf1u,2018-05-16 23:11:28,80,r/IDontWorkHereLady,0,2018-05-17 03:27:15,3,0,3,0
8jzf1u,2018-05-16 23:11:28,80,r/IDontWorkHereLady,0,2018-05-17 01:40:22,2,1,2,0
8jzf1u,2018-05-16 23:11:28,80,r/IDontWorkHereLady,0,2018-05-17 03:42:05,3,0,1,0
8jzf1u,2018-05-16 23:11:28,80,r/IDontWorkHereLady,0,2018-05-17 00:14:20,1,0,11,0
8jzf1u,2018-05-16 23:11:28,80,r/IDontWorkHereLady,0,2018-05-17 02:58:28,1,0,1,0
8jzf1u,2018-05-16 23:11:28,80,r/IDontWorkHereLady,0,2018-05-17 03:45:13,1,0,1,0
8jzf1u,2018-05-16 23:11:28,80,r/IDontWorkHereLady,0,2018-05-17 04:04:07,1,0,1,0
8jzf1u,2018-05-16 23:11:28,80,r/IDontWorkHereLady,0,2018-05-17 04:51:52,1,0,1,0
8jzf1u,2018-05-16 23:11:28,80,r/IDontWorkHereLady,0,2018-05-17 03:32:28,1,0,0,0
8jzf1u,2018-05-16 23:11:28,80,r/IDontWorkHereLady,1,2018-05-16 23:24:19,0,2,137,0
8jzf1u,2018-05-16 23:11:28,80,r/IDontWorkHereLady,1,2018-05-17 01:01:04,1,1,73,0
8jzf1u,2018-05-16 23:11:28,80,r/IDontWorkHereLady,1,2018-05-17 03:48:35,2,1,5,0
8jzf1u,2018-05-16 23:11:28,80,r/IDontWorkHereLady,1,2018-05-17 04:11:49,3,0,2,0
8jzf1u,2018-05-16 23:11:28,80,r/IDontWorkHereLady,1,2018-05-17 03:53:17,1,0,15,0
8jzf1u,2018-05-16 23:11:28,80,r/IDontWorkHereLady,2,2018-05-16 23:20:36,0,0,169,0
8jzf1u,2018-05-16 23:11:28,80,r/IDontWorkHereLady,3,2018-05-17 00:14:06,0,0,110,0
8jzf1u,2018-05-16 23:11:28,80,r/IDontWorkHereLady,4,2018-05-17 00:17:38,0,2,103,0
8jzf1u,2018-05-16 23:11:28,80,r/IDontWorkHereLady,4,2018-05-17 03:06:26,1,1,44,0
8jzf1u,2018-05-16 23:11:28,80,r/IDontWorkHereLady,4,2018-05-17 04:18:08,2,1,5,0
8jzf1u,2018-05-16 23:11:28,80,r/IDontWorkHereLady,4,2018-05-17 04:24:12,3,2,1,0
8jzf1u,2018-05-16 23:11:28,80,r/IDontWorkHereLady,4,2018-05-17 04:53:51,4,0,1,0
8jzf1u,2018-05-16 23:11:28,80,r/IDontWorkHereLady,4,2018-05-17 04:59:51,4,0,1,0
8jzf1u,2018-05-16 23:11:28,80,r/IDontWorkHereLady,4,2018-05-17 01:34:17,1,1,30,0
8jzf1u,2018-05-16 23:11:28,80,r/IDontWorkHereLady,4,2018-05-17 02:38:02,2,0,5,0
8jzf1u,2018-05-16 23:11:28,80,r/IDontWorkHereLady,5,2018-05-17 02:10:30,0,2,39,0
8jzf1u,2018-05-16 23:11:28,80,r/IDontWorkHereLady,5,2018-05-17 02:17:06,1,0,13,0
8jzf1u,2018-05-16 23:11:28,80,r/IDontWorkHereLady,5,2018-05-17 04:52:29,1,1,1,0
8jzf1u,2018-05-16 23:11:28,80,r/IDontWorkHereLady,5,2018-05-17 05:01:27,2,0,1,0
8jzf1u,2018-05-16 23:11:28,80,r/IDontWorkHereLady,6,2018-05-16 23:30:07,0,4,56,0
8jzf1u,2018-05-16 23:11:28,80,r/IDontWorkHereLady,6,2018-05-17 03:07:06,1,1,7,0
8jzf1u,2018-05-16 23:11:28,80,r/IDontWorkHereLady,6,2018-05-17 03:15:19,2,0,3,0
8jzf1u,2018-05-16 23:11:28,80,r/IDontWorkHereLady,6,2018-05-17 00:05:44,1,1,21,0
8jzf1u,2018-05-16 23:11:28,80,r/IDontWorkHereLady,6,2018-05-17 01:46:19,2,1,4,0
8jzf1u,2018-05-16 23:11:28,80,r/IDontWorkHereLady,6,2018-05-17 04:16:21,3,1,1,0
8jzf1u,2018-05-16 23:11:28,80,r/IDontWorkHereLady,6,2018-05-17 04:46:23,4,0,1,0
8jzf1u,2018-05-16 23:11:28,80,r/IDontWorkHereLady,6,2018-05-17 02:46:15,1,0,5,0
8jzf1u,2018-05-16 23:11:28,80,r/IDontWorkHereLady,6,2018-05-17 03:33:49,1,1,2,0
8jzf1u,2018-05-16 23:11:28,80,r/IDontWorkHereLady,6,2018-05-17 03:36:05,2,0,1,0
8jzf1u,2018-05-16 23:11:28,80,r/IDontWorkHereLady,7,2018-05-16 23:30:48,0,1,111,0
8jzf1u,2018-05-16 23:11:28,80,r/IDontWorkHereLady,7,2018-05-17 00:21:56,1,2,28,0
8jzf1u,2018-05-16 23:11:28,80,r/IDontWorkHereLady,7,2018-05-17 01:46:50,2,0,9,0
8jzf1u,2018-05-16 23:11:28,80,r/IDontWorkHereLady,7,2018-05-17 03:51:16,2,1,2,0
8jzf1u,2018-05-16 23:11:28,80,r/IDontWorkHereLady,7,2018-05-17 04:26:29,3,1,1,0
8jzf1u,2018-05-16 23:11:28,80,r/IDontWorkHereLady,7,2018-05-17 04:28:08,4,0,1,0
8jzf1u,2018-05-16 23:11:28,80,r/IDontWorkHereLady,8,2018-05-17 03:29:23,0,3,23,0
8jzf1u,2018-05-16 23:11:28,80,r/IDontWorkHereLady,8,2018-05-17 03:51:27,1,0,12,0
8jzf1u,2018-05-16 23:11:28,80,r/IDontWorkHereLady,8,2018-05-17 04:14:40,1,0,2,0
8jzf1u,2018-05-16 23:11:28,80,r/IDontWorkHereLady,8,2018-05-17 04:30:46,1,0,1,0
8jzf1u,2018-05-16 23:11:28,80,r/IDontWorkHereLady,9,2018-05-16 23:18:49,0,6,163,0
8jzf1u,2018-05-16 23:11:28,80,r/IDontWorkHereLady,9,2018-05-17 02:27:44,1,2,27,0
8jzf1u,2018-05-16 23:11:28,80,r/IDontWorkHereLady,9,2018-05-17 04:32:09,2,0,1,0
8jzf1u,2018-05-16 23:11:28,80,r/IDontWorkHereLady,9,2018-05-17 04:09:11,2,0,4,0
8jzf1u,2018-05-16 23:11:28,80,r/IDontWorkHereLady,9,2018-05-16 23:30:46,1,0,17,0
8jzf1u,2018-05-16 23:11:28,80,r/IDontWorkHereLady,9,2018-05-17 00:54:19,1,1,13,0
8jzf1u,2018-05-16 23:11:28,80,r/IDontWorkHereLady,9,2018-05-17 02:10:10,2,0,3,0
8jzf1u,2018-05-16 23:11:28,80,r/IDontWorkHereLady,9,2018-05-16 23:31:35,1,1,29,0
8jzf1u,2018-05-16 23:11:28,80,r/IDontWorkHereLady,9,2018-05-17 02:10:38,2,2,34,0
8jzf1u,2018-05-16 23:11:28,80,r/IDontWorkHereLady,9,2018-05-17 02:41:12,3,1,21,0
8jzf1u,2018-05-16 23:11:28,80,r/IDontWorkHereLady,9,2018-05-17 04:58:04,4,0,1,0
8jzf1u,2018-05-16 23:11:28,80,r/IDontWorkHereLady,9,2018-05-17 04:55:05,3,0,1,0
8jzf1u,2018-05-16 23:11:28,80,r/IDontWorkHereLady,9,2018-05-16 23:34:44,1,0,16,0
8jzf1u,2018-05-16 23:11:28,80,r/IDontWorkHereLady,9,2018-05-17 04:19:15,1,0,-5,0
8jzf1u,2018-05-16 23:11:28,80,r/IDontWorkHereLady,10,2018-05-17 00:14:33,0,3,114,0
8jzf1u,2018-05-16 23:11:28,80,r/IDontWorkHereLady,10,2018-05-17 01:46:12,1,1,65,0
8jzf1u,2018-05-16 23:11:28,80,r/IDontWorkHereLady,10,2018-05-17 04:20:54,2,0,1,0
8jzf1u,2018-05-16 23:11:28,80,r/IDontWorkHereLady,10,2018-05-17 02:36:42,1,1,27,0
8jzf1u,2018-05-16 23:11:28,80,r/IDontWorkHereLady,10,2018-05-17 02:37:54,2,0,20,0
8jzf1u,2018-05-16 23:11:28,80,r/IDontWorkHereLady,10,2018-05-17 02:30:50,1,3,-10,0
8jzf1u,2018-05-16 23:11:28,80,r/IDontWorkHereLady,10,2018-05-17 04:12:48,2,0,11,0
8jzf1u,2018-05-16 23:11:28,80,r/IDontWorkHereLady,10,2018-05-17 03:31:07,2,1,6,0
8jzf1u,2018-05-16 23:11:28,80,r/IDontWorkHereLady,10,2018-05-17 03:34:10,3,1,-2,0
8jzf1u,2018-05-16 23:11:28,80,r/IDontWorkHereLady,10,2018-05-17 03:39:05,4,1,2,0
8jzf1u,2018-05-16 23:11:28,80,r/IDontWorkHereLady,10,2018-05-17 03:51:46,5,0,-1,0
8jzf1u,2018-05-16 23:11:28,80,r/IDontWorkHereLady,10,2018-05-17 03:25:29,2,0,2,0
8jzf1u,2018-05-16 23:11:28,80,r/IDontWorkHereLady,11,2018-05-17 00:36:20,0,1,57,0
8jzf1u,2018-05-16 23:11:28,80,r/IDontWorkHereLady,11,2018-05-17 02:34:06,1,2,-20,0
8jzf1u,2018-05-16 23:11:28,80,r/IDontWorkHereLady,11,2018-05-17 02:49:51,2,2,14,0
8jzf1u,2018-05-16 23:11:28,80,r/IDontWorkHereLady,11,2018-05-17 03:13:07,3,1,-3,0
8jzf1u,2018-05-16 23:11:28,80,r/IDontWorkHereLady,11,2018-05-17 04:24:08,4,0,1,0
8jzf1u,2018-05-16 23:11:28,80,r/IDontWorkHereLady,11,2018-05-17 04:12:02,3,1,-4,0
8jzf1u,2018-05-16 23:11:28,80,r/IDontWorkHereLady,11,2018-05-17 04:19:17,4,1,1,0
8jzf1u,2018-05-16 23:11:28,80,r/IDontWorkHereLady,11,2018-05-17 04:22:04,5,1,1,0
8jzf1u,2018-05-16 23:11:28,80,r/IDontWorkHereLady,11,2018-05-17 04:32:55,6,0,1,0
8jzf1u,2018-05-16 23:11:28,80,r/IDontWorkHereLady,11,2018-05-17 02:41:53,2,0,3,0
8jzf1u,2018-05-16 23:11:28,80,r/IDontWorkHereLady,12,2018-05-17 00:17:32,0,3,70,0
8jzf1u,2018-05-16 23:11:28,80,r/IDontWorkHereLady,12,2018-05-17 01:13:43,1,0,12,0
8jzf1u,2018-05-16 23:11:28,80,r/IDontWorkHereLady,12,2018-05-17 01:05:04,1,0,23,0
8jzf1u,2018-05-16 23:11:28,80,r/IDontWorkHereLady,12,2018-05-17 02:15:17,1,0,3,0
8jzf1u,2018-05-16 23:11:28,80,r/IDontWorkHereLady,13,2018-05-17 00:27:06,0,1,53,0
8jzf1u,2018-05-16 23:11:28,80,r/IDontWorkHereLady,13,2018-05-17 02:35:51,1,1,-10,0
8jzf1u,2018-05-16 23:11:28,80,r/IDontWorkHereLady,13,2018-05-17 04:24:58,2,0,1,0
8jzf1u,2018-05-16 23:11:28,80,r/IDontWorkHereLady,14,2018-05-17 02:03:35,0,1,3,0
8jzf1u,2018-05-16 23:11:28,80,r/IDontWorkHereLady,14,2018-05-17 02:21:41,1,1,2,0
8jzf1u,2018-05-16 23:11:28,80,r/IDontWorkHereLady,14,2018-05-17 02:27:34,2,0,1,0
8jzf1u,2018-05-16 23:11:28,80,r/IDontWorkHereLady,15,2018-05-17 00:03:21,0,0,13,0
8jzf1u,2018-05-16 23:11:28,80,r/IDontWorkHereLady,16,2018-05-17 00:54:39,0,1,27,0
8jzf1u,2018-05-16 23:11:28,80,r/IDontWorkHereLady,16,2018-05-17 03:30:41,1,0,1,0
8jzf1u,2018-05-16 23:11:28,80,r/IDontWorkHereLady,17,2018-05-16 23:38:40,0,2,4,0
8jzf1u,2018-05-16 23:11:28,80,r/IDontWorkHereLady,17,2018-05-17 03:10:33,1,0,1,0
8jzf1u,2018-05-16 23:11:28,80,r/IDontWorkHereLady,17,2018-05-17 00:31:20,1,1,0,0
8jzf1u,2018-05-16 23:11:28,80,r/IDontWorkHereLady,17,2018-05-17 00:46:52,2,1,1,0
8jzf1u,2018-05-16 23:11:28,80,r/IDontWorkHereLady,17,2018-05-17 01:45:12,3,0,0,0
8jzf1u,2018-05-16 23:11:28,80,r/IDontWorkHereLady,18,2018-05-17 03:11:00,0,1,10,0
8jzf1u,2018-05-16 23:11:28,80,r/IDontWorkHereLady,18,2018-05-17 04:16:24,1,0,-1,0
8jzf1u,2018-05-16 23:11:28,80,r/IDontWorkHereLady,19,2018-05-17 03:29:16,0,0,7,0
8jzf1u,2018-05-16 23:11:28,80,r/IDontWorkHereLady,20,2018-05-17 02:05:34,0,1,12,0
8jzf1u,2018-05-16 23:11:28,80,r/IDontWorkHereLady,20,2018-05-17 03:29:28,1,0,-6,0
8jzf1u,2018-05-16 23:11:28,80,r/IDontWorkHereLady,21,2018-05-17 02:22:52,0,1,6,0
8jzf1u,2018-05-16 23:11:28,80,r/IDontWorkHereLady,21,2018-05-17 03:17:59,1,0,0,0
8jzf1u,2018-05-16 23:11:28,80,r/IDontWorkHereLady,22,2018-05-17 00:43:32,0,0,4,0
8jzf1u,2018-05-16 23:11:28,80,r/IDontWorkHereLady,23,2018-05-16 23:36:54,0,0,7,0
8jzf1u,2018-05-16 23:11:28,80,r/IDontWorkHereLady,24,2018-05-17 01:27:57,0,0,2,0
8jzf1u,2018-05-16 23:11:28,80,r/IDontWorkHereLady,25,2018-05-17 01:45:56,0,0,2,0
8jzf1u,2018-05-16 23:11:28,80,r/IDontWorkHereLady,26,2018-05-17 02:35:26,0,1,2,0
8jzf1u,2018-05-16 23:11:28,80,r/IDontWorkHereLady,26,2018-05-17 03:58:47,1,0,1,0
8jzf1u,2018-05-16 23:11:28,80,r/IDontWorkHereLady,27,2018-05-17 02:50:30,0,0,2,0
8jzf1u,2018-05-16 23:11:28,80,r/IDontWorkHereLady,28,2018-05-17 02:57:04,0,1,2,0
8jzf1u,2018-05-16 23:11:28,80,r/IDontWorkHereLady,28,2018-05-17 04:00:35,1,0,1,0
8jzf1u,2018-05-16 23:11:28,80,r/IDontWorkHereLady,29,2018-05-17 02:59:01,0,1,2,0
8jzf1u,2018-05-16 23:11:28,80,r/IDontWorkHereLady,29,2018-05-17 03:19:47,1,0,2,0
8jzf1u,2018-05-16 23:11:28,80,r/IDontWorkHereLady,30,2018-05-17 03:00:22,0,0,2,0
8jzf1u,2018-05-16 23:11:28,80,r/IDontWorkHereLady,31,2018-05-17 03:12:41,0,1,2,0
8jzf1u,2018-05-16 23:11:28,80,r/IDontWorkHereLady,31,2018-05-17 04:15:50,1,0,1,0
8jzf1u,2018-05-16 23:11:28,80,r/IDontWorkHereLady,32,2018-05-17 03:54:39,0,0,2,0
8jzf1u,2018-05-16 23:11:28,80,r/IDontWorkHereLady,33,2018-05-17 04:23:56,0,1,1,0
8jzf1u,2018-05-16 23:11:28,80,r/IDontWorkHereLady,33,2018-05-17 04:25:23,1,0,1,0
8jzf1u,2018-05-16 23:11:28,80,r/IDontWorkHereLady,34,2018-05-17 04:38:41,0,0,1,0
8jzf1u,2018-05-16 23:11:28,80,r/IDontWorkHereLady,35,2018-05-17 04:48:22,0,0,1,0
8jzf1u,2018-05-16 23:11:28,80,r/IDontWorkHereLady,36,2018-05-17 05:08:57,0,0,1,0
8jzf1u,2018-05-16 23:11:28,80,r/IDontWorkHereLady,37,2018-05-17 05:12:52,0,1,1,0
8jzf1u,2018-05-16 23:11:28,80,r/IDontWorkHereLady,37,2018-05-17 05:12:54,1,0,1,0
8jzf1u,2018-05-16 23:11:28,80,r/IDontWorkHereLady,38,2018-05-17 00:03:41,0,0,3,0
8jzf1u,2018-05-16 23:11:28,80,r/IDontWorkHereLady,39,2018-05-17 01:05:10,0,0,3,0
8jzf1u,2018-05-16 23:11:28,80,r/IDontWorkHereLady,40,2018-05-17 00:24:21,0,0,4,0
8jzf1u,2018-05-16 23:11:28,80,r/IDontWorkHereLady,41,2018-05-17 00:46:51,0,0,4,0
8jzf1u,2018-05-16 23:11:28,80,r/IDontWorkHereLady,42,2018-05-17 04:32:14,0,0,1,0
8jzf1u,2018-05-16 23:11:28,80,r/IDontWorkHereLady,43,2018-05-17 04:35:48,0,1,1,0
8jzf1u,2018-05-16 23:11:28,80,r/IDontWorkHereLady,43,2018-05-17 04:35:53,1,0,1,0
8jzf1u,2018-05-16 23:11:28,80,r/IDontWorkHereLady,44,2018-05-17 04:44:31,0,0,1,0
8jzf1u,2018-05-16 23:11:28,80,r/IDontWorkHereLady,45,2018-05-17 05:19:54,0,0,1,0
8jzf1u,2018-05-16 23:11:28,80,r/IDontWorkHereLady,46,2018-05-17 00:36:51,0,1,0,0
8jzf1u,2018-05-16 23:11:28,80,r/IDontWorkHereLady,46,2018-05-17 05:11:43,1,0,1,0
8jzf1u,2018-05-16 23:11:28,80,r/IDontWorkHereLady,47,2018-05-17 01:12:35,0,0,1,0
8jzf1u,2018-05-16 23:11:28,80,r/IDontWorkHereLady,48,2018-05-16 23:48:42,0,0,-1,0
8jzf1u,2018-05-16 23:11:28,80,r/IDontWorkHereLady,49,2018-05-16 23:46:09,0,0,-2,0
8jzf1u,2018-05-16 23:11:28,80,r/IDontWorkHereLady,50,2018-05-17 00:23:15,0,1,-3,0
8jzf1u,2018-05-16 23:11:28,80,r/IDontWorkHereLady,50,2018-05-17 03:27:14,1,0,1,0
8jzf1u,2018-05-16 23:11:28,80,r/IDontWorkHereLady,51,2018-05-17 02:40:33,0,0,-4,0
8jyoks,2018-05-16 21:27:22,81,r/worldnews,0,2018-05-16 21:33:02,0,8,698,0
8jyoks,2018-05-16 21:27:22,81,r/worldnews,0,2018-05-16 21:47:04,1,11,473,0
8jyoks,2018-05-16 21:27:22,81,r/worldnews,0,2018-05-17 04:17:19,2,3,1,0
8jyoks,2018-05-16 21:27:22,81,r/worldnews,0,2018-05-17 04:56:24,3,1,1,0
8jyoks,2018-05-16 21:27:22,81,r/worldnews,0,2018-05-17 05:17:58,4,0,1,0
8jyoks,2018-05-16 21:27:22,81,r/worldnews,0,2018-05-17 04:38:02,3,0,1,0
8jyoks,2018-05-16 21:27:22,81,r/worldnews,0,2018-05-17 03:32:46,2,5,115,0
8jyoks,2018-05-16 21:27:22,81,r/worldnews,0,2018-05-17 03:39:15,3,3,38,0
8jyoks,2018-05-16 21:27:22,81,r/worldnews,0,2018-05-17 04:00:40,4,3,1,0
8jyoks,2018-05-16 21:27:22,81,r/worldnews,0,2018-05-17 04:06:25,5,0,1,0
8jyoks,2018-05-16 21:27:22,81,r/worldnews,0,2018-05-17 04:06:12,5,3,1,0
8jyoks,2018-05-16 21:27:22,81,r/worldnews,0,2018-05-17 04:08:33,6,0,1,0
8jyoks,2018-05-16 21:27:22,81,r/worldnews,0,2018-05-17 05:19:23,6,0,1,0
8jyoks,2018-05-16 21:27:22,81,r/worldnews,0,2018-05-17 04:06:55,5,0,1,0
8jyoks,2018-05-16 21:27:22,81,r/worldnews,0,2018-05-17 04:26:11,4,0,1,0
8jyoks,2018-05-16 21:27:22,81,r/worldnews,0,2018-05-17 05:17:30,4,0,1,0
8jyoks,2018-05-16 21:27:22,81,r/worldnews,0,2018-05-17 04:15:46,3,0,1,0
8jyoks,2018-05-16 21:27:22,81,r/worldnews,0,2018-05-17 04:35:45,3,1,1,0
8jyoks,2018-05-16 21:27:22,81,r/worldnews,0,2018-05-17 04:51:28,4,0,1,0
8jyoks,2018-05-16 21:27:22,81,r/worldnews,0,2018-05-17 03:55:38,3,2,1,0
8jyoks,2018-05-16 21:27:22,81,r/worldnews,0,2018-05-17 04:08:24,4,0,1,0
8jyoks,2018-05-16 21:27:22,81,r/worldnews,0,2018-05-17 04:05:08,4,0,1,0
8jyoks,2018-05-16 21:27:22,81,r/worldnews,0,2018-05-17 04:03:09,2,0,1,0
8jyoks,2018-05-16 21:27:22,81,r/worldnews,0,2018-05-17 05:00:22,2,0,1,0
8jyoks,2018-05-16 21:27:22,81,r/worldnews,0,2018-05-17 01:37:27,2,6,40,0
8jyoks,2018-05-16 21:27:22,81,r/worldnews,0,2018-05-17 02:59:15,3,1,58,0
8jyoks,2018-05-16 21:27:22,81,r/worldnews,0,2018-05-17 03:40:44,4,1,38,0
8jyoks,2018-05-16 21:27:22,81,r/worldnews,0,2018-05-17 03:48:23,5,3,-1,0
8jyoks,2018-05-16 21:27:22,81,r/worldnews,0,2018-05-17 03:57:27,6,1,1,0
8jyoks,2018-05-16 21:27:22,81,r/worldnews,0,2018-05-17 04:27:47,7,1,1,0
8jyoks,2018-05-16 21:27:22,81,r/worldnews,0,2018-05-17 05:13:52,8,0,1,0
8jyoks,2018-05-16 21:27:22,81,r/worldnews,0,2018-05-17 04:10:19,6,1,1,0
8jyoks,2018-05-16 21:27:22,81,r/worldnews,0,2018-05-17 04:00:17,6,0,1,0
8jyoks,2018-05-16 21:27:22,81,r/worldnews,0,2018-05-17 01:49:12,3,1,140,0
8jyoks,2018-05-16 21:27:22,81,r/worldnews,0,2018-05-17 01:57:32,4,3,-93,0
8jyoks,2018-05-16 21:27:22,81,r/worldnews,0,2018-05-17 02:00:19,5,1,76,0
8jyoks,2018-05-16 21:27:22,81,r/worldnews,0,2018-05-17 02:04:17,5,1,13,0
8jyoks,2018-05-16 21:27:22,81,r/worldnews,0,2018-05-17 03:00:36,6,1,2,0
8jyoks,2018-05-16 21:27:22,81,r/worldnews,0,2018-05-17 03:37:06,7,0,0,0
8jyoks,2018-05-16 21:27:22,81,r/worldnews,0,2018-05-17 01:59:27,5,1,7,0
8jyoks,2018-05-16 21:27:22,81,r/worldnews,0,2018-05-17 03:08:32,3,0,6,0
8jyoks,2018-05-16 21:27:22,81,r/worldnews,0,2018-05-17 03:46:56,3,1,8,0
8jyoks,2018-05-16 21:27:22,81,r/worldnews,0,2018-05-17 04:13:06,4,1,1,0
8jyoks,2018-05-16 21:27:22,81,r/worldnews,0,2018-05-17 04:22:29,5,1,1,0
8jyoks,2018-05-16 21:27:22,81,r/worldnews,0,2018-05-17 04:44:40,6,0,1,0
8jyoks,2018-05-16 21:27:22,81,r/worldnews,0,2018-05-17 04:37:29,3,1,1,0
8jyoks,2018-05-16 21:27:22,81,r/worldnews,0,2018-05-17 05:06:12,4,0,1,0
8jyoks,2018-05-16 21:27:22,81,r/worldnews,0,2018-05-17 04:51:02,3,0,1,0
8jyoks,2018-05-16 21:27:22,81,r/worldnews,0,2018-05-17 03:24:34,2,2,2,0
8jyoks,2018-05-16 21:27:22,81,r/worldnews,0,2018-05-17 03:37:39,3,2,16,0
8jyoks,2018-05-16 21:27:22,81,r/worldnews,0,2018-05-17 04:00:12,4,2,1,0
8jyoks,2018-05-16 21:27:22,81,r/worldnews,0,2018-05-17 04:06:57,5,1,1,0
8jyoks,2018-05-16 21:27:22,81,r/worldnews,0,2018-05-17 05:07:07,6,0,1,0
8jyoks,2018-05-16 21:27:22,81,r/worldnews,0,2018-05-17 04:20:04,5,0,1,0
8jyoks,2018-05-16 21:27:22,81,r/worldnews,0,2018-05-17 05:20:45,4,0,1,0
8jyoks,2018-05-16 21:27:22,81,r/worldnews,0,2018-05-17 04:04:45,3,0,1,0
8jyoks,2018-05-16 21:27:22,81,r/worldnews,0,2018-05-17 04:39:53,2,0,1,0
8jyoks,2018-05-16 21:27:22,81,r/worldnews,0,2018-05-17 03:35:04,2,2,-2,0
8jyoks,2018-05-16 21:27:22,81,r/worldnews,0,2018-05-17 04:11:37,3,0,1,0
8jyoks,2018-05-16 21:27:22,81,r/worldnews,0,2018-05-17 04:08:26,3,1,1,0
8jyoks,2018-05-16 21:27:22,81,r/worldnews,0,2018-05-17 04:17:43,4,1,1,0
8jyoks,2018-05-16 21:27:22,81,r/worldnews,0,2018-05-17 04:39:59,5,0,1,0
8jyoks,2018-05-16 21:27:22,81,r/worldnews,0,2018-05-17 03:54:03,2,1,1,0
8jyoks,2018-05-16 21:27:22,81,r/worldnews,0,2018-05-17 04:06:21,3,2,1,0
8jyoks,2018-05-16 21:27:22,81,r/worldnews,0,2018-05-17 04:56:50,4,0,1,0
8jyoks,2018-05-16 21:27:22,81,r/worldnews,0,2018-05-17 05:16:12,4,0,1,0
8jyoks,2018-05-16 21:27:22,81,r/worldnews,0,2018-05-17 02:53:54,2,3,-18,0
8jyoks,2018-05-16 21:27:22,81,r/worldnews,0,2018-05-17 03:07:41,3,2,7,0
8jyoks,2018-05-16 21:27:22,81,r/worldnews,0,2018-05-17 03:11:08,4,1,4,0
8jyoks,2018-05-16 21:27:22,81,r/worldnews,0,2018-05-17 04:25:23,5,0,1,0
8jyoks,2018-05-16 21:27:22,81,r/worldnews,0,2018-05-17 03:21:45,4,3,-1,0
8jyoks,2018-05-16 21:27:22,81,r/worldnews,0,2018-05-17 03:26:20,5,1,3,0
8jyoks,2018-05-16 21:27:22,81,r/worldnews,0,2018-05-17 03:29:39,6,1,1,0
8jyoks,2018-05-16 21:27:22,81,r/worldnews,0,2018-05-17 03:58:41,7,1,1,0
8jyoks,2018-05-16 21:27:22,81,r/worldnews,0,2018-05-17 04:56:20,8,1,1,0
8jyoks,2018-05-16 21:27:22,81,r/worldnews,0,2018-05-17 05:04:33,9,1,1,0
8jyoks,2018-05-16 21:27:22,81,r/worldnews,0,2018-05-17 04:03:14,5,1,1,0
8jyoks,2018-05-16 21:27:22,81,r/worldnews,0,2018-05-17 04:57:15,6,0,1,0
8jyoks,2018-05-16 21:27:22,81,r/worldnews,0,2018-05-17 03:41:24,5,1,-1,0
8jyoks,2018-05-16 21:27:22,81,r/worldnews,0,2018-05-17 03:46:32,6,1,-2,0
8jyoks,2018-05-16 21:27:22,81,r/worldnews,0,2018-05-17 04:18:57,3,0,1,0
8jyoks,2018-05-16 21:27:22,81,r/worldnews,0,2018-05-17 03:40:34,3,1,-2,0
8jyoks,2018-05-16 21:27:22,81,r/worldnews,0,2018-05-17 03:42:00,4,1,0,0
8jyoks,2018-05-16 21:27:22,81,r/worldnews,0,2018-05-16 21:40:14,1,6,66,0
8jyoks,2018-05-16 21:27:22,81,r/worldnews,0,2018-05-17 00:03:29,2,1,170,0
8jyoks,2018-05-16 21:27:22,81,r/worldnews,0,2018-05-17 00:04:43,3,3,28,0
8jyoks,2018-05-16 21:27:22,81,r/worldnews,0,2018-05-17 00:07:25,4,1,64,0
8jyoks,2018-05-16 21:27:22,81,r/worldnews,0,2018-05-17 04:18:46,4,2,1,0
8jyoks,2018-05-16 21:27:22,81,r/worldnews,0,2018-05-17 04:26:22,5,1,1,0
8jyoks,2018-05-16 21:27:22,81,r/worldnews,0,2018-05-17 04:47:23,6,0,1,0
8jyoks,2018-05-16 21:27:22,81,r/worldnews,0,2018-05-17 04:45:46,5,0,1,0
8jyoks,2018-05-16 21:27:22,81,r/worldnews,0,2018-05-17 00:48:59,2,2,35,0
8jyoks,2018-05-16 21:27:22,81,r/worldnews,0,2018-05-17 04:09:42,3,0,1,0
8jyoks,2018-05-16 21:27:22,81,r/worldnews,0,2018-05-17 02:30:33,3,1,-1,0
8jyoks,2018-05-16 21:27:22,81,r/worldnews,0,2018-05-17 03:34:00,4,1,1,0
8jyoks,2018-05-16 21:27:22,81,r/worldnews,0,2018-05-17 03:44:59,5,0,1,0
8jyoks,2018-05-16 21:27:22,81,r/worldnews,0,2018-05-17 03:46:51,2,0,2,0
8jyoks,2018-05-16 21:27:22,81,r/worldnews,0,2018-05-17 01:13:55,2,1,-4,0
8jyoks,2018-05-16 21:27:22,81,r/worldnews,0,2018-05-17 04:46:12,3,0,1,0
8jyoks,2018-05-16 21:27:22,81,r/worldnews,0,2018-05-16 21:44:49,2,6,-13,0
8jyoks,2018-05-16 21:27:22,81,r/worldnews,0,2018-05-16 21:46:07,3,1,41,0
8jyoks,2018-05-16 21:27:22,81,r/worldnews,0,2018-05-16 21:49:06,4,2,8,0
8jyoks,2018-05-16 21:27:22,81,r/worldnews,0,2018-05-16 22:48:42,5,1,9,0
8jyoks,2018-05-16 21:27:22,81,r/worldnews,0,2018-05-16 22:55:18,6,2,6,0
8jyoks,2018-05-16 21:27:22,81,r/worldnews,0,2018-05-16 23:37:31,7,2,11,0
8jyoks,2018-05-16 21:27:22,81,r/worldnews,0,2018-05-17 00:35:25,8,2,15,0
8jyoks,2018-05-16 21:27:22,81,r/worldnews,0,2018-05-17 03:42:44,9,1,0,0
8jyoks,2018-05-16 21:27:22,81,r/worldnews,0,2018-05-17 00:42:22,9,1,-10,0
8jyoks,2018-05-16 21:27:22,81,r/worldnews,0,2018-05-17 04:42:02,8,0,1,0
8jyoks,2018-05-16 21:27:22,81,r/worldnews,0,2018-05-16 23:01:05,7,0,8,0
8jyoks,2018-05-16 21:27:22,81,r/worldnews,0,2018-05-17 00:14:49,5,0,2,0
8jyoks,2018-05-16 21:27:22,81,r/worldnews,0,2018-05-16 22:08:12,3,1,16,0
8jyoks,2018-05-16 21:27:22,81,r/worldnews,0,2018-05-17 00:09:42,4,3,-9,0
8jyoks,2018-05-16 21:27:22,81,r/worldnews,0,2018-05-17 02:03:34,5,0,13,0
8jyoks,2018-05-16 21:27:22,81,r/worldnews,0,2018-05-17 00:38:02,5,1,-15,0
8jyoks,2018-05-16 21:27:22,81,r/worldnews,0,2018-05-17 02:00:22,6,1,11,0
8jyoks,2018-05-16 21:27:22,81,r/worldnews,0,2018-05-17 02:09:12,7,1,-11,0
8jyoks,2018-05-16 21:27:22,81,r/worldnews,0,2018-05-17 02:16:03,8,0,7,0
8jyoks,2018-05-16 21:27:22,81,r/worldnews,0,2018-05-17 02:50:16,5,2,-1,0
8jyoks,2018-05-16 21:27:22,81,r/worldnews,0,2018-05-17 03:08:10,6,0,3,0
8jyoks,2018-05-16 21:27:22,81,r/worldnews,0,2018-05-17 04:06:29,6,0,1,0
8jyoks,2018-05-16 21:27:22,81,r/worldnews,0,2018-05-16 22:18:26,3,2,17,0
8jyoks,2018-05-16 21:27:22,81,r/worldnews,0,2018-05-16 22:20:57,4,0,12,0
8jyoks,2018-05-16 21:27:22,81,r/worldnews,0,2018-05-16 22:36:01,4,0,-7,0
8jyoks,2018-05-16 21:27:22,81,r/worldnews,0,2018-05-16 22:49:32,3,2,9,0
8jyoks,2018-05-16 21:27:22,81,r/worldnews,0,2018-05-16 22:59:03,4,1,8,0
8jyoks,2018-05-16 21:27:22,81,r/worldnews,0,2018-05-16 23:02:14,5,0,3,0
8jyoks,2018-05-16 21:27:22,81,r/worldnews,0,2018-05-17 03:50:13,4,0,2,0
8jyoks,2018-05-16 21:27:22,81,r/worldnews,0,2018-05-16 23:19:55,3,1,3,0
8jyoks,2018-05-16 21:27:22,81,r/worldnews,0,2018-05-17 00:14:08,4,0,7,0
8jyoks,2018-05-16 21:27:22,81,r/worldnews,0,2018-05-17 05:11:58,3,0,1,0
8jyoks,2018-05-16 21:27:22,81,r/worldnews,0,2018-05-16 22:22:05,2,0,-3,0
8jyoks,2018-05-16 21:27:22,81,r/worldnews,0,2018-05-17 04:02:40,1,0,1,0
8jyoks,2018-05-16 21:27:22,81,r/worldnews,0,2018-05-16 21:51:15,1,1,-3,0
8jyoks,2018-05-16 21:27:22,81,r/worldnews,0,2018-05-17 02:55:00,2,0,1,0
8jyoks,2018-05-16 21:27:22,81,r/worldnews,0,2018-05-17 03:16:31,1,1,-1,0
8jyoks,2018-05-16 21:27:22,81,r/worldnews,0,2018-05-17 04:51:18,2,0,1,0
8jyoks,2018-05-16 21:27:22,81,r/worldnews,0,2018-05-17 01:46:40,1,0,0,0
8jyoks,2018-05-16 21:27:22,81,r/worldnews,0,2018-05-17 01:54:00,1,1,-11,0
8jyoks,2018-05-16 21:27:22,81,r/worldnews,0,2018-05-17 03:11:23,2,1,1,0
8jyoks,2018-05-16 21:27:22,81,r/worldnews,1,2018-05-17 00:43:41,0,2,307,0
8jyoks,2018-05-16 21:27:22,81,r/worldnews,1,2018-05-17 03:41:57,1,2,60,0
8jyoks,2018-05-16 21:27:22,81,r/worldnews,1,2018-05-17 04:11:44,2,0,1,0
8jyoks,2018-05-16 21:27:22,81,r/worldnews,1,2018-05-17 03:59:03,2,6,1,0
8jyoks,2018-05-16 21:27:22,81,r/worldnews,1,2018-05-17 05:03:11,3,0,1,0
8jyoks,2018-05-16 21:27:22,81,r/worldnews,1,2018-05-17 04:52:45,3,0,1,0
8jyoks,2018-05-16 21:27:22,81,r/worldnews,1,2018-05-17 04:15:06,3,3,1,0
8jyoks,2018-05-16 21:27:22,81,r/worldnews,1,2018-05-17 04:31:41,4,0,1,0
8jyoks,2018-05-16 21:27:22,81,r/worldnews,1,2018-05-17 04:32:00,4,0,1,0
8jyoks,2018-05-16 21:27:22,81,r/worldnews,1,2018-05-17 04:45:09,4,0,1,0
8jyoks,2018-05-16 21:27:22,81,r/worldnews,1,2018-05-17 04:14:56,3,0,1,0
8jyoks,2018-05-16 21:27:22,81,r/worldnews,1,2018-05-17 04:14:29,3,2,1,0
8jyoks,2018-05-16 21:27:22,81,r/worldnews,1,2018-05-17 04:31:59,4,1,1,0
8jyoks,2018-05-16 21:27:22,81,r/worldnews,1,2018-05-17 04:56:13,5,1,1,0
8jyoks,2018-05-16 21:27:22,81,r/worldnews,1,2018-05-17 05:12:37,6,0,1,0
8jyoks,2018-05-16 21:27:22,81,r/worldnews,1,2018-05-17 04:32:08,4,0,1,0
8jyoks,2018-05-16 21:27:22,81,r/worldnews,2,2018-05-16 21:47:01,0,5,264,0
8jyoks,2018-05-16 21:27:22,81,r/worldnews,2,2018-05-16 22:35:01,1,4,191,0
8jyoks,2018-05-16 21:27:22,81,r/worldnews,2,2018-05-17 04:44:43,2,0,1,0
8jyoks,2018-05-16 21:27:22,81,r/worldnews,2,2018-05-17 03:37:35,2,6,-26,0
8jyoks,2018-05-16 21:27:22,81,r/worldnews,2,2018-05-17 04:08:51,3,1,1,0
8jyoks,2018-05-16 21:27:22,81,r/worldnews,2,2018-05-17 04:24:19,4,2,1,0
8jyoks,2018-05-16 21:27:22,81,r/worldnews,2,2018-05-17 04:54:35,5,1,1,0
8jyoks,2018-05-16 21:27:22,81,r/worldnews,2,2018-05-17 05:13:07,6,0,1,0
8jyoks,2018-05-16 21:27:22,81,r/worldnews,2,2018-05-17 04:20:57,3,0,1,0
8jyoks,2018-05-16 21:27:22,81,r/worldnews,2,2018-05-17 04:24:38,3,1,1,0
8jyoks,2018-05-16 21:27:22,81,r/worldnews,2,2018-05-17 04:50:23,4,1,1,0
8jyoks,2018-05-16 21:27:22,81,r/worldnews,2,2018-05-17 05:04:25,5,1,1,0
8jyoks,2018-05-16 21:27:22,81,r/worldnews,2,2018-05-17 05:06:55,6,0,1,0
8jyoks,2018-05-16 21:27:22,81,r/worldnews,2,2018-05-17 03:58:17,3,1,1,0
8jyoks,2018-05-16 21:27:22,81,r/worldnews,2,2018-05-17 04:21:01,3,1,1,0
8jyoks,2018-05-16 21:27:22,81,r/worldnews,2,2018-05-17 04:52:19,4,1,1,0
8jyoks,2018-05-16 21:27:22,81,r/worldnews,2,2018-05-17 03:24:54,2,3,-19,0
8jyoks,2018-05-16 21:27:22,81,r/worldnews,2,2018-05-17 03:52:44,3,1,1,0
8jyoks,2018-05-16 21:27:22,81,r/worldnews,2,2018-05-17 04:03:31,4,0,1,0
8jyoks,2018-05-16 21:27:22,81,r/worldnews,2,2018-05-17 04:29:40,3,1,1,0
8jyoks,2018-05-16 21:27:22,81,r/worldnews,2,2018-05-17 03:32:58,3,2,2,0
8jyoks,2018-05-16 21:27:22,81,r/worldnews,2,2018-05-17 04:19:35,4,0,1,0
8jyoks,2018-05-16 21:27:22,81,r/worldnews,2,2018-05-17 03:38:56,4,1,-2,0
8jyoks,2018-05-16 21:27:22,81,r/worldnews,2,2018-05-17 03:46:44,5,1,4,0
8jyoks,2018-05-16 21:27:22,81,r/worldnews,2,2018-05-17 03:52:06,6,2,1,0
8jyoks,2018-05-16 21:27:22,81,r/worldnews,2,2018-05-17 03:55:41,7,1,1,0
8jyoks,2018-05-16 21:27:22,81,r/worldnews,2,2018-05-17 04:11:03,8,1,1,0
8jyoks,2018-05-16 21:27:22,81,r/worldnews,2,2018-05-17 04:18:16,9,1,1,0
8jyoks,2018-05-16 21:27:22,81,r/worldnews,2,2018-05-17 04:00:32,7,0,1,0
8jyoks,2018-05-16 21:27:22,81,r/worldnews,2,2018-05-16 23:26:28,1,6,87,0
8jyoks,2018-05-16 21:27:22,81,r/worldnews,2,2018-05-17 03:12:45,2,2,17,0
8jyoks,2018-05-16 21:27:22,81,r/worldnews,2,2018-05-17 04:55:04,3,0,1,0
8jyoks,2018-05-16 21:27:22,81,r/worldnews,2,2018-05-17 05:08:35,3,0,1,0
8jyoks,2018-05-16 21:27:22,81,r/worldnews,2,2018-05-17 03:46:49,2,1,5,0
8jyoks,2018-05-16 21:27:22,81,r/worldnews,2,2018-05-17 04:44:00,3,2,1,0
8jyoks,2018-05-16 21:27:22,81,r/worldnews,2,2018-05-17 04:58:07,4,1,1,0
8jyoks,2018-05-16 21:27:22,81,r/worldnews,2,2018-05-17 05:00:47,5,1,1,0
8jyoks,2018-05-16 21:27:22,81,r/worldnews,2,2018-05-17 03:40:23,2,1,13,0
8jyoks,2018-05-16 21:27:22,81,r/worldnews,2,2018-05-17 05:09:36,3,1,1,0
8jyoks,2018-05-16 21:27:22,81,r/worldnews,2,2018-05-17 05:20:23,4,0,1,0
8jyoks,2018-05-16 21:27:22,81,r/worldnews,2,2018-05-17 04:31:49,2,0,1,0
8jyoks,2018-05-16 21:27:22,81,r/worldnews,2,2018-05-16 23:33:16,2,3,-78,0
8jyoks,2018-05-16 21:27:22,81,r/worldnews,2,2018-05-16 23:33:58,3,2,48,0
8jyoks,2018-05-16 21:27:22,81,r/worldnews,2,2018-05-17 00:24:37,4,1,24,0
8jyoks,2018-05-16 21:27:22,81,r/worldnews,2,2018-05-17 03:42:47,5,0,1,0
8jyoks,2018-05-16 21:27:22,81,r/worldnews,2,2018-05-17 01:28:37,4,1,-22,0
8jyoks,2018-05-16 21:27:22,81,r/worldnews,2,2018-05-17 01:31:35,5,0,19,0
8jyoks,2018-05-16 21:27:22,81,r/worldnews,2,2018-05-17 01:14:44,3,1,5,0
8jyoks,2018-05-16 21:27:22,81,r/worldnews,2,2018-05-17 02:26:04,4,1,-5,0
8jyoks,2018-05-16 21:27:22,81,r/worldnews,2,2018-05-17 02:32:46,5,1,4,0
8jyoks,2018-05-16 21:27:22,81,r/worldnews,2,2018-05-17 02:35:56,6,1,-5,0
8jyoks,2018-05-16 21:27:22,81,r/worldnews,2,2018-05-17 02:42:49,7,2,3,0
8jyoks,2018-05-16 21:27:22,81,r/worldnews,2,2018-05-17 02:48:49,8,1,1,0
8jyoks,2018-05-16 21:27:22,81,r/worldnews,2,2018-05-17 03:09:27,8,0,0,0
8jyoks,2018-05-16 21:27:22,81,r/worldnews,2,2018-05-17 00:54:33,1,6,14,0
8jyoks,2018-05-16 21:27:22,81,r/worldnews,2,2018-05-17 01:09:14,2,4,30,0
8jyoks,2018-05-16 21:27:22,81,r/worldnews,2,2018-05-17 02:57:24,3,1,11,0
8jyoks,2018-05-16 21:27:22,81,r/worldnews,2,2018-05-17 01:17:11,3,1,4,0
8jyoks,2018-05-16 21:27:22,81,r/worldnews,2,2018-05-17 01:41:22,4,2,20,0
8jyoks,2018-05-16 21:27:22,81,r/worldnews,2,2018-05-17 02:40:30,5,3,4,0
8jyoks,2018-05-16 21:27:22,81,r/worldnews,2,2018-05-17 02:50:57,6,1,15,0
8jyoks,2018-05-16 21:27:22,81,r/worldnews,2,2018-05-17 03:00:19,7,0,8,0
8jyoks,2018-05-16 21:27:22,81,r/worldnews,2,2018-05-17 02:51:19,6,1,5,0
8jyoks,2018-05-16 21:27:22,81,r/worldnews,2,2018-05-17 03:04:58,7,3,3,0
8jyoks,2018-05-16 21:27:22,81,r/worldnews,2,2018-05-17 03:13:53,8,1,3,0
8jyoks,2018-05-16 21:27:22,81,r/worldnews,2,2018-05-17 03:21:40,9,1,-2,0
8jyoks,2018-05-16 21:27:22,81,r/worldnews,2,2018-05-17 04:05:44,8,0,1,0
8jyoks,2018-05-16 21:27:22,81,r/worldnews,2,2018-05-17 03:22:34,8,0,0,0
8jyoks,2018-05-16 21:27:22,81,r/worldnews,2,2018-05-17 03:24:02,6,2,2,0
8jyoks,2018-05-16 21:27:22,81,r/worldnews,2,2018-05-17 04:10:11,7,0,1,0
8jyoks,2018-05-16 21:27:22,81,r/worldnews,2,2018-05-17 03:49:11,5,1,0,0
8jyoks,2018-05-16 21:27:22,81,r/worldnews,2,2018-05-17 03:58:26,6,1,1,0
8jyoks,2018-05-16 21:27:22,81,r/worldnews,2,2018-05-17 04:05:12,7,0,1,0
8jyoks,2018-05-16 21:27:22,81,r/worldnews,2,2018-05-17 04:47:47,3,0,1,0
8jyoks,2018-05-16 21:27:22,81,r/worldnews,2,2018-05-17 01:12:49,2,2,27,0
8jyoks,2018-05-16 21:27:22,81,r/worldnews,2,2018-05-17 01:20:45,3,2,2,0
8jyoks,2018-05-16 21:27:22,81,r/worldnews,2,2018-05-17 01:45:15,4,1,21,0
8jyoks,2018-05-16 21:27:22,81,r/worldnews,2,2018-05-17 04:33:27,5,1,1,0
8jyoks,2018-05-16 21:27:22,81,r/worldnews,2,2018-05-17 04:45:21,6,0,1,0
8jyoks,2018-05-16 21:27:22,81,r/worldnews,2,2018-05-17 03:10:28,4,0,-1,0
8jyoks,2018-05-16 21:27:22,81,r/worldnews,2,2018-05-17 03:31:30,3,0,1,0
8jyoks,2018-05-16 21:27:22,81,r/worldnews,2,2018-05-17 01:15:51,2,0,14,0
8jyoks,2018-05-16 21:27:22,81,r/worldnews,2,2018-05-17 02:20:01,2,0,12,0
8jyoks,2018-05-16 21:27:22,81,r/worldnews,2,2018-05-17 02:50:17,2,1,5,0
8jyoks,2018-05-16 21:27:22,81,r/worldnews,2,2018-05-17 03:59:07,3,1,1,0
8jyoks,2018-05-16 21:27:22,81,r/worldnews,2,2018-05-17 05:10:13,4,0,1,0
8jyoks,2018-05-16 21:27:22,81,r/worldnews,2,2018-05-17 05:06:22,2,0,1,0
8jyoks,2018-05-16 21:27:22,81,r/worldnews,2,2018-05-17 02:18:58,1,0,-1,0
8jyoks,2018-05-16 21:27:22,81,r/worldnews,3,2018-05-17 04:12:47,0,0,1,0
8jyoks,2018-05-16 21:27:22,81,r/worldnews,4,2018-05-17 03:37:37,0,4,49,0
8jyoks,2018-05-16 21:27:22,81,r/worldnews,4,2018-05-17 04:02:02,1,0,1,0
8jyoks,2018-05-16 21:27:22,81,r/worldnews,4,2018-05-17 04:55:03,1,0,1,0
8jyoks,2018-05-16 21:27:22,81,r/worldnews,4,2018-05-17 05:15:05,1,0,1,0
8jyoks,2018-05-16 21:27:22,81,r/worldnews,4,2018-05-17 04:27:12,1,0,1,0
8jyoks,2018-05-16 21:27:22,81,r/worldnews,5,2018-05-17 02:35:38,0,1,38,0
8jyoks,2018-05-16 21:27:22,81,r/worldnews,5,2018-05-17 03:29:52,1,1,-8,0
8jyoks,2018-05-16 21:27:22,81,r/worldnews,5,2018-05-17 03:51:43,2,3,1,0
8jyoks,2018-05-16 21:27:22,81,r/worldnews,5,2018-05-17 03:54:05,3,1,1,0
8jyoks,2018-05-16 21:27:22,81,r/worldnews,5,2018-05-17 04:12:30,4,0,1,0
8jyoks,2018-05-16 21:27:22,81,r/worldnews,5,2018-05-17 04:15:53,3,0,1,0
8jyoks,2018-05-16 21:27:22,81,r/worldnews,5,2018-05-17 04:10:56,3,0,1,0
8jyoks,2018-05-16 21:27:22,81,r/worldnews,6,2018-05-17 03:42:58,0,0,7,0
8jyoks,2018-05-16 21:27:22,81,r/worldnews,7,2018-05-17 02:33:25,0,5,168,0
8jyoks,2018-05-16 21:27:22,81,r/worldnews,7,2018-05-17 03:44:43,1,0,19,0
8jyoks,2018-05-16 21:27:22,81,r/worldnews,7,2018-05-17 04:07:45,1,1,1,0
8jyoks,2018-05-16 21:27:22,81,r/worldnews,7,2018-05-17 04:35:03,2,0,1,0
8jyoks,2018-05-16 21:27:22,81,r/worldnews,7,2018-05-17 03:15:46,1,3,-22,0
8jyoks,2018-05-16 21:27:22,81,r/worldnews,7,2018-05-17 03:35:36,2,1,14,0
8jyoks,2018-05-16 21:27:22,81,r/worldnews,7,2018-05-17 03:54:27,3,0,1,0
8jyoks,2018-05-16 21:27:22,81,r/worldnews,7,2018-05-17 03:34:33,2,1,5,0
8jyoks,2018-05-16 21:27:22,81,r/worldnews,7,2018-05-17 03:48:54,3,1,-3,0
8jyoks,2018-05-16 21:27:22,81,r/worldnews,7,2018-05-17 04:05:11,4,1,1,0
8jyoks,2018-05-16 21:27:22,81,r/worldnews,7,2018-05-17 05:12:05,2,0,1,0
8jyoks,2018-05-16 21:27:22,81,r/worldnews,7,2018-05-17 03:00:56,1,1,0,0
8jyoks,2018-05-16 21:27:22,81,r/worldnews,7,2018-05-17 03:29:26,2,1,3,0
8jyoks,2018-05-16 21:27:22,81,r/worldnews,7,2018-05-17 03:36:49,3,1,3,0
8jyoks,2018-05-16 21:27:22,81,r/worldnews,7,2018-05-17 04:02:23,4,1,1,0
8jyoks,2018-05-16 21:27:22,81,r/worldnews,7,2018-05-17 04:11:16,1,0,1,0
8jyoks,2018-05-16 21:27:22,81,r/worldnews,8,2018-05-16 22:03:23,0,0,11,0
8jyoks,2018-05-16 21:27:22,81,r/worldnews,9,2018-05-16 23:24:17,0,3,87,0
8jyoks,2018-05-16 21:27:22,81,r/worldnews,9,2018-05-17 03:25:16,1,4,-20,0
8jyoks,2018-05-16 21:27:22,81,r/worldnews,9,2018-05-17 04:21:44,2,1,1,0
8jyoks,2018-05-16 21:27:22,81,r/worldnews,9,2018-05-17 03:50:34,2,0,31,0
8jyoks,2018-05-16 21:27:22,81,r/worldnews,9,2018-05-17 03:51:58,2,0,1,0
8jyoks,2018-05-16 21:27:22,81,r/worldnews,9,2018-05-17 03:33:15,2,3,24,0
8jyoks,2018-05-16 21:27:22,81,r/worldnews,9,2018-05-17 05:19:51,3,0,1,0
8jyoks,2018-05-16 21:27:22,81,r/worldnews,9,2018-05-17 04:34:54,3,0,1,0
8jyoks,2018-05-16 21:27:22,81,r/worldnews,9,2018-05-17 03:48:00,3,2,-5,0
8jyoks,2018-05-16 21:27:22,81,r/worldnews,9,2018-05-17 04:01:32,4,1,1,0
8jyoks,2018-05-16 21:27:22,81,r/worldnews,9,2018-05-17 03:33:38,1,3,-13,0
8jyoks,2018-05-16 21:27:22,81,r/worldnews,9,2018-05-17 04:12:48,2,0,1,0
8jyoks,2018-05-16 21:27:22,81,r/worldnews,9,2018-05-17 03:44:00,2,1,17,0
8jyoks,2018-05-16 21:27:22,81,r/worldnews,9,2018-05-17 04:13:22,3,0,1,0
8jyoks,2018-05-16 21:27:22,81,r/worldnews,9,2018-05-17 04:15:58,2,0,1,0
8jyoks,2018-05-16 21:27:22,81,r/worldnews,9,2018-05-16 23:50:05,1,3,-95,0
8jyoks,2018-05-16 21:27:22,81,r/worldnews,9,2018-05-17 00:47:35,2,0,23,0
8jyoks,2018-05-16 21:27:22,81,r/worldnews,9,2018-05-17 00:27:29,2,1,20,0
8jyoks,2018-05-16 21:27:22,81,r/worldnews,9,2018-05-17 00:38:19,3,1,-56,0
8jyoks,2018-05-16 21:27:22,81,r/worldnews,9,2018-05-17 00:57:33,4,1,35,0
8jyoks,2018-05-16 21:27:22,81,r/worldnews,9,2018-05-17 00:58:50,5,1,-35,0
8jyoks,2018-05-16 21:27:22,81,r/worldnews,9,2018-05-17 02:03:09,6,2,29,0
8jyoks,2018-05-16 21:27:22,81,r/worldnews,9,2018-05-17 02:07:40,7,2,-8,0
8jyoks,2018-05-16 21:27:22,81,r/worldnews,9,2018-05-17 02:23:04,8,1,26,0
8jyoks,2018-05-16 21:27:22,81,r/worldnews,9,2018-05-17 02:25:42,8,1,11,0
8jyoks,2018-05-16 21:27:22,81,r/worldnews,9,2018-05-17 02:34:15,9,0,-2,0
8jyoks,2018-05-16 21:27:22,81,r/worldnews,9,2018-05-17 04:49:49,7,0,1,0
8jyoks,2018-05-16 21:27:22,81,r/worldnews,9,2018-05-17 02:11:43,2,0,-4,0
8jyoks,2018-05-16 21:27:22,81,r/worldnews,10,2018-05-17 03:38:55,0,0,8,0
8jyoks,2018-05-16 21:27:22,81,r/worldnews,11,2018-05-16 21:42:38,0,3,47,0
8jyoks,2018-05-16 21:27:22,81,r/worldnews,11,2018-05-17 03:41:22,1,2,18,0
8jyoks,2018-05-16 21:27:22,81,r/worldnews,11,2018-05-17 03:48:16,2,3,26,0
8jyoks,2018-05-16 21:27:22,81,r/worldnews,11,2018-05-17 03:54:45,3,1,1,0
8jyoks,2018-05-16 21:27:22,81,r/worldnews,11,2018-05-17 03:58:21,4,2,1,0
8jyoks,2018-05-16 21:27:22,81,r/worldnews,11,2018-05-17 04:39:12,5,0,1,0
8jyoks,2018-05-16 21:27:22,81,r/worldnews,11,2018-05-17 04:10:33,5,1,1,0
8jyoks,2018-05-16 21:27:22,81,r/worldnews,11,2018-05-17 04:42:14,6,1,1,0
8jyoks,2018-05-16 21:27:22,81,r/worldnews,11,2018-05-17 05:00:00,7,0,1,0
8jyoks,2018-05-16 21:27:22,81,r/worldnews,11,2018-05-17 04:01:13,3,1,1,0
8jyoks,2018-05-16 21:27:22,81,r/worldnews,11,2018-05-17 04:05:15,4,1,1,0
8jyoks,2018-05-16 21:27:22,81,r/worldnews,11,2018-05-17 04:10:29,5,1,1,0
8jyoks,2018-05-16 21:27:22,81,r/worldnews,11,2018-05-17 04:11:12,6,1,1,0
8jyoks,2018-05-16 21:27:22,81,r/worldnews,11,2018-05-17 04:23:57,7,1,1,0
8jyoks,2018-05-16 21:27:22,81,r/worldnews,11,2018-05-17 04:32:22,8,1,1,0
8jyoks,2018-05-16 21:27:22,81,r/worldnews,11,2018-05-17 04:47:41,9,0,1,0
8jyoks,2018-05-16 21:27:22,81,r/worldnews,11,2018-05-17 04:07:59,3,0,1,0
8jyoks,2018-05-16 21:27:22,81,r/worldnews,11,2018-05-17 05:18:44,2,0,1,0
8jyoks,2018-05-16 21:27:22,81,r/worldnews,11,2018-05-16 22:07:07,1,1,2,0
8jyoks,2018-05-16 21:27:22,81,r/worldnews,11,2018-05-16 23:27:04,2,0,-18,0
8jyoks,2018-05-16 21:27:22,81,r/worldnews,11,2018-05-17 02:03:18,1,0,1,0
8jyoks,2018-05-16 21:27:22,81,r/worldnews,12,2018-05-17 00:20:41,0,4,31,0
8jyoks,2018-05-16 21:27:22,81,r/worldnews,12,2018-05-17 03:46:33,1,0,22,0
8jyoks,2018-05-16 21:27:22,81,r/worldnews,12,2018-05-17 03:02:28,1,1,3,0
8jyoks,2018-05-16 21:27:22,81,r/worldnews,12,2018-05-17 04:51:18,2,2,1,0
8jyoks,2018-05-16 21:27:22,81,r/worldnews,12,2018-05-17 05:06:53,3,0,1,0
8jyoks,2018-05-16 21:27:22,81,r/worldnews,12,2018-05-17 04:55:25,3,0,1,0
8jyoks,2018-05-16 21:27:22,81,r/worldnews,12,2018-05-17 01:17:10,1,1,-2,0
8jyoks,2018-05-16 21:27:22,81,r/worldnews,12,2018-05-17 03:36:32,2,1,1,0
8jyoks,2018-05-16 21:27:22,81,r/worldnews,12,2018-05-17 04:02:53,3,0,1,0
8jyoks,2018-05-16 21:27:22,81,r/worldnews,12,2018-05-17 01:32:10,1,2,-15,0
8jyoks,2018-05-16 21:27:22,81,r/worldnews,12,2018-05-17 02:01:51,2,0,-6,0
8jyoks,2018-05-16 21:27:22,81,r/worldnews,13,2018-05-17 01:53:20,0,3,14,0
8jyoks,2018-05-16 21:27:22,81,r/worldnews,13,2018-05-17 02:49:32,1,1,23,0
8jyoks,2018-05-16 21:27:22,81,r/worldnews,13,2018-05-17 03:31:57,2,1,12,0
8jyoks,2018-05-16 21:27:22,81,r/worldnews,13,2018-05-17 03:47:36,3,3,16,0
8jyoks,2018-05-16 21:27:22,81,r/worldnews,13,2018-05-17 04:53:41,4,0,1,0
8jyoks,2018-05-16 21:27:22,81,r/worldnews,13,2018-05-17 04:20:36,4,0,1,0
8jyoks,2018-05-16 21:27:22,81,r/worldnews,13,2018-05-17 02:57:01,1,2,4,0
8jyoks,2018-05-16 21:27:22,81,r/worldnews,13,2018-05-17 04:01:14,2,0,1,0
8jyoks,2018-05-16 21:27:22,81,r/worldnews,13,2018-05-17 03:35:56,2,2,-9,0
8jyoks,2018-05-16 21:27:22,81,r/worldnews,13,2018-05-17 03:41:19,3,1,7,0
8jyoks,2018-05-16 21:27:22,81,r/worldnews,13,2018-05-17 03:45:13,4,3,0,0
8jyoks,2018-05-16 21:27:22,81,r/worldnews,13,2018-05-17 04:06:22,5,1,1,0
8jyoks,2018-05-16 21:27:22,81,r/worldnews,13,2018-05-17 04:46:21,6,1,1,0
8jyoks,2018-05-16 21:27:22,81,r/worldnews,13,2018-05-17 05:02:36,7,0,1,0
8jyoks,2018-05-16 21:27:22,81,r/worldnews,13,2018-05-17 03:46:42,5,0,4,0
8jyoks,2018-05-16 21:27:22,81,r/worldnews,13,2018-05-17 04:39:03,5,0,1,0
8jyoks,2018-05-16 21:27:22,81,r/worldnews,13,2018-05-17 04:15:57,3,0,1,0
8jyoks,2018-05-16 21:27:22,81,r/worldnews,13,2018-05-17 03:13:25,1,0,1,0
8jyoks,2018-05-16 21:27:22,81,r/worldnews,14,2018-05-17 03:47:52,0,0,4,0
8jyoks,2018-05-16 21:27:22,81,r/worldnews,15,2018-05-17 02:51:36,0,0,6,0
8jyoks,2018-05-16 21:27:22,81,r/worldnews,16,2018-05-17 03:51:00,0,1,4,0
8jyoks,2018-05-16 21:27:22,81,r/worldnews,16,2018-05-17 04:37:34,1,0,1,0
8jyoks,2018-05-16 21:27:22,81,r/worldnews,17,2018-05-17 02:47:22,0,1,6,0
8jyoks,2018-05-16 21:27:22,81,r/worldnews,17,2018-05-17 03:36:33,1,4,7,0
8jyoks,2018-05-16 21:27:22,81,r/worldnews,17,2018-05-17 03:43:56,2,1,5,0
8jyoks,2018-05-16 21:27:22,81,r/worldnews,17,2018-05-17 03:49:33,3,2,-2,0
8jyoks,2018-05-16 21:27:22,81,r/worldnews,17,2018-05-17 05:17:08,4,0,1,0
8jyoks,2018-05-16 21:27:22,81,r/worldnews,17,2018-05-17 03:54:52,4,1,1,0
8jyoks,2018-05-16 21:27:22,81,r/worldnews,17,2018-05-17 04:10:36,5,1,1,0
8jyoks,2018-05-16 21:27:22,81,r/worldnews,17,2018-05-17 05:04:57,6,0,1,0
8jyoks,2018-05-16 21:27:22,81,r/worldnews,17,2018-05-17 03:51:15,2,1,2,0
8jyoks,2018-05-16 21:27:22,81,r/worldnews,17,2018-05-17 04:00:04,3,2,1,0
8jyoks,2018-05-16 21:27:22,81,r/worldnews,17,2018-05-17 04:07:36,4,2,1,0
8jyoks,2018-05-16 21:27:22,81,r/worldnews,17,2018-05-17 04:13:33,5,2,1,0
8jyoks,2018-05-16 21:27:22,81,r/worldnews,17,2018-05-17 04:59:08,6,0,1,0
8jyoks,2018-05-16 21:27:22,81,r/worldnews,17,2018-05-17 04:24:31,6,1,1,0
8jyoks,2018-05-16 21:27:22,81,r/worldnews,17,2018-05-17 04:33:50,7,1,1,0
8jyoks,2018-05-16 21:27:22,81,r/worldnews,17,2018-05-17 04:30:29,5,0,1,0
8jyoks,2018-05-16 21:27:22,81,r/worldnews,17,2018-05-17 04:06:41,4,1,1,0
8jyoks,2018-05-16 21:27:22,81,r/worldnews,17,2018-05-17 04:26:19,5,2,1,0
8jyoks,2018-05-16 21:27:22,81,r/worldnews,17,2018-05-17 04:30:32,6,1,1,0
8jyoks,2018-05-16 21:27:22,81,r/worldnews,17,2018-05-17 04:38:13,6,1,1,0
8jyoks,2018-05-16 21:27:22,81,r/worldnews,17,2018-05-17 04:52:57,7,1,1,0
8jyoks,2018-05-16 21:27:22,81,r/worldnews,17,2018-05-17 03:56:54,2,0,1,0
8jyoks,2018-05-16 21:27:22,81,r/worldnews,18,2018-05-17 03:18:32,0,1,4,0
8jyoks,2018-05-16 21:27:22,81,r/worldnews,18,2018-05-17 05:08:44,1,0,1,0
8jyoks,2018-05-16 21:27:22,81,r/worldnews,19,2018-05-17 00:46:13,0,0,2,0
8jyoks,2018-05-16 21:27:22,81,r/worldnews,20,2018-05-17 03:35:27,0,0,2,0
8jyoks,2018-05-16 21:27:22,81,r/worldnews,21,2018-05-17 04:40:00,0,0,1,0
8jyoks,2018-05-16 21:27:22,81,r/worldnews,22,2018-05-16 23:41:54,0,2,-6,0
8jyoks,2018-05-16 21:27:22,81,r/worldnews,22,2018-05-17 01:27:07,1,5,17,0
8jyoks,2018-05-16 21:27:22,81,r/worldnews,22,2018-05-17 02:33:37,2,2,15,0
8jyoks,2018-05-16 21:27:22,81,r/worldnews,22,2018-05-17 02:34:26,3,1,0,0
8jyoks,2018-05-16 21:27:22,81,r/worldnews,22,2018-05-17 02:36:24,4,2,10,0
8jyoks,2018-05-16 21:27:22,81,r/worldnews,22,2018-05-17 02:56:56,5,1,5,0
8jyoks,2018-05-16 21:27:22,81,r/worldnews,22,2018-05-17 02:43:23,5,1,1,0
8jyoks,2018-05-16 21:27:22,81,r/worldnews,22,2018-05-17 03:53:08,6,1,1,0
8jyoks,2018-05-16 21:27:22,81,r/worldnews,22,2018-05-17 02:38:20,3,1,-6,0
8jyoks,2018-05-16 21:27:22,81,r/worldnews,22,2018-05-17 02:51:09,4,0,8,0
8jyoks,2018-05-16 21:27:22,81,r/worldnews,22,2018-05-17 02:46:04,2,0,7,0
8jyoks,2018-05-16 21:27:22,81,r/worldnews,22,2018-05-17 05:06:40,2,0,1,0
8jyoks,2018-05-16 21:27:22,81,r/worldnews,22,2018-05-17 03:38:07,2,0,4,0
8jyoks,2018-05-16 21:27:22,81,r/worldnews,22,2018-05-17 04:32:30,2,0,1,0
8jyoks,2018-05-16 21:27:22,81,r/worldnews,22,2018-05-17 02:25:18,1,0,3,0
8jyoks,2018-05-16 21:27:22,81,r/worldnews,23,2018-05-16 23:47:10,0,1,2,0
8jyoks,2018-05-16 21:27:22,81,r/worldnews,23,2018-05-17 05:02:02,1,0,1,0
8jyoks,2018-05-16 21:27:22,81,r/worldnews,24,2018-05-16 21:38:17,0,0,1,0
8jyoks,2018-05-16 21:27:22,81,r/worldnews,25,2018-05-17 01:13:18,0,3,-6,0
8jyoks,2018-05-16 21:27:22,81,r/worldnews,25,2018-05-17 01:36:33,1,2,5,0
8jyoks,2018-05-16 21:27:22,81,r/worldnews,25,2018-05-17 02:34:40,2,0,4,0
8jyoks,2018-05-16 21:27:22,81,r/worldnews,25,2018-05-17 02:01:31,2,4,1,0
8jyoks,2018-05-16 21:27:22,81,r/worldnews,25,2018-05-17 02:24:59,3,0,11,0
8jyoks,2018-05-16 21:27:22,81,r/worldnews,25,2018-05-17 02:14:16,3,0,7,0
8jyoks,2018-05-16 21:27:22,81,r/worldnews,25,2018-05-17 02:48:48,3,0,5,0
8jyoks,2018-05-16 21:27:22,81,r/worldnews,25,2018-05-17 03:16:01,1,1,3,0
8jyoks,2018-05-16 21:27:22,81,r/worldnews,25,2018-05-17 04:31:32,2,1,1,0
8jyoks,2018-05-16 21:27:22,81,r/worldnews,25,2018-05-17 02:18:43,1,0,1,0
8jyoks,2018-05-16 21:27:22,81,r/worldnews,26,2018-05-17 03:45:19,0,0,6,0
8jyoks,2018-05-16 21:27:22,81,r/worldnews,27,2018-05-17 00:51:22,0,1,-4,0
8jyoks,2018-05-16 21:27:22,81,r/worldnews,27,2018-05-17 03:42:42,1,0,7,0
8jyoks,2018-05-16 21:27:22,81,r/worldnews,28,2018-05-17 04:01:42,0,1,1,0
8jyoks,2018-05-16 21:27:22,81,r/worldnews,28,2018-05-17 04:29:15,1,0,1,0
8jyoks,2018-05-16 21:27:22,81,r/worldnews,29,2018-05-17 05:10:56,0,0,1,0
8jyoks,2018-05-16 21:27:22,81,r/worldnews,30,2018-05-17 05:13:59,0,0,1,0
8jyoks,2018-05-16 21:27:22,81,r/worldnews,31,2018-05-17 05:15:17,0,0,1,0
8jyoks,2018-05-16 21:27:22,81,r/worldnews,32,2018-05-17 05:15:26,0,0,1,0
8jyoks,2018-05-16 21:27:22,81,r/worldnews,33,2018-05-17 05:16:18,0,0,1,0
8jyoks,2018-05-16 21:27:22,81,r/worldnews,34,2018-05-17 05:18:04,0,0,1,0
8jyoks,2018-05-16 21:27:22,81,r/worldnews,35,2018-05-17 04:20:17,0,0,1,0
8jyoks,2018-05-16 21:27:22,81,r/worldnews,36,2018-05-17 02:56:51,0,6,-14,0
8jyoks,2018-05-16 21:27:22,81,r/worldnews,36,2018-05-17 03:46:36,1,0,17,0
8jyoks,2018-05-16 21:27:22,81,r/worldnews,36,2018-05-17 03:51:18,1,0,10,0
8jyoks,2018-05-16 21:27:22,81,r/worldnews,36,2018-05-17 03:46:56,1,0,11,0
8jyoks,2018-05-16 21:27:22,81,r/worldnews,36,2018-05-17 04:15:59,1,0,1,0
8jyoks,2018-05-16 21:27:22,81,r/worldnews,36,2018-05-17 03:20:56,1,1,18,0
8jyoks,2018-05-16 21:27:22,81,r/worldnews,36,2018-05-17 03:44:29,2,3,-2,0
8jyoks,2018-05-16 21:27:22,81,r/worldnews,36,2018-05-17 04:29:34,3,0,1,0
8jyoks,2018-05-16 21:27:22,81,r/worldnews,36,2018-05-17 03:47:37,3,0,0,0
8jyoks,2018-05-16 21:27:22,81,r/worldnews,36,2018-05-17 04:28:06,1,0,1,0
8jyoks,2018-05-16 21:27:22,81,r/worldnews,37,2018-05-17 03:57:43,0,1,1,0
8jyoks,2018-05-16 21:27:22,81,r/worldnews,37,2018-05-17 04:31:15,1,1,1,0
8jyoks,2018-05-16 21:27:22,81,r/worldnews,37,2018-05-17 05:16:35,2,0,1,0
8jyoks,2018-05-16 21:27:22,81,r/worldnews,38,2018-05-16 22:32:01,0,3,-13,0
8jyoks,2018-05-16 21:27:22,81,r/worldnews,38,2018-05-17 00:32:53,1,0,7,0
8jyoks,2018-05-16 21:27:22,81,r/worldnews,38,2018-05-16 23:46:24,1,2,-2,0
8jyoks,2018-05-16 21:27:22,81,r/worldnews,38,2018-05-17 02:36:42,2,1,4,0
8jyoks,2018-05-16 21:27:22,81,r/worldnews,38,2018-05-17 03:34:02,3,0,0,0
8jyoks,2018-05-16 21:27:22,81,r/worldnews,38,2018-05-16 23:49:31,2,2,4,0
8jyoks,2018-05-16 21:27:22,81,r/worldnews,38,2018-05-17 01:00:34,3,1,3,0
8jyoks,2018-05-16 21:27:22,81,r/worldnews,38,2018-05-17 01:19:31,4,0,1,0
8jyoks,2018-05-16 21:27:22,81,r/worldnews,38,2018-05-16 23:59:57,3,1,-5,0
8jyoks,2018-05-16 21:27:22,81,r/worldnews,38,2018-05-17 00:01:53,4,0,8,0
8jyoks,2018-05-16 21:27:22,81,r/worldnews,38,2018-05-16 22:39:49,1,0,0,0
8jyoks,2018-05-16 21:27:22,81,r/worldnews,39,2018-05-17 03:33:52,0,2,-2,0
8jyoks,2018-05-16 21:27:22,81,r/worldnews,39,2018-05-17 03:54:46,1,1,1,0
8jyoks,2018-05-16 21:27:22,81,r/worldnews,39,2018-05-17 03:37:30,1,1,4,0
8jyoks,2018-05-16 21:27:22,81,r/worldnews,40,2018-05-16 22:58:21,0,2,-33,0
8jyoks,2018-05-16 21:27:22,81,r/worldnews,40,2018-05-17 00:30:56,1,0,18,0
8jyoks,2018-05-16 21:27:22,81,r/worldnews,40,2018-05-16 23:24:20,1,1,6,0
8jyoks,2018-05-16 21:27:22,81,r/worldnews,41,2018-05-17 04:09:49,0,1,1,0
8jyoks,2018-05-16 21:27:22,81,r/worldnews,42,2018-05-16 22:09:49,0,0,-26,0
8jyoks,2018-05-16 21:27:22,81,r/worldnews,43,2018-05-17 01:49:06,0,0,-2,0
8jyoks,2018-05-16 21:27:22,81,r/worldnews,44,2018-05-17 00:56:12,0,1,-11,0
8jyoks,2018-05-16 21:27:22,81,r/worldnews,44,2018-05-17 01:10:18,1,2,13,0
8jyoks,2018-05-16 21:27:22,81,r/worldnews,44,2018-05-17 01:18:21,2,2,5,0
8jyoks,2018-05-16 21:27:22,81,r/worldnews,44,2018-05-17 01:36:24,3,0,4,0
8jyoks,2018-05-16 21:27:22,81,r/worldnews,44,2018-05-17 01:44:31,3,0,2,0
8jyoks,2018-05-16 21:27:22,81,r/worldnews,44,2018-05-17 03:58:56,2,0,1,0
8jyoks,2018-05-16 21:27:22,81,r/worldnews,45,2018-05-17 04:07:02,0,0,1,0
8jyoks,2018-05-16 21:27:22,81,r/worldnews,46,2018-05-17 04:08:20,0,0,1,0
8jyoks,2018-05-16 21:27:22,81,r/worldnews,47,2018-05-16 23:05:55,0,5,-28,0
8jyoks,2018-05-16 21:27:22,81,r/worldnews,47,2018-05-16 23:23:28,1,1,23,0
8jyoks,2018-05-16 21:27:22,81,r/worldnews,47,2018-05-17 01:26:48,2,0,1,0
8jyoks,2018-05-16 21:27:22,81,r/worldnews,47,2018-05-16 23:51:51,1,0,19,0
8jyoks,2018-05-16 21:27:22,81,r/worldnews,47,2018-05-17 02:48:36,1,1,4,0
8jyoks,2018-05-16 21:27:22,81,r/worldnews,47,2018-05-17 03:39:33,2,1,-1,0
8jyoks,2018-05-16 21:27:22,81,r/worldnews,47,2018-05-17 04:36:55,3,0,1,0
8jyoks,2018-05-16 21:27:22,81,r/worldnews,47,2018-05-16 23:18:40,1,0,3,0
8jyoks,2018-05-16 21:27:22,81,r/worldnews,47,2018-05-17 03:18:21,1,1,1,0
8jyoks,2018-05-16 21:27:22,81,r/worldnews,47,2018-05-17 03:41:00,2,0,0,0
8jyoks,2018-05-16 21:27:22,81,r/worldnews,48,2018-05-16 22:30:04,0,3,-38,0
8jyoks,2018-05-16 21:27:22,81,r/worldnews,48,2018-05-16 23:30:43,1,0,13,0
8jyoks,2018-05-16 21:27:22,81,r/worldnews,48,2018-05-16 23:08:08,1,0,5,0
8jyoks,2018-05-16 21:27:22,81,r/worldnews,48,2018-05-16 22:51:34,1,0,-4,0
8jyiqh,2018-05-16 21:06:10,82,r/baseball,0,2018-05-16 21:11:17,0,5,1679,0
8jyiqh,2018-05-16 21:06:10,82,r/baseball,0,2018-05-16 22:00:41,1,5,630,0
8jyiqh,2018-05-16 21:06:10,82,r/baseball,0,2018-05-16 22:04:49,2,1,218,0
8jyiqh,2018-05-16 21:06:10,82,r/baseball,0,2018-05-16 22:46:58,3,0,60,0
8jyiqh,2018-05-16 21:06:10,82,r/baseball,0,2018-05-16 23:34:00,2,1,64,0
8jyiqh,2018-05-16 21:06:10,82,r/baseball,0,2018-05-16 23:51:02,3,0,56,0
8jyiqh,2018-05-16 21:06:10,82,r/baseball,0,2018-05-17 02:31:49,2,0,7,0
8jyiqh,2018-05-16 21:06:10,82,r/baseball,0,2018-05-17 04:10:41,2,0,2,0
8jyiqh,2018-05-16 21:06:10,82,r/baseball,0,2018-05-17 01:07:44,2,0,3,0
8jyiqh,2018-05-16 21:06:10,82,r/baseball,0,2018-05-16 22:58:00,1,3,170,0
8jyiqh,2018-05-16 21:06:10,82,r/baseball,0,2018-05-17 02:05:46,2,0,43,0
8jyiqh,2018-05-16 21:06:10,82,r/baseball,0,2018-05-17 02:23:24,2,1,33,0
8jyiqh,2018-05-16 21:06:10,82,r/baseball,0,2018-05-17 02:54:48,3,0,11,0
8jyiqh,2018-05-16 21:06:10,82,r/baseball,0,2018-05-17 00:48:19,2,0,9,0
8jyiqh,2018-05-16 21:06:10,82,r/baseball,0,2018-05-16 23:09:40,1,0,26,0
8jyiqh,2018-05-16 21:06:10,82,r/baseball,0,2018-05-16 23:30:42,1,0,9,0
8jyiqh,2018-05-16 21:06:10,82,r/baseball,0,2018-05-17 04:07:25,1,0,1,0
8jyiqh,2018-05-16 21:06:10,82,r/baseball,1,2018-05-16 21:07:23,0,6,1340,0
8jyiqh,2018-05-16 21:06:10,82,r/baseball,1,2018-05-16 21:11:22,1,3,529,0
8jyiqh,2018-05-16 21:06:10,82,r/baseball,1,2018-05-16 21:32:09,2,2,446,0
8jyiqh,2018-05-16 21:06:10,82,r/baseball,1,2018-05-16 22:54:17,3,2,468,0
8jyiqh,2018-05-16 21:06:10,82,r/baseball,1,2018-05-17 00:39:07,4,1,55,0
8jyiqh,2018-05-16 21:06:10,82,r/baseball,1,2018-05-17 02:04:35,5,0,12,0
8jyiqh,2018-05-16 21:06:10,82,r/baseball,1,2018-05-17 02:02:20,4,0,10,0
8jyiqh,2018-05-16 21:06:10,82,r/baseball,1,2018-05-17 02:55:24,3,0,2,0
8jyiqh,2018-05-16 21:06:10,82,r/baseball,1,2018-05-16 21:40:06,2,4,193,0
8jyiqh,2018-05-16 21:06:10,82,r/baseball,1,2018-05-16 22:01:12,3,4,116,0
8jyiqh,2018-05-16 21:06:10,82,r/baseball,1,2018-05-16 22:07:24,4,0,63,0
8jyiqh,2018-05-16 21:06:10,82,r/baseball,1,2018-05-16 22:55:55,4,1,27,0
8jyiqh,2018-05-16 21:06:10,82,r/baseball,1,2018-05-17 05:00:57,5,0,1,0
8jyiqh,2018-05-16 21:06:10,82,r/baseball,1,2018-05-17 00:30:00,4,1,15,0
8jyiqh,2018-05-16 21:06:10,82,r/baseball,1,2018-05-17 04:43:36,5,0,1,0
8jyiqh,2018-05-16 21:06:10,82,r/baseball,1,2018-05-17 03:51:26,4,0,0,0
8jyiqh,2018-05-16 21:06:10,82,r/baseball,1,2018-05-16 21:57:24,3,0,18,0
8jyiqh,2018-05-16 21:06:10,82,r/baseball,1,2018-05-16 23:18:50,3,0,1,0
8jyiqh,2018-05-16 21:06:10,82,r/baseball,1,2018-05-17 00:56:57,3,0,0,0
8jyiqh,2018-05-16 21:06:10,82,r/baseball,1,2018-05-16 23:30:21,2,0,36,0
8jyiqh,2018-05-16 21:06:10,82,r/baseball,1,2018-05-16 21:30:02,1,3,78,0
8jyiqh,2018-05-16 21:06:10,82,r/baseball,1,2018-05-16 21:41:35,2,0,28,0
8jyiqh,2018-05-16 21:06:10,82,r/baseball,1,2018-05-17 00:37:42,2,0,3,0
8jyiqh,2018-05-16 21:06:10,82,r/baseball,1,2018-05-17 02:18:35,2,0,2,0
8jyiqh,2018-05-16 21:06:10,82,r/baseball,1,2018-05-16 21:13:28,1,1,67,0
8jyiqh,2018-05-16 21:06:10,82,r/baseball,1,2018-05-16 21:55:38,2,1,27,0
8jyiqh,2018-05-16 21:06:10,82,r/baseball,1,2018-05-17 00:37:55,3,0,6,0
8jyiqh,2018-05-16 21:06:10,82,r/baseball,1,2018-05-17 01:30:43,1,1,18,0
8jyiqh,2018-05-16 21:06:10,82,r/baseball,1,2018-05-17 01:43:47,2,0,7,0
8jyiqh,2018-05-16 21:06:10,82,r/baseball,1,2018-05-17 00:28:00,1,2,18,0
8jyiqh,2018-05-16 21:06:10,82,r/baseball,1,2018-05-17 00:45:24,2,0,5,0
8jyiqh,2018-05-16 21:06:10,82,r/baseball,1,2018-05-17 02:06:59,2,0,2,0
8jyiqh,2018-05-16 21:06:10,82,r/baseball,1,2018-05-17 02:17:30,1,0,1,0
8jyiqh,2018-05-16 21:06:10,82,r/baseball,2,2018-05-16 21:36:29,0,2,343,0
8jyiqh,2018-05-16 21:06:10,82,r/baseball,2,2018-05-17 00:11:57,1,0,160,0
8jyiqh,2018-05-16 21:06:10,82,r/baseball,2,2018-05-17 02:47:33,1,0,29,0
8jyiqh,2018-05-16 21:06:10,82,r/baseball,3,2018-05-16 21:08:08,0,3,749,0
8jyiqh,2018-05-16 21:06:10,82,r/baseball,3,2018-05-16 21:24:54,1,3,311,0
8jyiqh,2018-05-16 21:06:10,82,r/baseball,3,2018-05-16 21:53:10,2,6,110,0
8jyiqh,2018-05-16 21:06:10,82,r/baseball,3,2018-05-16 21:58:35,3,1,94,0
8jyiqh,2018-05-16 21:06:10,82,r/baseball,3,2018-05-17 02:01:29,4,1,13,0
8jyiqh,2018-05-16 21:06:10,82,r/baseball,3,2018-05-17 02:34:43,5,1,6,0
8jyiqh,2018-05-16 21:06:10,82,r/baseball,3,2018-05-17 02:37:03,6,1,7,0
8jyiqh,2018-05-16 21:06:10,82,r/baseball,3,2018-05-17 03:04:12,7,0,1,0
8jyiqh,2018-05-16 21:06:10,82,r/baseball,3,2018-05-16 23:34:49,3,0,30,0
8jyiqh,2018-05-16 21:06:10,82,r/baseball,3,2018-05-17 01:28:37,3,1,4,0
8jyiqh,2018-05-16 21:06:10,82,r/baseball,3,2018-05-17 02:16:32,4,0,3,0
8jyiqh,2018-05-16 21:06:10,82,r/baseball,3,2018-05-16 23:56:51,3,0,3,0
8jyiqh,2018-05-16 21:06:10,82,r/baseball,3,2018-05-17 04:16:40,3,0,1,0
8jyiqh,2018-05-16 21:06:10,82,r/baseball,3,2018-05-17 01:03:11,3,0,1,0
8jyiqh,2018-05-16 21:06:10,82,r/baseball,3,2018-05-16 21:56:46,2,1,48,0
8jyiqh,2018-05-16 21:06:10,82,r/baseball,3,2018-05-17 01:33:43,3,0,10,0
8jyiqh,2018-05-16 21:06:10,82,r/baseball,3,2018-05-16 22:52:21,2,0,12,0
8jyiqh,2018-05-16 21:06:10,82,r/baseball,3,2018-05-16 22:43:43,1,0,15,0
8jyiqh,2018-05-16 21:06:10,82,r/baseball,3,2018-05-17 02:50:57,1,0,2,0
8jyiqh,2018-05-16 21:06:10,82,r/baseball,4,2018-05-16 21:10:42,0,2,867,0
8jyiqh,2018-05-16 21:06:10,82,r/baseball,4,2018-05-16 22:27:56,1,1,153,0
8jyiqh,2018-05-16 21:06:10,82,r/baseball,4,2018-05-17 00:21:34,2,1,21,0
8jyiqh,2018-05-16 21:06:10,82,r/baseball,4,2018-05-17 00:23:25,3,0,28,0
8jyiqh,2018-05-16 21:06:10,82,r/baseball,4,2018-05-17 01:08:37,1,1,-18,0
8jyiqh,2018-05-16 21:06:10,82,r/baseball,4,2018-05-17 03:25:24,2,0,9,0
8jyiqh,2018-05-16 21:06:10,82,r/baseball,5,2018-05-16 21:37:49,0,3,211,0
8jyiqh,2018-05-16 21:06:10,82,r/baseball,5,2018-05-16 21:59:36,1,3,98,0
8jyiqh,2018-05-16 21:06:10,82,r/baseball,5,2018-05-17 01:12:15,2,0,15,0
8jyiqh,2018-05-16 21:06:10,82,r/baseball,5,2018-05-17 02:09:28,2,0,1,0
8jyiqh,2018-05-16 21:06:10,82,r/baseball,5,2018-05-17 04:56:49,2,0,1,0
8jyiqh,2018-05-16 21:06:10,82,r/baseball,5,2018-05-16 22:07:13,1,1,53,0
8jyiqh,2018-05-16 21:06:10,82,r/baseball,5,2018-05-17 02:23:48,2,0,1,0
8jyiqh,2018-05-16 21:06:10,82,r/baseball,5,2018-05-16 22:15:57,1,0,14,0
8jyiqh,2018-05-16 21:06:10,82,r/baseball,6,2018-05-16 21:48:37,0,1,214,0
8jyiqh,2018-05-16 21:06:10,82,r/baseball,6,2018-05-16 22:14:12,1,2,37,0
8jyiqh,2018-05-16 21:06:10,82,r/baseball,6,2018-05-17 01:24:48,2,1,41,0
8jyiqh,2018-05-16 21:06:10,82,r/baseball,6,2018-05-17 03:09:23,3,1,13,0
8jyiqh,2018-05-16 21:06:10,82,r/baseball,6,2018-05-17 03:15:30,4,0,6,0
8jyiqh,2018-05-16 21:06:10,82,r/baseball,6,2018-05-17 01:27:05,2,0,9,0
8jyiqh,2018-05-16 21:06:10,82,r/baseball,7,2018-05-16 21:31:40,0,3,463,0
8jyiqh,2018-05-16 21:06:10,82,r/baseball,7,2018-05-17 00:38:14,1,2,225,0
8jyiqh,2018-05-16 21:06:10,82,r/baseball,7,2018-05-17 00:55:06,2,1,163,0
8jyiqh,2018-05-16 21:06:10,82,r/baseball,7,2018-05-17 01:02:54,3,1,36,0
8jyiqh,2018-05-16 21:06:10,82,r/baseball,7,2018-05-17 03:46:51,4,0,1,0
8jyiqh,2018-05-16 21:06:10,82,r/baseball,7,2018-05-17 02:01:59,2,2,55,0
8jyiqh,2018-05-16 21:06:10,82,r/baseball,7,2018-05-17 02:16:48,3,0,8,0
8jyiqh,2018-05-16 21:06:10,82,r/baseball,7,2018-05-17 05:02:34,3,0,1,0
8jyiqh,2018-05-16 21:06:10,82,r/baseball,7,2018-05-17 04:46:23,1,0,3,0
8jyiqh,2018-05-16 21:06:10,82,r/baseball,7,2018-05-17 02:07:07,1,0,1,0
8jyiqh,2018-05-16 21:06:10,82,r/baseball,8,2018-05-16 22:39:08,0,3,196,0
8jyiqh,2018-05-16 21:06:10,82,r/baseball,8,2018-05-17 00:10:09,1,1,56,0
8jyiqh,2018-05-16 21:06:10,82,r/baseball,8,2018-05-17 00:14:35,2,1,54,0
8jyiqh,2018-05-16 21:06:10,82,r/baseball,8,2018-05-17 01:51:58,3,0,9,0
8jyiqh,2018-05-16 21:06:10,82,r/baseball,8,2018-05-17 03:56:52,1,0,2,0
8jyiqh,2018-05-16 21:06:10,82,r/baseball,8,2018-05-17 05:13:10,1,0,1,0
8jyiqh,2018-05-16 21:06:10,82,r/baseball,9,2018-05-16 21:45:38,0,4,260,0
8jyiqh,2018-05-16 21:06:10,82,r/baseball,9,2018-05-16 21:46:56,1,0,79,0
8jyiqh,2018-05-16 21:06:10,82,r/baseball,9,2018-05-16 22:07:03,1,0,47,0
8jyiqh,2018-05-16 21:06:10,82,r/baseball,9,2018-05-16 22:20:38,1,0,45,0
8jyiqh,2018-05-16 21:06:10,82,r/baseball,9,2018-05-16 22:56:07,1,1,17,0
8jyiqh,2018-05-16 21:06:10,82,r/baseball,9,2018-05-17 00:48:14,2,1,0,0
8jyiqh,2018-05-16 21:06:10,82,r/baseball,9,2018-05-17 03:07:00,3,1,4,0
8jyiqh,2018-05-16 21:06:10,82,r/baseball,9,2018-05-17 03:08:40,4,0,1,0
8jyiqh,2018-05-16 21:06:10,82,r/baseball,10,2018-05-16 21:32:07,0,3,171,0
8jyiqh,2018-05-16 21:06:10,82,r/baseball,10,2018-05-17 02:07:46,1,0,130,0
8jyiqh,2018-05-16 21:06:10,82,r/baseball,10,2018-05-17 01:51:33,1,1,18,0
8jyiqh,2018-05-16 21:06:10,82,r/baseball,10,2018-05-17 03:50:59,2,0,2,0
8jyiqh,2018-05-16 21:06:10,82,r/baseball,10,2018-05-17 04:52:52,1,0,1,0
8jyiqh,2018-05-16 21:06:10,82,r/baseball,11,2018-05-16 21:43:50,0,3,298,0
8jyiqh,2018-05-16 21:06:10,82,r/baseball,11,2018-05-16 22:12:52,1,4,134,0
8jyiqh,2018-05-16 21:06:10,82,r/baseball,11,2018-05-16 22:15:55,2,0,178,0
8jyiqh,2018-05-16 21:06:10,82,r/baseball,11,2018-05-16 22:29:31,2,1,54,0
8jyiqh,2018-05-16 21:06:10,82,r/baseball,11,2018-05-16 22:52:27,3,0,42,0
8jyiqh,2018-05-16 21:06:10,82,r/baseball,11,2018-05-17 02:26:44,2,0,2,0
8jyiqh,2018-05-16 21:06:10,82,r/baseball,11,2018-05-17 04:02:49,2,0,1,0
8jyiqh,2018-05-16 21:06:10,82,r/baseball,11,2018-05-16 22:41:00,1,1,35,0
8jyiqh,2018-05-16 21:06:10,82,r/baseball,11,2018-05-17 02:20:48,2,0,5,0
8jyiqh,2018-05-16 21:06:10,82,r/baseball,11,2018-05-17 04:21:28,1,0,2,0
8jyiqh,2018-05-16 21:06:10,82,r/baseball,12,2018-05-16 21:47:51,0,1,67,0
8jyiqh,2018-05-16 21:06:10,82,r/baseball,12,2018-05-17 05:12:40,1,0,1,0
8jyiqh,2018-05-16 21:06:10,82,r/baseball,13,2018-05-16 21:36:38,0,1,189,0
8jyiqh,2018-05-16 21:06:10,82,r/baseball,13,2018-05-16 21:46:56,1,1,122,0
8jyiqh,2018-05-16 21:06:10,82,r/baseball,13,2018-05-16 22:51:02,2,0,55,0
8jyiqh,2018-05-16 21:06:10,82,r/baseball,14,2018-05-17 00:51:03,0,1,46,0
8jyiqh,2018-05-16 21:06:10,82,r/baseball,14,2018-05-17 01:30:36,1,0,3,0
8jyiqh,2018-05-16 21:06:10,82,r/baseball,15,2018-05-16 22:47:59,0,0,63,0
8jyiqh,2018-05-16 21:06:10,82,r/baseball,16,2018-05-16 23:38:37,0,1,27,0
8jyiqh,2018-05-16 21:06:10,82,r/baseball,16,2018-05-17 00:23:33,1,0,10,0
8jyiqh,2018-05-16 21:06:10,82,r/baseball,17,2018-05-16 21:49:01,0,0,22,0
8jyiqh,2018-05-16 21:06:10,82,r/baseball,18,2018-05-16 21:16:21,0,3,23,0
8jyiqh,2018-05-16 21:06:10,82,r/baseball,18,2018-05-16 21:53:59,1,0,33,0
8jyiqh,2018-05-16 21:06:10,82,r/baseball,18,2018-05-16 22:00:35,1,2,32,0
8jyiqh,2018-05-16 21:06:10,82,r/baseball,18,2018-05-16 22:45:15,2,0,19,0
8jyiqh,2018-05-16 21:06:10,82,r/baseball,18,2018-05-17 04:07:22,2,0,3,0
8jyiqh,2018-05-16 21:06:10,82,r/baseball,18,2018-05-16 21:28:00,1,1,12,0
8jyiqh,2018-05-16 21:06:10,82,r/baseball,18,2018-05-16 22:01:11,2,0,15,0
8jyiqh,2018-05-16 21:06:10,82,r/baseball,19,2018-05-16 21:14:26,0,2,258,0
8jyiqh,2018-05-16 21:06:10,82,r/baseball,19,2018-05-17 01:28:50,1,2,43,0
8jyiqh,2018-05-16 21:06:10,82,r/baseball,19,2018-05-17 01:40:58,2,1,6,0
8jyiqh,2018-05-16 21:06:10,82,r/baseball,19,2018-05-17 03:42:14,3,0,1,0
8jyiqh,2018-05-16 21:06:10,82,r/baseball,19,2018-05-17 02:52:29,2,0,1,0
8jyiqh,2018-05-16 21:06:10,82,r/baseball,19,2018-05-16 21:21:27,1,1,132,0
8jyiqh,2018-05-16 21:06:10,82,r/baseball,19,2018-05-17 01:28:20,2,3,37,0
8jyiqh,2018-05-16 21:06:10,82,r/baseball,19,2018-05-17 02:20:27,3,0,6,0
8jyiqh,2018-05-16 21:06:10,82,r/baseball,19,2018-05-17 02:21:13,3,1,5,0
8jyiqh,2018-05-16 21:06:10,82,r/baseball,19,2018-05-17 04:19:45,4,0,1,0
8jyiqh,2018-05-16 21:06:10,82,r/baseball,19,2018-05-17 05:17:01,3,0,1,0
8jyiqh,2018-05-16 21:06:10,82,r/baseball,20,2018-05-16 21:56:45,0,1,21,0
8jyiqh,2018-05-16 21:06:10,82,r/baseball,20,2018-05-16 22:24:18,1,1,20,0
8jyiqh,2018-05-16 21:06:10,82,r/baseball,20,2018-05-16 22:32:52,2,2,36,0
8jyiqh,2018-05-16 21:06:10,82,r/baseball,20,2018-05-16 23:08:38,3,0,9,0
8jyiqh,2018-05-16 21:06:10,82,r/baseball,20,2018-05-16 23:20:36,3,0,6,0
8jyiqh,2018-05-16 21:06:10,82,r/baseball,21,2018-05-16 22:45:14,0,1,20,0
8jyiqh,2018-05-16 21:06:10,82,r/baseball,21,2018-05-16 22:51:31,1,0,14,0
8jyiqh,2018-05-16 21:06:10,82,r/baseball,22,2018-05-16 23:15:56,0,4,40,0
8jyiqh,2018-05-16 21:06:10,82,r/baseball,22,2018-05-17 00:19:06,1,1,13,0
8jyiqh,2018-05-16 21:06:10,82,r/baseball,22,2018-05-17 01:10:17,2,0,10,0
8jyiqh,2018-05-16 21:06:10,82,r/baseball,22,2018-05-17 04:51:39,1,0,3,0
8jyiqh,2018-05-16 21:06:10,82,r/baseball,22,2018-05-17 05:01:14,1,1,2,0
8jyiqh,2018-05-16 21:06:10,82,r/baseball,22,2018-05-17 05:11:12,2,0,1,0
8jyiqh,2018-05-16 21:06:10,82,r/baseball,22,2018-05-17 05:13:30,1,0,2,0
8jyiqh,2018-05-16 21:06:10,82,r/baseball,23,2018-05-16 21:19:15,0,1,18,0
8jyiqh,2018-05-16 21:06:10,82,r/baseball,23,2018-05-17 04:08:39,1,0,1,0
8jyiqh,2018-05-16 21:06:10,82,r/baseball,24,2018-05-16 22:42:12,0,2,61,0
8jyiqh,2018-05-16 21:06:10,82,r/baseball,24,2018-05-17 02:43:25,1,0,12,0
8jyiqh,2018-05-16 21:06:10,82,r/baseball,24,2018-05-17 02:29:26,1,1,3,0
8jyiqh,2018-05-16 21:06:10,82,r/baseball,24,2018-05-17 02:38:10,2,0,3,0
8jyiqh,2018-05-16 21:06:10,82,r/baseball,25,2018-05-16 23:14:35,0,0,14,0
8jyiqh,2018-05-16 21:06:10,82,r/baseball,26,2018-05-17 00:09:29,0,0,14,0
8jyiqh,2018-05-16 21:06:10,82,r/baseball,27,2018-05-16 22:31:15,0,1,36,0
8jyiqh,2018-05-16 21:06:10,82,r/baseball,27,2018-05-17 00:38:02,1,0,6,0
8jyiqh,2018-05-16 21:06:10,82,r/baseball,28,2018-05-16 23:38:11,0,0,11,0
8jyiqh,2018-05-16 21:06:10,82,r/baseball,29,2018-05-16 21:23:40,0,5,53,0
8jyiqh,2018-05-16 21:06:10,82,r/baseball,29,2018-05-16 21:31:48,1,1,65,0
8jyiqh,2018-05-16 21:06:10,82,r/baseball,29,2018-05-16 22:23:10,2,2,32,0
8jyiqh,2018-05-16 21:06:10,82,r/baseball,29,2018-05-17 01:33:53,3,0,7,0
8jyiqh,2018-05-16 21:06:10,82,r/baseball,29,2018-05-17 02:59:06,3,0,2,0
8jyiqh,2018-05-16 21:06:10,82,r/baseball,29,2018-05-16 22:07:07,1,1,11,0
8jyiqh,2018-05-16 21:06:10,82,r/baseball,29,2018-05-17 04:58:29,2,0,1,0
8jyiqh,2018-05-16 21:06:10,82,r/baseball,29,2018-05-16 21:27:31,1,0,5,0
8jyiqh,2018-05-16 21:06:10,82,r/baseball,29,2018-05-16 21:44:24,1,0,7,0
8jyiqh,2018-05-16 21:06:10,82,r/baseball,29,2018-05-17 04:43:53,1,0,1,0
8jyiqh,2018-05-16 21:06:10,82,r/baseball,30,2018-05-16 23:06:26,0,0,9,0
8jyiqh,2018-05-16 21:06:10,82,r/baseball,31,2018-05-16 23:45:43,0,0,9,0
8jyiqh,2018-05-16 21:06:10,82,r/baseball,32,2018-05-17 01:44:43,0,1,9,0
8jyiqh,2018-05-16 21:06:10,82,r/baseball,32,2018-05-17 03:05:59,1,0,1,0
8jyiqh,2018-05-16 21:06:10,82,r/baseball,33,2018-05-16 21:19:06,0,0,6,0
8jyiqh,2018-05-16 21:06:10,82,r/baseball,34,2018-05-16 21:28:11,0,2,8,0
8jyiqh,2018-05-16 21:06:10,82,r/baseball,34,2018-05-16 21:42:13,1,0,7,0
8jyiqh,2018-05-16 21:06:10,82,r/baseball,34,2018-05-17 03:37:01,1,0,2,0
8jyiqh,2018-05-16 21:06:10,82,r/baseball,35,2018-05-17 01:51:14,0,0,7,0
8jyiqh,2018-05-16 21:06:10,82,r/baseball,36,2018-05-16 23:06:15,0,0,6,0
8jyiqh,2018-05-16 21:06:10,82,r/baseball,37,2018-05-16 23:13:57,0,0,6,0
8jyiqh,2018-05-16 21:06:10,82,r/baseball,38,2018-05-16 23:26:11,0,0,7,0
8jyiqh,2018-05-16 21:06:10,82,r/baseball,39,2018-05-16 23:42:32,0,0,5,0
8jyiqh,2018-05-16 21:06:10,82,r/baseball,40,2018-05-16 23:54:05,0,0,6,0
8jyiqh,2018-05-16 21:06:10,82,r/baseball,41,2018-05-16 23:43:12,0,0,10,0
8jyiqh,2018-05-16 21:06:10,82,r/baseball,42,2018-05-16 21:27:49,0,0,6,0
8jyiqh,2018-05-16 21:06:10,82,r/baseball,43,2018-05-16 21:56:34,0,0,4,0
8jyiqh,2018-05-16 21:06:10,82,r/baseball,44,2018-05-16 22:48:09,0,0,6,0
8jyiqh,2018-05-16 21:06:10,82,r/baseball,45,2018-05-17 00:13:11,0,0,4,0
8jyiqh,2018-05-16 21:06:10,82,r/baseball,46,2018-05-17 00:13:51,0,2,5,0
8jyiqh,2018-05-16 21:06:10,82,r/baseball,46,2018-05-17 00:24:27,1,0,3,0
8jyiqh,2018-05-16 21:06:10,82,r/baseball,46,2018-05-17 01:18:32,1,0,2,0
8jyiqh,2018-05-16 21:06:10,82,r/baseball,47,2018-05-17 01:24:08,0,0,4,0
8jyiqh,2018-05-16 21:06:10,82,r/baseball,48,2018-05-17 01:24:37,0,0,4,0
8jyiqh,2018-05-16 21:06:10,82,r/baseball,49,2018-05-16 21:55:29,0,1,10,0
8jyiqh,2018-05-16 21:06:10,82,r/baseball,49,2018-05-17 01:49:59,1,0,1,0
8jyiqh,2018-05-16 21:06:10,82,r/baseball,50,2018-05-16 22:16:48,0,1,6,0
8jyiqh,2018-05-16 21:06:10,82,r/baseball,50,2018-05-17 00:56:24,1,0,4,0
8jyiqh,2018-05-16 21:06:10,82,r/baseball,51,2018-05-16 22:24:10,0,0,5,0
8jyiqh,2018-05-16 21:06:10,82,r/baseball,52,2018-05-16 22:28:25,0,1,6,0
8jyiqh,2018-05-16 21:06:10,82,r/baseball,52,2018-05-17 00:05:25,1,0,4,0
8jyiqh,2018-05-16 21:06:10,82,r/baseball,53,2018-05-16 22:16:43,0,0,3,0
8jyiqh,2018-05-16 21:06:10,82,r/baseball,54,2018-05-16 22:39:25,0,0,3,0
8jyiqh,2018-05-16 21:06:10,82,r/baseball,55,2018-05-16 22:46:17,0,3,3,0
8jyiqh,2018-05-16 21:06:10,82,r/baseball,55,2018-05-17 00:19:50,1,0,2,0
8jyiqh,2018-05-16 21:06:10,82,r/baseball,55,2018-05-17 00:21:06,1,0,1,0
8jyiqh,2018-05-16 21:06:10,82,r/baseball,55,2018-05-17 00:22:25,1,0,1,0
8jyiqh,2018-05-16 21:06:10,82,r/baseball,56,2018-05-16 22:59:42,0,0,3,0
8jyiqh,2018-05-16 21:06:10,82,r/baseball,57,2018-05-16 23:55:24,0,0,3,0
8jyiqh,2018-05-16 21:06:10,82,r/baseball,58,2018-05-17 00:29:59,0,0,3,0
8jyiqh,2018-05-16 21:06:10,82,r/baseball,59,2018-05-17 01:32:13,0,0,3,0
8jyiqh,2018-05-16 21:06:10,82,r/baseball,60,2018-05-17 01:56:16,0,0,3,0
8jyiqh,2018-05-16 21:06:10,82,r/baseball,61,2018-05-17 02:19:37,0,0,3,0
8jyiqh,2018-05-16 21:06:10,82,r/baseball,62,2018-05-16 22:46:56,0,0,4,0
8jyiqh,2018-05-16 21:06:10,82,r/baseball,63,2018-05-16 21:55:10,0,0,2,0
8jyiqh,2018-05-16 21:06:10,82,r/baseball,64,2018-05-16 22:05:05,0,0,2,0
8jyiqh,2018-05-16 21:06:10,82,r/baseball,65,2018-05-16 23:05:48,0,0,2,0
8jyiqh,2018-05-16 21:06:10,82,r/baseball,66,2018-05-17 00:12:46,0,0,2,0
8jyiqh,2018-05-16 21:06:10,82,r/baseball,67,2018-05-17 01:41:29,0,0,2,0
8jyiqh,2018-05-16 21:06:10,82,r/baseball,68,2018-05-17 01:49:21,0,1,2,0
8jyiqh,2018-05-16 21:06:10,82,r/baseball,68,2018-05-17 02:49:40,1,1,1,0
8jyiqh,2018-05-16 21:06:10,82,r/baseball,68,2018-05-17 02:51:51,2,1,1,0
8jyiqh,2018-05-16 21:06:10,82,r/baseball,68,2018-05-17 03:57:09,3,0,1,0
8jyiqh,2018-05-16 21:06:10,82,r/baseball,69,2018-05-17 01:55:58,0,1,2,0
8jyiqh,2018-05-16 21:06:10,82,r/baseball,69,2018-05-17 02:27:00,1,0,2,0
8jyiqh,2018-05-16 21:06:10,82,r/baseball,70,2018-05-17 01:59:07,0,0,2,0
8jyiqh,2018-05-16 21:06:10,82,r/baseball,71,2018-05-17 02:07:18,0,0,2,0
8jyiqh,2018-05-16 21:06:10,82,r/baseball,72,2018-05-17 02:32:41,0,0,2,0
8jyiqh,2018-05-16 21:06:10,82,r/baseball,73,2018-05-17 02:35:12,0,0,2,0
8jyiqh,2018-05-16 21:06:10,82,r/baseball,74,2018-05-17 04:41:46,0,0,2,0
8jyiqh,2018-05-16 21:06:10,82,r/baseball,75,2018-05-17 04:42:00,0,0,2,0
8jyiqh,2018-05-16 21:06:10,82,r/baseball,76,2018-05-16 21:40:59,0,5,6,0
8jyiqh,2018-05-16 21:06:10,82,r/baseball,76,2018-05-16 21:45:18,1,0,35,0
8jyiqh,2018-05-16 21:06:10,82,r/baseball,76,2018-05-16 21:48:37,1,0,19,0
8jyiqh,2018-05-16 21:06:10,82,r/baseball,76,2018-05-16 22:07:54,1,0,14,0
8jyiqh,2018-05-16 21:06:10,82,r/baseball,76,2018-05-16 22:10:43,1,0,8,0
8jyiqh,2018-05-16 21:06:10,82,r/baseball,76,2018-05-16 21:58:42,1,0,2,0
8jyiqh,2018-05-16 21:06:10,82,r/baseball,77,2018-05-16 22:56:27,0,0,2,0
8jyiqh,2018-05-16 21:06:10,82,r/baseball,78,2018-05-16 23:12:57,0,0,2,0
8jyiqh,2018-05-16 21:06:10,82,r/baseball,79,2018-05-16 23:07:39,0,0,1,0
8jyiqh,2018-05-16 21:06:10,82,r/baseball,80,2018-05-16 23:14:17,0,0,1,0
8jyiqh,2018-05-16 21:06:10,82,r/baseball,81,2018-05-16 23:22:44,0,0,1,0
8jyiqh,2018-05-16 21:06:10,82,r/baseball,82,2018-05-16 23:32:32,0,0,1,0
8jyiqh,2018-05-16 21:06:10,82,r/baseball,83,2018-05-16 23:59:51,0,0,1,0
8jyiqh,2018-05-16 21:06:10,82,r/baseball,84,2018-05-17 00:08:35,0,0,1,0
8jyiqh,2018-05-16 21:06:10,82,r/baseball,85,2018-05-17 00:20:34,0,0,1,0
8jyiqh,2018-05-16 21:06:10,82,r/baseball,86,2018-05-17 01:00:40,0,0,1,0
8jyiqh,2018-05-16 21:06:10,82,r/baseball,87,2018-05-17 01:38:17,0,0,1,0
8jyiqh,2018-05-16 21:06:10,82,r/baseball,88,2018-05-17 01:41:16,0,0,1,0
8jyiqh,2018-05-16 21:06:10,82,r/baseball,89,2018-05-17 01:41:42,0,0,1,0
8jyiqh,2018-05-16 21:06:10,82,r/baseball,90,2018-05-17 01:42:47,0,0,1,0
8jyiqh,2018-05-16 21:06:10,82,r/baseball,91,2018-05-17 01:44:44,0,0,1,0
8jyiqh,2018-05-16 21:06:10,82,r/baseball,92,2018-05-17 01:52:54,0,0,1,0
8jyiqh,2018-05-16 21:06:10,82,r/baseball,93,2018-05-17 01:58:15,0,0,1,0
8jyiqh,2018-05-16 21:06:10,82,r/baseball,94,2018-05-17 02:08:02,0,0,1,0
8jyiqh,2018-05-16 21:06:10,82,r/baseball,95,2018-05-17 02:08:20,0,0,1,0
8jyiqh,2018-05-16 21:06:10,82,r/baseball,96,2018-05-17 02:10:27,0,0,1,0
8jyiqh,2018-05-16 21:06:10,82,r/baseball,97,2018-05-17 02:11:46,0,0,1,0
8jyiqh,2018-05-16 21:06:10,82,r/baseball,98,2018-05-17 02:12:02,0,0,1,0
8jyiqh,2018-05-16 21:06:10,82,r/baseball,99,2018-05-17 02:16:50,0,0,1,0
8jyiqh,2018-05-16 21:06:10,82,r/baseball,100,2018-05-17 02:18:59,0,0,1,0
8jyiqh,2018-05-16 21:06:10,82,r/baseball,101,2018-05-17 02:21:01,0,0,1,0
8jyiqh,2018-05-16 21:06:10,82,r/baseball,102,2018-05-17 02:28:42,0,0,1,0
8jyiqh,2018-05-16 21:06:10,82,r/baseball,103,2018-05-17 02:36:39,0,0,1,0
8jyiqh,2018-05-16 21:06:10,82,r/baseball,104,2018-05-17 02:38:06,0,0,1,0
8jyiqh,2018-05-16 21:06:10,82,r/baseball,105,2018-05-17 02:38:19,0,0,1,0
8jyiqh,2018-05-16 21:06:10,82,r/baseball,106,2018-05-17 02:39:19,0,0,1,0
8jyiqh,2018-05-16 21:06:10,82,r/baseball,107,2018-05-17 02:39:56,0,0,1,0
8jyiqh,2018-05-16 21:06:10,82,r/baseball,108,2018-05-17 02:44:41,0,0,1,0
8jyiqh,2018-05-16 21:06:10,82,r/baseball,109,2018-05-17 02:48:21,0,0,1,0
8jyiqh,2018-05-16 21:06:10,82,r/baseball,110,2018-05-17 02:52:43,0,0,1,0
8jyiqh,2018-05-16 21:06:10,82,r/baseball,111,2018-05-17 03:02:45,0,0,1,0
8jyiqh,2018-05-16 21:06:10,82,r/baseball,112,2018-05-17 03:04:29,0,0,1,0
8jyiqh,2018-05-16 21:06:10,82,r/baseball,113,2018-05-17 03:05:53,0,0,1,0
8jyiqh,2018-05-16 21:06:10,82,r/baseball,114,2018-05-17 03:06:58,0,0,1,0
8jyiqh,2018-05-16 21:06:10,82,r/baseball,115,2018-05-17 03:07:36,0,0,1,0
8jyiqh,2018-05-16 21:06:10,82,r/baseball,116,2018-05-17 03:10:35,0,1,1,0
8jyiqh,2018-05-16 21:06:10,82,r/baseball,116,2018-05-17 03:16:10,1,1,1,0
8jyiqh,2018-05-16 21:06:10,82,r/baseball,116,2018-05-17 03:21:42,2,1,2,0
8jyiqh,2018-05-16 21:06:10,82,r/baseball,116,2018-05-17 03:25:15,3,0,2,0
8jyiqh,2018-05-16 21:06:10,82,r/baseball,117,2018-05-17 03:11:31,0,0,1,0
8jyiqh,2018-05-16 21:06:10,82,r/baseball,118,2018-05-17 03:15:39,0,0,1,0
8jyiqh,2018-05-16 21:06:10,82,r/baseball,119,2018-05-17 03:23:13,0,0,1,0
8jyiqh,2018-05-16 21:06:10,82,r/baseball,120,2018-05-17 03:23:22,0,0,1,0
8jyiqh,2018-05-16 21:06:10,82,r/baseball,121,2018-05-17 03:24:38,0,0,1,0
8jyiqh,2018-05-16 21:06:10,82,r/baseball,122,2018-05-17 03:27:09,0,0,1,0
8jyiqh,2018-05-16 21:06:10,82,r/baseball,123,2018-05-17 03:29:13,0,0,1,0
8jyiqh,2018-05-16 21:06:10,82,r/baseball,124,2018-05-17 03:33:26,0,0,1,0
8jyiqh,2018-05-16 21:06:10,82,r/baseball,125,2018-05-17 03:38:24,0,0,1,0
8jyiqh,2018-05-16 21:06:10,82,r/baseball,126,2018-05-17 03:44:42,0,0,1,0
8jyiqh,2018-05-16 21:06:10,82,r/baseball,127,2018-05-17 03:50:05,0,0,1,0
8jyiqh,2018-05-16 21:06:10,82,r/baseball,128,2018-05-17 03:54:03,0,0,1,0
8jyiqh,2018-05-16 21:06:10,82,r/baseball,129,2018-05-17 03:55:05,0,0,1,0
8jyiqh,2018-05-16 21:06:10,82,r/baseball,130,2018-05-17 03:57:35,0,0,1,0
8jyiqh,2018-05-16 21:06:10,82,r/baseball,131,2018-05-17 04:00:48,0,0,1,0
8jyiqh,2018-05-16 21:06:10,82,r/baseball,132,2018-05-17 04:00:53,0,0,1,0
8jyiqh,2018-05-16 21:06:10,82,r/baseball,133,2018-05-17 04:01:14,0,0,1,0
8jyiqh,2018-05-16 21:06:10,82,r/baseball,134,2018-05-17 04:06:20,0,0,1,0
8jyiqh,2018-05-16 21:06:10,82,r/baseball,135,2018-05-17 04:07:19,0,0,1,0
8jyiqh,2018-05-16 21:06:10,82,r/baseball,136,2018-05-17 04:08:01,0,0,1,0
8jyiqh,2018-05-16 21:06:10,82,r/baseball,137,2018-05-17 04:11:28,0,0,1,0
8jyiqh,2018-05-16 21:06:10,82,r/baseball,138,2018-05-17 04:15:58,0,0,1,0
8jyiqh,2018-05-16 21:06:10,82,r/baseball,139,2018-05-17 04:18:24,0,0,1,0
8jyiqh,2018-05-16 21:06:10,82,r/baseball,140,2018-05-17 04:27:47,0,0,1,0
8jyiqh,2018-05-16 21:06:10,82,r/baseball,141,2018-05-17 04:28:46,0,0,1,0
8jyiqh,2018-05-16 21:06:10,82,r/baseball,142,2018-05-17 04:35:40,0,0,1,0
8jyiqh,2018-05-16 21:06:10,82,r/baseball,143,2018-05-17 04:47:57,0,0,1,0
8jyiqh,2018-05-16 21:06:10,82,r/baseball,144,2018-05-17 04:50:51,0,0,1,0
8jyiqh,2018-05-16 21:06:10,82,r/baseball,145,2018-05-17 04:58:15,0,0,1,0
8jyiqh,2018-05-16 21:06:10,82,r/baseball,146,2018-05-17 05:03:56,0,0,1,0
8jyiqh,2018-05-16 21:06:10,82,r/baseball,147,2018-05-17 05:09:18,0,0,1,0
8jyiqh,2018-05-16 21:06:10,82,r/baseball,148,2018-05-17 05:11:11,0,0,1,0
8jyiqh,2018-05-16 21:06:10,82,r/baseball,149,2018-05-17 05:13:30,0,0,1,0
8jyiqh,2018-05-16 21:06:10,82,r/baseball,150,2018-05-17 05:15:27,0,0,1,0
8jyiqh,2018-05-16 21:06:10,82,r/baseball,151,2018-05-17 05:16:05,0,0,1,0
8jyiqh,2018-05-16 21:06:10,82,r/baseball,152,2018-05-17 05:21:11,0,0,1,0
8jyiqh,2018-05-16 21:06:10,82,r/baseball,153,2018-05-16 22:21:48,0,0,1,0
8jyiqh,2018-05-16 21:06:10,82,r/baseball,154,2018-05-16 23:42:38,0,1,1,0
8jyiqh,2018-05-16 21:06:10,82,r/baseball,154,2018-05-17 00:22:54,1,0,2,0
8jyiqh,2018-05-16 21:06:10,82,r/baseball,155,2018-05-17 01:33:42,0,0,1,0
8jyiqh,2018-05-16 21:06:10,82,r/baseball,156,2018-05-17 00:35:38,0,1,0,0
8jyiqh,2018-05-16 21:06:10,82,r/baseball,156,2018-05-17 00:52:19,1,1,3,0
8jyiqh,2018-05-16 21:06:10,82,r/baseball,156,2018-05-17 01:00:43,2,1,1,0
8jyiqh,2018-05-16 21:06:10,82,r/baseball,156,2018-05-17 01:36:36,3,1,3,0
8jyiqh,2018-05-16 21:06:10,82,r/baseball,156,2018-05-17 01:40:06,4,0,2,0
8jyiqh,2018-05-16 21:06:10,82,r/baseball,157,2018-05-17 03:29:08,0,1,-2,0
8jyiqh,2018-05-16 21:06:10,82,r/baseball,157,2018-05-17 03:42:17,1,0,4,0
8jypms,2018-05-16 21:31:11,83,r/DeepFriedMemes,0,2018-05-17 00:50:19,0,3,447,0
8jypms,2018-05-16 21:31:11,83,r/DeepFriedMemes,0,2018-05-17 01:57:55,1,2,137,0
8jypms,2018-05-16 21:31:11,83,r/DeepFriedMemes,0,2018-05-17 04:10:11,2,0,15,0
8jypms,2018-05-16 21:31:11,83,r/DeepFriedMemes,0,2018-05-17 04:59:39,2,0,3,0
8jypms,2018-05-16 21:31:11,83,r/DeepFriedMemes,0,2018-05-17 03:03:15,1,1,42,0
8jypms,2018-05-16 21:31:11,83,r/DeepFriedMemes,0,2018-05-17 03:18:48,2,0,9,0
8jypms,2018-05-16 21:31:11,83,r/DeepFriedMemes,0,2018-05-17 01:47:00,1,1,7,0
8jypms,2018-05-16 21:31:11,83,r/DeepFriedMemes,0,2018-05-17 02:44:38,2,0,8,0
8jypms,2018-05-16 21:31:11,83,r/DeepFriedMemes,1,2018-05-16 21:50:06,0,1,133,0
8jypms,2018-05-16 21:31:11,83,r/DeepFriedMemes,1,2018-05-17 05:16:11,1,0,1,0
8jypms,2018-05-16 21:31:11,83,r/DeepFriedMemes,2,2018-05-17 01:32:43,0,5,76,0
8jypms,2018-05-16 21:31:11,83,r/DeepFriedMemes,2,2018-05-17 02:58:11,1,1,57,0
8jypms,2018-05-16 21:31:11,83,r/DeepFriedMemes,2,2018-05-17 02:58:32,2,0,10,0
8jypms,2018-05-16 21:31:11,83,r/DeepFriedMemes,2,2018-05-17 02:39:45,1,0,4,0
8jypms,2018-05-16 21:31:11,83,r/DeepFriedMemes,2,2018-05-17 03:16:49,1,0,2,0
8jypms,2018-05-16 21:31:11,83,r/DeepFriedMemes,2,2018-05-17 02:49:39,1,0,1,0
8jypms,2018-05-16 21:31:11,83,r/DeepFriedMemes,2,2018-05-17 02:58:39,1,0,1,0
8jypms,2018-05-16 21:31:11,83,r/DeepFriedMemes,3,2018-05-17 02:42:31,0,1,62,0
8jypms,2018-05-16 21:31:11,83,r/DeepFriedMemes,3,2018-05-17 04:01:01,1,0,7,0
8jypms,2018-05-16 21:31:11,83,r/DeepFriedMemes,4,2018-05-17 00:16:58,0,1,115,0
8jypms,2018-05-16 21:31:11,83,r/DeepFriedMemes,4,2018-05-17 03:03:52,1,1,45,0
8jypms,2018-05-16 21:31:11,83,r/DeepFriedMemes,4,2018-05-17 04:20:43,2,0,16,0
8jypms,2018-05-16 21:31:11,83,r/DeepFriedMemes,5,2018-05-17 02:52:17,0,2,20,0
8jypms,2018-05-16 21:31:11,83,r/DeepFriedMemes,5,2018-05-17 03:09:23,1,0,7,0
8jypms,2018-05-16 21:31:11,83,r/DeepFriedMemes,5,2018-05-17 03:54:27,1,0,4,0
8jypms,2018-05-16 21:31:11,83,r/DeepFriedMemes,6,2018-05-17 01:17:43,0,0,25,0
8jypms,2018-05-16 21:31:11,83,r/DeepFriedMemes,7,2018-05-17 03:43:06,0,1,24,0
8jypms,2018-05-16 21:31:11,83,r/DeepFriedMemes,7,2018-05-17 04:29:20,1,0,9,0
8jypms,2018-05-16 21:31:11,83,r/DeepFriedMemes,8,2018-05-17 02:22:19,0,1,36,0
8jypms,2018-05-16 21:31:11,83,r/DeepFriedMemes,8,2018-05-17 03:55:39,1,0,9,0
8jypms,2018-05-16 21:31:11,83,r/DeepFriedMemes,9,2018-05-17 03:34:59,0,0,9,0
8jypms,2018-05-16 21:31:11,83,r/DeepFriedMemes,10,2018-05-17 01:08:01,0,0,51,0
8jypms,2018-05-16 21:31:11,83,r/DeepFriedMemes,11,2018-05-17 02:56:09,0,1,12,0
8jypms,2018-05-16 21:31:11,83,r/DeepFriedMemes,11,2018-05-17 03:26:06,1,1,0,0
8jypms,2018-05-16 21:31:11,83,r/DeepFriedMemes,11,2018-05-17 03:26:10,2,1,2,0
8jypms,2018-05-16 21:31:11,83,r/DeepFriedMemes,11,2018-05-17 03:28:06,3,0,-1,0
8jypms,2018-05-16 21:31:11,83,r/DeepFriedMemes,12,2018-05-17 03:33:04,0,0,5,0
8jypms,2018-05-16 21:31:11,83,r/DeepFriedMemes,13,2018-05-16 23:08:50,0,0,8,0
8jypms,2018-05-16 21:31:11,83,r/DeepFriedMemes,14,2018-05-17 01:57:13,0,0,6,0
8jypms,2018-05-16 21:31:11,83,r/DeepFriedMemes,15,2018-05-17 02:48:04,0,0,3,0
8jypms,2018-05-16 21:31:11,83,r/DeepFriedMemes,16,2018-05-17 03:36:35,0,1,3,0
8jypms,2018-05-16 21:31:11,83,r/DeepFriedMemes,16,2018-05-17 03:46:55,1,2,17,0
8jypms,2018-05-16 21:31:11,83,r/DeepFriedMemes,16,2018-05-17 03:58:09,2,0,11,0
8jypms,2018-05-16 21:31:11,83,r/DeepFriedMemes,16,2018-05-17 04:50:37,2,0,1,0
8jypms,2018-05-16 21:31:11,83,r/DeepFriedMemes,17,2018-05-17 02:47:44,0,0,4,0
8jypms,2018-05-16 21:31:11,83,r/DeepFriedMemes,18,2018-05-17 04:05:08,0,0,1,0
8jypms,2018-05-16 21:31:11,83,r/DeepFriedMemes,19,2018-05-17 01:51:17,0,1,2,0
8jypms,2018-05-16 21:31:11,83,r/DeepFriedMemes,19,2018-05-17 01:51:36,1,1,4,0
8jypms,2018-05-16 21:31:11,83,r/DeepFriedMemes,19,2018-05-17 01:53:34,2,0,-2,0
8jypms,2018-05-16 21:31:11,83,r/DeepFriedMemes,20,2018-05-17 05:00:13,0,0,1,0
8jypms,2018-05-16 21:31:11,83,r/DeepFriedMemes,21,2018-05-17 05:09:49,0,0,1,0
8jypms,2018-05-16 21:31:11,83,r/DeepFriedMemes,22,2018-05-17 05:11:52,0,0,1,0
8jypms,2018-05-16 21:31:11,83,r/DeepFriedMemes,23,2018-05-17 05:12:14,0,0,1,0
8jypms,2018-05-16 21:31:11,83,r/DeepFriedMemes,24,2018-05-17 04:24:57,0,0,1,0
8jypms,2018-05-16 21:31:11,83,r/DeepFriedMemes,25,2018-05-17 04:04:59,0,0,0,0
8jypms,2018-05-16 21:31:11,83,r/DeepFriedMemes,26,2018-05-17 01:35:10,0,0,0,0
8jypms,2018-05-16 21:31:11,83,r/DeepFriedMemes,27,2018-05-17 04:06:28,0,0,0,0
8jypms,2018-05-16 21:31:11,83,r/DeepFriedMemes,28,2018-05-17 04:07:16,0,0,0,0
8jypms,2018-05-16 21:31:11,83,r/DeepFriedMemes,29,2018-05-17 04:19:17,0,0,0,0
8jypms,2018-05-16 21:31:11,83,r/DeepFriedMemes,30,2018-05-17 04:21:43,0,0,0,0
8jypms,2018-05-16 21:31:11,83,r/DeepFriedMemes,31,2018-05-17 04:30:07,0,0,0,0
8jypms,2018-05-16 21:31:11,83,r/DeepFriedMemes,32,2018-05-17 04:35:09,0,0,0,0
8jypms,2018-05-16 21:31:11,83,r/DeepFriedMemes,33,2018-05-17 04:47:24,0,0,0,0
8jypms,2018-05-16 21:31:11,83,r/DeepFriedMemes,34,2018-05-17 04:04:35,0,0,-2,0
8jypms,2018-05-16 21:31:11,83,r/DeepFriedMemes,35,2018-05-17 04:41:03,0,0,-1,0
8jypms,2018-05-16 21:31:11,83,r/DeepFriedMemes,36,2018-05-17 01:57:30,0,1,-44,0
8jypms,2018-05-16 21:31:11,83,r/DeepFriedMemes,36,2018-05-17 02:44:18,1,3,44,0
8jypms,2018-05-16 21:31:11,83,r/DeepFriedMemes,36,2018-05-17 02:53:47,2,2,29,0
8jypms,2018-05-16 21:31:11,83,r/DeepFriedMemes,36,2018-05-17 03:09:51,3,0,20,0
8jypms,2018-05-16 21:31:11,83,r/DeepFriedMemes,36,2018-05-17 03:53:16,3,1,10,0
8jypms,2018-05-16 21:31:11,83,r/DeepFriedMemes,36,2018-05-17 04:20:32,4,0,1,0
8jypms,2018-05-16 21:31:11,83,r/DeepFriedMemes,36,2018-05-17 04:25:34,2,0,7,0
8jypms,2018-05-16 21:31:11,83,r/DeepFriedMemes,36,2018-05-17 04:26:46,2,0,3,0
8jypms,2018-05-16 21:31:11,83,r/DeepFriedMemes,37,2018-05-17 01:59:45,0,0,-33,0
8jyzy8,2018-05-16 22:10:47,84,r/books,0,2018-05-16 23:19:57,0,4,609,0
8jyzy8,2018-05-16 22:10:47,84,r/books,0,2018-05-17 02:09:15,1,2,94,0
8jyzy8,2018-05-16 22:10:47,84,r/books,0,2018-05-17 02:22:13,2,3,40,0
8jyzy8,2018-05-16 22:10:47,84,r/books,0,2018-05-17 02:25:27,3,2,117,0
8jyzy8,2018-05-16 22:10:47,84,r/books,0,2018-05-17 02:45:17,4,0,89,0
8jyzy8,2018-05-16 22:10:47,84,r/books,0,2018-05-17 04:54:19,4,1,1,0
8jyzy8,2018-05-16 22:10:47,84,r/books,0,2018-05-17 05:05:04,5,1,1,0
8jyzy8,2018-05-16 22:10:47,84,r/books,0,2018-05-17 05:14:15,6,0,1,0
8jyzy8,2018-05-16 22:10:47,84,r/books,0,2018-05-17 02:24:07,3,1,14,0
8jyzy8,2018-05-16 22:10:47,84,r/books,0,2018-05-17 04:34:18,4,0,3,0
8jyzy8,2018-05-16 22:10:47,84,r/books,0,2018-05-17 02:24:24,3,1,10,0
8jyzy8,2018-05-16 22:10:47,84,r/books,0,2018-05-17 03:56:34,4,2,8,0
8jyzy8,2018-05-16 22:10:47,84,r/books,0,2018-05-17 03:59:28,5,1,6,0
8jyzy8,2018-05-16 22:10:47,84,r/books,0,2018-05-17 04:07:34,6,0,5,0
8jyzy8,2018-05-16 22:10:47,84,r/books,0,2018-05-17 04:31:09,5,0,1,0
8jyzy8,2018-05-16 22:10:47,84,r/books,0,2018-05-17 04:00:46,2,0,1,0
8jyzy8,2018-05-16 22:10:47,84,r/books,0,2018-05-17 03:23:42,1,1,19,0
8jyzy8,2018-05-16 22:10:47,84,r/books,0,2018-05-17 03:41:29,2,1,7,0
8jyzy8,2018-05-16 22:10:47,84,r/books,0,2018-05-17 03:47:57,3,0,4,0
8jyzy8,2018-05-16 22:10:47,84,r/books,0,2018-05-17 05:10:31,1,0,1,0
8jyzy8,2018-05-16 22:10:47,84,r/books,0,2018-05-17 05:21:09,1,0,1,0
8jyzy8,2018-05-16 22:10:47,84,r/books,1,2018-05-16 23:47:26,0,3,449,0
8jyzy8,2018-05-16 22:10:47,84,r/books,1,2018-05-17 01:22:34,1,2,117,0
8jyzy8,2018-05-16 22:10:47,84,r/books,1,2018-05-17 02:14:57,2,2,67,0
8jyzy8,2018-05-16 22:10:47,84,r/books,1,2018-05-17 03:13:57,3,2,19,0
8jyzy8,2018-05-16 22:10:47,84,r/books,1,2018-05-17 03:58:34,4,0,7,0
8jyzy8,2018-05-16 22:10:47,84,r/books,1,2018-05-17 03:16:08,4,3,12,0
8jyzy8,2018-05-16 22:10:47,84,r/books,1,2018-05-17 03:31:27,5,3,23,0
8jyzy8,2018-05-16 22:10:47,84,r/books,1,2018-05-17 04:33:53,6,0,3,0
8jyzy8,2018-05-16 22:10:47,84,r/books,1,2018-05-17 04:36:53,6,0,1,0
8jyzy8,2018-05-16 22:10:47,84,r/books,1,2018-05-17 04:54:20,6,0,1,0
8jyzy8,2018-05-16 22:10:47,84,r/books,1,2018-05-17 03:26:27,5,5,1,0
8jyzy8,2018-05-16 22:10:47,84,r/books,1,2018-05-17 03:31:33,6,2,19,0
8jyzy8,2018-05-16 22:10:47,84,r/books,1,2018-05-17 04:10:10,7,0,1,0
8jyzy8,2018-05-16 22:10:47,84,r/books,1,2018-05-17 04:17:53,7,1,1,0
8jyzy8,2018-05-16 22:10:47,84,r/books,1,2018-05-17 04:59:53,8,0,1,0
8jyzy8,2018-05-16 22:10:47,84,r/books,1,2018-05-17 03:30:35,6,2,3,0
8jyzy8,2018-05-16 22:10:47,84,r/books,1,2018-05-17 03:31:54,7,0,1,0
8jyzy8,2018-05-16 22:10:47,84,r/books,1,2018-05-17 04:34:18,7,0,1,0
8jyzy8,2018-05-16 22:10:47,84,r/books,1,2018-05-17 03:32:13,6,0,3,0
8jyzy8,2018-05-16 22:10:47,84,r/books,1,2018-05-17 04:04:40,6,0,2,0
8jyzy8,2018-05-16 22:10:47,84,r/books,1,2018-05-17 03:32:24,6,1,1,0
8jyzy8,2018-05-16 22:10:47,84,r/books,1,2018-05-17 04:05:39,7,0,1,0
8jyzy8,2018-05-16 22:10:47,84,r/books,1,2018-05-17 04:08:42,5,0,1,0
8jyzy8,2018-05-16 22:10:47,84,r/books,1,2018-05-17 03:49:29,3,0,5,0
8jyzy8,2018-05-16 22:10:47,84,r/books,1,2018-05-17 02:33:56,2,2,15,0
8jyzy8,2018-05-16 22:10:47,84,r/books,1,2018-05-17 02:39:46,3,3,1,0
8jyzy8,2018-05-16 22:10:47,84,r/books,1,2018-05-17 02:45:47,4,1,3,0
8jyzy8,2018-05-16 22:10:47,84,r/books,1,2018-05-17 04:12:41,5,0,1,0
8jyzy8,2018-05-16 22:10:47,84,r/books,1,2018-05-17 02:59:51,4,1,2,0
8jyzy8,2018-05-16 22:10:47,84,r/books,1,2018-05-17 04:12:02,5,0,1,0
8jyzy8,2018-05-16 22:10:47,84,r/books,1,2018-05-17 05:13:00,4,0,1,0
8jyzy8,2018-05-16 22:10:47,84,r/books,1,2018-05-17 03:37:29,3,0,1,0
8jyzy8,2018-05-16 22:10:47,84,r/books,1,2018-05-17 05:11:16,1,0,1,0
8jyzy8,2018-05-16 22:10:47,84,r/books,1,2018-05-17 03:44:47,1,0,1,0
8jyzy8,2018-05-16 22:10:47,84,r/books,2,2018-05-17 01:14:26,0,3,1033,0
8jyzy8,2018-05-16 22:10:47,84,r/books,2,2018-05-17 01:32:11,1,4,137,0
8jyzy8,2018-05-16 22:10:47,84,r/books,2,2018-05-17 02:51:55,2,0,33,0
8jyzy8,2018-05-16 22:10:47,84,r/books,2,2018-05-17 03:56:47,2,0,6,0
8jyzy8,2018-05-16 22:10:47,84,r/books,2,2018-05-17 04:30:35,2,0,4,0
8jyzy8,2018-05-16 22:10:47,84,r/books,2,2018-05-17 04:07:55,2,0,1,0
8jyzy8,2018-05-16 22:10:47,84,r/books,2,2018-05-17 03:37:06,1,0,22,0
8jyzy8,2018-05-16 22:10:47,84,r/books,2,2018-05-17 03:40:28,1,0,6,0
8jyzy8,2018-05-16 22:10:47,84,r/books,3,2018-05-17 01:41:01,0,1,317,0
8jyzy8,2018-05-16 22:10:47,84,r/books,3,2018-05-17 02:31:10,1,0,256,0
8jyzy8,2018-05-16 22:10:47,84,r/books,4,2018-05-17 00:39:52,0,4,256,0
8jyzy8,2018-05-16 22:10:47,84,r/books,4,2018-05-17 03:12:52,1,2,34,0
8jyzy8,2018-05-16 22:10:47,84,r/books,4,2018-05-17 05:05:55,2,0,1,0
8jyzy8,2018-05-16 22:10:47,84,r/books,4,2018-05-17 04:47:52,2,0,4,0
8jyzy8,2018-05-16 22:10:47,84,r/books,4,2018-05-17 03:08:58,1,2,7,0
8jyzy8,2018-05-16 22:10:47,84,r/books,4,2018-05-17 03:34:34,2,0,9,0
8jyzy8,2018-05-16 22:10:47,84,r/books,4,2018-05-17 04:36:39,2,0,1,0
8jyzy8,2018-05-16 22:10:47,84,r/books,4,2018-05-17 04:37:01,1,1,4,0
8jyzy8,2018-05-16 22:10:47,84,r/books,4,2018-05-17 04:55:18,2,0,1,0
8jyzy8,2018-05-16 22:10:47,84,r/books,4,2018-05-17 05:09:53,1,0,1,0
8jyzy8,2018-05-16 22:10:47,84,r/books,5,2018-05-16 22:46:34,0,10,359,0
8jyzy8,2018-05-16 22:10:47,84,r/books,5,2018-05-16 23:05:35,1,1,57,0
8jyzy8,2018-05-16 22:10:47,84,r/books,5,2018-05-17 02:55:57,2,1,31,0
8jyzy8,2018-05-16 22:10:47,84,r/books,5,2018-05-17 04:46:12,3,0,2,0
8jyzy8,2018-05-16 22:10:47,84,r/books,5,2018-05-17 02:27:06,1,2,26,0
8jyzy8,2018-05-16 22:10:47,84,r/books,5,2018-05-17 03:28:04,2,2,7,0
8jyzy8,2018-05-16 22:10:47,84,r/books,5,2018-05-17 04:57:02,3,0,1,0
8jyzy8,2018-05-16 22:10:47,84,r/books,5,2018-05-17 05:14:38,3,0,1,0
8jyzy8,2018-05-16 22:10:47,84,r/books,5,2018-05-17 04:36:19,2,0,1,0
8jyzy8,2018-05-16 22:10:47,84,r/books,5,2018-05-17 03:32:47,1,2,15,0
8jyzy8,2018-05-16 22:10:47,84,r/books,5,2018-05-17 04:33:40,2,0,5,0
8jyzy8,2018-05-16 22:10:47,84,r/books,5,2018-05-17 04:35:43,2,0,2,0
8jyzy8,2018-05-16 22:10:47,84,r/books,5,2018-05-17 02:07:26,1,0,10,0
8jyzy8,2018-05-16 22:10:47,84,r/books,5,2018-05-17 03:13:55,1,1,16,0
8jyzy8,2018-05-16 22:10:47,84,r/books,5,2018-05-17 04:36:29,2,0,1,0
8jyzy8,2018-05-16 22:10:47,84,r/books,5,2018-05-17 03:15:34,1,1,7,0
8jyzy8,2018-05-16 22:10:47,84,r/books,5,2018-05-17 03:34:56,2,0,2,0
8jyzy8,2018-05-16 22:10:47,84,r/books,5,2018-05-17 03:55:28,1,0,2,0
8jyzy8,2018-05-16 22:10:47,84,r/books,5,2018-05-17 04:37:47,1,0,1,0
8jyzy8,2018-05-16 22:10:47,84,r/books,5,2018-05-17 04:49:32,1,0,1,0
8jyzy8,2018-05-16 22:10:47,84,r/books,5,2018-05-17 05:15:43,1,0,1,0
8jyzy8,2018-05-16 22:10:47,84,r/books,6,2018-05-17 01:22:45,0,1,162,0
8jyzy8,2018-05-16 22:10:47,84,r/books,6,2018-05-17 02:44:26,1,3,27,0
8jyzy8,2018-05-16 22:10:47,84,r/books,6,2018-05-17 02:56:35,2,1,8,0
8jyzy8,2018-05-16 22:10:47,84,r/books,6,2018-05-17 05:11:03,3,0,1,0
8jyzy8,2018-05-16 22:10:47,84,r/books,6,2018-05-17 03:00:00,2,0,4,0
8jyzy8,2018-05-16 22:10:47,84,r/books,6,2018-05-17 04:17:28,2,0,2,0
8jyzy8,2018-05-16 22:10:47,84,r/books,7,2018-05-16 22:18:49,0,1,310,0
8jyzy8,2018-05-16 22:10:47,84,r/books,7,2018-05-16 22:44:13,1,1,56,0
8jyzy8,2018-05-16 22:10:47,84,r/books,7,2018-05-17 04:55:37,2,0,1,0
8jyzy8,2018-05-16 22:10:47,84,r/books,8,2018-05-17 00:24:57,0,2,307,0
8jyzy8,2018-05-16 22:10:47,84,r/books,8,2018-05-17 01:06:58,1,1,58,0
8jyzy8,2018-05-16 22:10:47,84,r/books,8,2018-05-17 02:45:32,2,1,84,0
8jyzy8,2018-05-16 22:10:47,84,r/books,8,2018-05-17 02:55:20,3,2,15,0
8jyzy8,2018-05-16 22:10:47,84,r/books,8,2018-05-17 03:51:45,4,0,9,0
8jyzy8,2018-05-16 22:10:47,84,r/books,8,2018-05-17 03:14:21,4,0,8,0
8jyzy8,2018-05-16 22:10:47,84,r/books,8,2018-05-17 00:33:53,1,0,5,0
8jyzy8,2018-05-16 22:10:47,84,r/books,9,2018-05-17 00:38:32,0,4,133,0
8jyzy8,2018-05-16 22:10:47,84,r/books,9,2018-05-17 01:10:51,1,0,42,0
8jyzy8,2018-05-16 22:10:47,84,r/books,9,2018-05-17 04:01:37,1,1,20,0
8jyzy8,2018-05-16 22:10:47,84,r/books,9,2018-05-17 05:14:03,2,0,1,0
8jyzy8,2018-05-16 22:10:47,84,r/books,9,2018-05-17 04:17:44,1,0,7,0
8jyzy8,2018-05-16 22:10:47,84,r/books,9,2018-05-17 04:10:50,1,0,1,0
8jyzy8,2018-05-16 22:10:47,84,r/books,10,2018-05-17 02:12:19,0,4,364,0
8jyzy8,2018-05-16 22:10:47,84,r/books,10,2018-05-17 03:11:21,1,1,25,0
8jyzy8,2018-05-16 22:10:47,84,r/books,10,2018-05-17 03:18:42,2,1,15,0
8jyzy8,2018-05-16 22:10:47,84,r/books,10,2018-05-17 03:28:50,3,1,2,0
8jyzy8,2018-05-16 22:10:47,84,r/books,10,2018-05-17 03:34:28,4,1,2,0
8jyzy8,2018-05-16 22:10:47,84,r/books,10,2018-05-17 04:56:51,5,0,1,0
8jyzy8,2018-05-16 22:10:47,84,r/books,10,2018-05-17 04:12:18,1,0,3,0
8jyzy8,2018-05-16 22:10:47,84,r/books,10,2018-05-17 05:11:49,1,0,1,0
8jyzy8,2018-05-16 22:10:47,84,r/books,10,2018-05-17 05:14:54,1,0,1,0
8jyzy8,2018-05-16 22:10:47,84,r/books,11,2018-05-16 23:47:28,0,2,125,0
8jyzy8,2018-05-16 22:10:47,84,r/books,11,2018-05-16 23:51:52,1,0,25,0
8jyzy8,2018-05-16 22:10:47,84,r/books,11,2018-05-17 03:36:59,1,1,12,0
8jyzy8,2018-05-16 22:10:47,84,r/books,11,2018-05-17 04:01:16,2,1,6,0
8jyzy8,2018-05-16 22:10:47,84,r/books,11,2018-05-17 04:32:28,3,0,7,0
8jyzy8,2018-05-16 22:10:47,84,r/books,12,2018-05-17 00:50:55,0,6,119,0
8jyzy8,2018-05-16 22:10:47,84,r/books,12,2018-05-17 01:10:46,1,0,75,0
8jyzy8,2018-05-16 22:10:47,84,r/books,12,2018-05-17 03:30:52,1,0,42,0
8jyzy8,2018-05-16 22:10:47,84,r/books,12,2018-05-17 02:15:13,1,1,31,0
8jyzy8,2018-05-16 22:10:47,84,r/books,12,2018-05-17 02:34:57,2,0,60,0
8jyzy8,2018-05-16 22:10:47,84,r/books,12,2018-05-17 02:53:36,1,0,5,0
8jyzy8,2018-05-16 22:10:47,84,r/books,12,2018-05-17 04:21:38,1,0,1,0
8jyzy8,2018-05-16 22:10:47,84,r/books,12,2018-05-17 04:29:01,1,0,1,0
8jyzy8,2018-05-16 22:10:47,84,r/books,13,2018-05-17 02:38:23,0,1,120,0
8jyzy8,2018-05-16 22:10:47,84,r/books,13,2018-05-17 02:49:10,1,1,89,0
8jyzy8,2018-05-16 22:10:47,84,r/books,13,2018-05-17 03:16:56,2,4,46,0
8jyzy8,2018-05-16 22:10:47,84,r/books,13,2018-05-17 03:42:22,3,2,21,0
8jyzy8,2018-05-16 22:10:47,84,r/books,13,2018-05-17 04:27:31,4,2,4,0
8jyzy8,2018-05-16 22:10:47,84,r/books,13,2018-05-17 04:57:39,5,0,1,0
8jyzy8,2018-05-16 22:10:47,84,r/books,13,2018-05-17 05:10:56,5,0,1,0
8jyzy8,2018-05-16 22:10:47,84,r/books,13,2018-05-17 04:15:52,4,1,2,0
8jyzy8,2018-05-16 22:10:47,84,r/books,13,2018-05-17 04:42:12,5,1,1,0
8jyzy8,2018-05-16 22:10:47,84,r/books,13,2018-05-17 04:48:13,6,1,1,0
8jyzy8,2018-05-16 22:10:47,84,r/books,13,2018-05-17 04:55:13,7,1,1,0
8jyzy8,2018-05-16 22:10:47,84,r/books,13,2018-05-17 05:02:59,8,0,1,0
8jyzy8,2018-05-16 22:10:47,84,r/books,13,2018-05-17 04:49:57,3,0,1,0
8jyzy8,2018-05-16 22:10:47,84,r/books,13,2018-05-17 04:52:18,3,0,1,0
8jyzy8,2018-05-16 22:10:47,84,r/books,13,2018-05-17 04:55:24,3,0,1,0
8jyzy8,2018-05-16 22:10:47,84,r/books,14,2018-05-16 23:09:38,0,1,95,0
8jyzy8,2018-05-16 22:10:47,84,r/books,14,2018-05-16 23:17:49,1,1,67,0
8jyzy8,2018-05-16 22:10:47,84,r/books,14,2018-05-17 01:55:34,2,1,7,0
8jyzy8,2018-05-16 22:10:47,84,r/books,14,2018-05-17 03:05:18,3,1,15,0
8jyzy8,2018-05-16 22:10:47,84,r/books,14,2018-05-17 03:45:39,4,1,4,0
8jyzy8,2018-05-16 22:10:47,84,r/books,14,2018-05-17 04:44:14,5,1,2,0
8jyzy8,2018-05-16 22:10:47,84,r/books,14,2018-05-17 04:53:06,6,1,1,0
8jyzy8,2018-05-16 22:10:47,84,r/books,14,2018-05-17 04:56:04,7,1,1,0
8jyzy8,2018-05-16 22:10:47,84,r/books,14,2018-05-17 05:17:06,8,0,1,0
8jyzy8,2018-05-16 22:10:47,84,r/books,15,2018-05-17 02:49:43,0,1,99,0
8jyzy8,2018-05-16 22:10:47,84,r/books,15,2018-05-17 04:39:36,1,0,4,0
8jyzy8,2018-05-16 22:10:47,84,r/books,16,2018-05-16 23:30:57,0,1,89,0
8jyzy8,2018-05-16 22:10:47,84,r/books,16,2018-05-17 00:55:39,1,1,-1,0
8jyzy8,2018-05-16 22:10:47,84,r/books,16,2018-05-17 03:54:57,2,1,2,0
8jyzy8,2018-05-16 22:10:47,84,r/books,16,2018-05-17 04:00:23,3,1,1,0
8jyzy8,2018-05-16 22:10:47,84,r/books,16,2018-05-17 04:46:04,4,0,1,0
8jyzy8,2018-05-16 22:10:47,84,r/books,17,2018-05-17 01:26:40,0,4,202,0
8jyzy8,2018-05-16 22:10:47,84,r/books,17,2018-05-17 02:16:28,1,1,107,0
8jyzy8,2018-05-16 22:10:47,84,r/books,17,2018-05-17 03:01:06,2,2,32,0
8jyzy8,2018-05-16 22:10:47,84,r/books,17,2018-05-17 03:37:42,3,3,20,0
8jyzy8,2018-05-16 22:10:47,84,r/books,17,2018-05-17 04:32:19,4,0,6,0
8jyzy8,2018-05-16 22:10:47,84,r/books,17,2018-05-17 04:11:48,4,0,5,0
8jyzy8,2018-05-16 22:10:47,84,r/books,17,2018-05-17 04:35:33,4,1,1,0
8jyzy8,2018-05-16 22:10:47,84,r/books,17,2018-05-17 05:11:22,5,0,1,0
8jyzy8,2018-05-16 22:10:47,84,r/books,17,2018-05-17 05:15:34,3,0,1,0
8jyzy8,2018-05-16 22:10:47,84,r/books,17,2018-05-17 03:05:00,1,2,23,0
8jyzy8,2018-05-16 22:10:47,84,r/books,17,2018-05-17 03:09:16,2,0,13,0
8jyzy8,2018-05-16 22:10:47,84,r/books,17,2018-05-17 04:08:36,2,0,1,0
8jyzy8,2018-05-16 22:10:47,84,r/books,17,2018-05-17 03:49:47,1,2,14,0
8jyzy8,2018-05-16 22:10:47,84,r/books,17,2018-05-17 04:18:27,2,0,13,0
8jyzy8,2018-05-16 22:10:47,84,r/books,17,2018-05-17 04:19:45,2,0,5,0
8jyzy8,2018-05-16 22:10:47,84,r/books,17,2018-05-17 04:48:53,1,0,2,0
8jyzy8,2018-05-16 22:10:47,84,r/books,18,2018-05-17 01:17:36,0,1,62,0
8jyzy8,2018-05-16 22:10:47,84,r/books,18,2018-05-17 04:00:46,1,0,9,0
8jyzy8,2018-05-16 22:10:47,84,r/books,19,2018-05-17 02:36:59,0,1,59,0
8jyzy8,2018-05-16 22:10:47,84,r/books,19,2018-05-17 04:01:57,1,0,9,0
8jyzy8,2018-05-16 22:10:47,84,r/books,20,2018-05-17 00:15:02,0,2,54,0
8jyzy8,2018-05-16 22:10:47,84,r/books,20,2018-05-17 03:52:42,1,2,24,0
8jyzy8,2018-05-16 22:10:47,84,r/books,20,2018-05-17 04:40:24,2,0,1,0
8jyzy8,2018-05-16 22:10:47,84,r/books,20,2018-05-17 05:15:42,2,0,1,0
8jyzy8,2018-05-16 22:10:47,84,r/books,20,2018-05-17 04:20:54,1,1,2,0
8jyzy8,2018-05-16 22:10:47,84,r/books,20,2018-05-17 05:13:27,2,0,1,0
8jyzy8,2018-05-16 22:10:47,84,r/books,21,2018-05-17 01:54:05,0,1,50,0
8jyzy8,2018-05-16 22:10:47,84,r/books,21,2018-05-17 04:16:11,1,0,3,0
8jyzy8,2018-05-16 22:10:47,84,r/books,22,2018-05-17 01:59:43,0,2,101,0
8jyzy8,2018-05-16 22:10:47,84,r/books,22,2018-05-17 03:59:19,1,3,8,0
8jyzy8,2018-05-16 22:10:47,84,r/books,22,2018-05-17 04:27:55,2,0,2,0
8jyzy8,2018-05-16 22:10:47,84,r/books,22,2018-05-17 04:52:12,2,0,1,0
8jyzy8,2018-05-16 22:10:47,84,r/books,22,2018-05-17 04:31:43,2,1,1,0
8jyzy8,2018-05-16 22:10:47,84,r/books,22,2018-05-17 04:33:07,3,0,1,0
8jyzy8,2018-05-16 22:10:47,84,r/books,22,2018-05-17 05:14:28,1,0,1,0
8jyzy8,2018-05-16 22:10:47,84,r/books,23,2018-05-17 01:15:49,0,2,48,0
8jyzy8,2018-05-16 22:10:47,84,r/books,23,2018-05-17 02:42:31,1,0,25,0
8jyzy8,2018-05-16 22:10:47,84,r/books,23,2018-05-17 03:30:25,1,1,15,0
8jyzy8,2018-05-16 22:10:47,84,r/books,23,2018-05-17 04:20:44,2,0,1,0
8jyzy8,2018-05-16 22:10:47,84,r/books,24,2018-05-17 02:05:03,0,1,43,0
8jyzy8,2018-05-16 22:10:47,84,r/books,24,2018-05-17 03:58:15,1,0,15,0
8jyzy8,2018-05-16 22:10:47,84,r/books,25,2018-05-16 23:29:03,0,1,68,0
8jyzy8,2018-05-16 22:10:47,84,r/books,25,2018-05-17 03:20:31,1,1,4,0
8jyzy8,2018-05-16 22:10:47,84,r/books,25,2018-05-17 04:16:24,2,0,1,0
8jyzy8,2018-05-16 22:10:47,84,r/books,26,2018-05-17 00:00:48,0,3,69,0
8jyzy8,2018-05-16 22:10:47,84,r/books,26,2018-05-17 03:47:19,1,1,5,0
8jyzy8,2018-05-16 22:10:47,84,r/books,26,2018-05-17 04:31:51,2,0,4,0
8jyzy8,2018-05-16 22:10:47,84,r/books,26,2018-05-17 04:13:13,1,0,1,0
8jyzy8,2018-05-16 22:10:47,84,r/books,26,2018-05-17 05:10:47,1,0,1,0
8jyzy8,2018-05-16 22:10:47,84,r/books,27,2018-05-17 00:45:34,0,0,33,0
8jyzy8,2018-05-16 22:10:47,84,r/books,28,2018-05-17 03:08:43,0,1,35,0
8jyzy8,2018-05-16 22:10:47,84,r/books,28,2018-05-17 05:17:36,1,0,1,0
8jyzy8,2018-05-16 22:10:47,84,r/books,29,2018-05-17 02:18:39,0,0,25,0
8jyzy8,2018-05-16 22:10:47,84,r/books,30,2018-05-17 03:05:40,0,0,22,0
8jyzy8,2018-05-16 22:10:47,84,r/books,31,2018-05-17 02:23:39,0,0,20,0
8jyzy8,2018-05-16 22:10:47,84,r/books,32,2018-05-17 03:00:49,0,0,22,0
8jyzy8,2018-05-16 22:10:47,84,r/books,33,2018-05-17 01:55:12,0,0,18,0
8jyzy8,2018-05-16 22:10:47,84,r/books,34,2018-05-17 03:16:12,0,0,16,0
8jyzy8,2018-05-16 22:10:47,84,r/books,35,2018-05-17 03:55:27,0,1,15,0
8jyzy8,2018-05-16 22:10:47,84,r/books,35,2018-05-17 05:16:54,1,0,1,0
8jyzy8,2018-05-16 22:10:47,84,r/books,36,2018-05-17 03:19:08,0,2,13,0
8jyzy8,2018-05-16 22:10:47,84,r/books,36,2018-05-17 04:01:25,1,0,2,0
8jyzy8,2018-05-16 22:10:47,84,r/books,36,2018-05-17 04:52:43,1,0,1,0
8jyzy8,2018-05-16 22:10:47,84,r/books,37,2018-05-17 02:45:15,0,1,24,0
8jyzy8,2018-05-16 22:10:47,84,r/books,37,2018-05-17 03:08:29,1,2,65,0
8jyzy8,2018-05-16 22:10:47,84,r/books,37,2018-05-17 03:53:53,2,3,16,0
8jyzy8,2018-05-16 22:10:47,84,r/books,37,2018-05-17 04:24:06,3,0,7,0
8jyzy8,2018-05-16 22:10:47,84,r/books,37,2018-05-17 04:26:25,3,0,1,0
8jyzy8,2018-05-16 22:10:47,84,r/books,37,2018-05-17 04:33:42,3,0,1,0
8jyzy8,2018-05-16 22:10:47,84,r/books,37,2018-05-17 04:33:21,2,0,1,0
8jyzy8,2018-05-16 22:10:47,84,r/books,38,2018-05-17 02:34:03,0,1,12,0
8jyzy8,2018-05-16 22:10:47,84,r/books,38,2018-05-17 04:13:43,1,0,5,0
8jyzy8,2018-05-16 22:10:47,84,r/books,39,2018-05-17 02:19:54,0,0,9,0
8jyzy8,2018-05-16 22:10:47,84,r/books,40,2018-05-17 00:35:09,0,0,20,0
8jyzy8,2018-05-16 22:10:47,84,r/books,41,2018-05-17 03:35:39,0,0,9,0
8jyzy8,2018-05-16 22:10:47,84,r/books,42,2018-05-17 02:53:39,0,0,8,0
8jyzy8,2018-05-16 22:10:47,84,r/books,43,2018-05-17 03:30:18,0,0,8,0
8jyzy8,2018-05-16 22:10:47,84,r/books,44,2018-05-17 02:55:24,0,0,7,0
8jyzy8,2018-05-16 22:10:47,84,r/books,45,2018-05-17 03:09:47,0,1,7,0
8jyzy8,2018-05-16 22:10:47,84,r/books,45,2018-05-17 03:47:27,1,0,4,0
8jyzy8,2018-05-16 22:10:47,84,r/books,46,2018-05-17 04:03:36,0,0,7,0
8jyzy8,2018-05-16 22:10:47,84,r/books,47,2018-05-17 03:16:53,0,1,5,0
8jyzy8,2018-05-16 22:10:47,84,r/books,47,2018-05-17 05:01:51,1,0,1,0
8jyzy8,2018-05-16 22:10:47,84,r/books,48,2018-05-17 03:24:48,0,0,5,0
8jyzy8,2018-05-16 22:10:47,84,r/books,49,2018-05-17 03:51:02,0,0,5,0
8jyzy8,2018-05-16 22:10:47,84,r/books,50,2018-05-17 04:11:05,0,2,6,0
8jyzy8,2018-05-16 22:10:47,84,r/books,50,2018-05-17 04:36:23,1,0,1,0
8jyzy8,2018-05-16 22:10:47,84,r/books,50,2018-05-17 05:21:23,1,0,1,0
8jyzy8,2018-05-16 22:10:47,84,r/books,51,2018-05-17 03:31:52,0,0,12,0
8jyzy8,2018-05-16 22:10:47,84,r/books,52,2018-05-17 00:49:45,0,3,4,0
8jyzy8,2018-05-16 22:10:47,84,r/books,52,2018-05-17 02:21:49,1,0,25,0
8jyzy8,2018-05-16 22:10:47,84,r/books,52,2018-05-17 01:12:16,1,0,10,0
8jyzy8,2018-05-16 22:10:47,84,r/books,52,2018-05-17 04:20:31,1,1,1,0
8jyzy8,2018-05-16 22:10:47,84,r/books,52,2018-05-17 04:25:25,2,0,1,0
8jyzy8,2018-05-16 22:10:47,84,r/books,53,2018-05-17 03:28:17,0,0,6,0
8jyzy8,2018-05-16 22:10:47,84,r/books,54,2018-05-17 03:31:22,0,0,6,0
8jyzy8,2018-05-16 22:10:47,84,r/books,55,2018-05-17 03:40:57,0,0,4,0
8jyzy8,2018-05-16 22:10:47,84,r/books,56,2018-05-17 03:12:05,0,1,5,0
8jyzy8,2018-05-16 22:10:47,84,r/books,56,2018-05-17 05:04:01,1,0,1,0
8jyzy8,2018-05-16 22:10:47,84,r/books,57,2018-05-17 03:24:11,0,0,3,0
8jyzy8,2018-05-16 22:10:47,84,r/books,58,2018-05-17 03:29:28,0,0,5,0
8jyzy8,2018-05-16 22:10:47,84,r/books,59,2018-05-17 03:33:27,0,0,4,0
8jyzy8,2018-05-16 22:10:47,84,r/books,60,2018-05-17 03:47:27,0,1,3,0
8jyzy8,2018-05-16 22:10:47,84,r/books,60,2018-05-17 04:15:02,1,0,1,0
8jyzy8,2018-05-16 22:10:47,84,r/books,61,2018-05-17 03:55:33,0,0,3,0
8jyzy8,2018-05-16 22:10:47,84,r/books,62,2018-05-17 03:01:35,0,0,3,0
8jyzy8,2018-05-16 22:10:47,84,r/books,63,2018-05-17 03:34:12,0,0,3,0
8jyzy8,2018-05-16 22:10:47,84,r/books,64,2018-05-17 03:47:51,0,0,3,0
8jyzy8,2018-05-16 22:10:47,84,r/books,65,2018-05-17 03:50:43,0,1,3,0
8jyzy8,2018-05-16 22:10:47,84,r/books,65,2018-05-17 05:09:17,1,0,1,0
8jyzy8,2018-05-16 22:10:47,84,r/books,66,2018-05-17 04:17:13,0,0,3,0
8jyzy8,2018-05-16 22:10:47,84,r/books,67,2018-05-17 04:21:09,0,0,3,0
8jyzy8,2018-05-16 22:10:47,84,r/books,68,2018-05-17 04:36:05,0,0,3,0
8jyzy8,2018-05-16 22:10:47,84,r/books,69,2018-05-17 04:36:51,0,0,3,0
8jyzy8,2018-05-16 22:10:47,84,r/books,70,2018-05-17 04:51:16,0,0,3,0
8jyzy8,2018-05-16 22:10:47,84,r/books,71,2018-05-17 03:31:56,0,1,6,0
8jyzy8,2018-05-16 22:10:47,84,r/books,71,2018-05-17 05:17:17,1,0,1,0
8jyzy8,2018-05-16 22:10:47,84,r/books,72,2018-05-17 03:41:41,0,0,2,0
8jyzy8,2018-05-16 22:10:47,84,r/books,73,2018-05-17 03:46:12,0,0,2,0
8jyzy8,2018-05-16 22:10:47,84,r/books,74,2018-05-17 04:22:26,0,0,2,0
8jyzy8,2018-05-16 22:10:47,84,r/books,75,2018-05-17 04:25:32,0,0,2,0
8jyzy8,2018-05-16 22:10:47,84,r/books,76,2018-05-17 04:26:46,0,0,2,0
8jyzy8,2018-05-16 22:10:47,84,r/books,77,2018-05-17 04:27:29,0,0,2,0
8jyzy8,2018-05-16 22:10:47,84,r/books,78,2018-05-17 04:35:29,0,0,2,0
8jyzy8,2018-05-16 22:10:47,84,r/books,79,2018-05-17 04:55:23,0,1,1,0
8jyzy8,2018-05-16 22:10:47,84,r/books,79,2018-05-17 05:19:42,1,0,1,0
8jyzy8,2018-05-16 22:10:47,84,r/books,80,2018-05-17 04:59:12,0,0,1,0
8jyzy8,2018-05-16 22:10:47,84,r/books,81,2018-05-17 05:00:26,0,0,1,0
8jyzy8,2018-05-16 22:10:47,84,r/books,82,2018-05-17 03:05:05,0,0,1,0
8jyzy8,2018-05-16 22:10:47,84,r/books,83,2018-05-17 03:14:09,0,1,1,0
8jyzy8,2018-05-16 22:10:47,84,r/books,83,2018-05-17 04:22:10,1,0,0,0
8jyzy8,2018-05-16 22:10:47,84,r/books,84,2018-05-17 03:21:08,0,0,1,0
8jyzy8,2018-05-16 22:10:47,84,r/books,85,2018-05-17 03:28:51,0,0,1,0
8jyzy8,2018-05-16 22:10:47,84,r/books,86,2018-05-17 03:37:01,0,0,1,0
8jyzy8,2018-05-16 22:10:47,84,r/books,87,2018-05-17 03:44:14,0,0,1,0
8jyzy8,2018-05-16 22:10:47,84,r/books,88,2018-05-17 03:47:14,0,0,1,0
8jyzy8,2018-05-16 22:10:47,84,r/books,89,2018-05-17 03:50:57,0,0,1,0
8jyzy8,2018-05-16 22:10:47,84,r/books,90,2018-05-17 03:52:41,0,0,1,0
8jyzy8,2018-05-16 22:10:47,84,r/books,91,2018-05-17 03:53:42,0,0,1,0
8jyzy8,2018-05-16 22:10:47,84,r/books,92,2018-05-17 03:58:19,0,0,1,0
8jyzy8,2018-05-16 22:10:47,84,r/books,93,2018-05-17 03:59:54,0,0,1,0
8jyzy8,2018-05-16 22:10:47,84,r/books,94,2018-05-17 04:01:59,0,0,1,0
8jyzy8,2018-05-16 22:10:47,84,r/books,95,2018-05-17 04:02:38,0,0,1,0
8jyzy8,2018-05-16 22:10:47,84,r/books,96,2018-05-17 04:08:13,0,0,1,0
8jyzy8,2018-05-16 22:10:47,84,r/books,97,2018-05-17 04:08:40,0,0,1,0
8jyzy8,2018-05-16 22:10:47,84,r/books,98,2018-05-17 04:10:15,0,0,1,0
8jyzy8,2018-05-16 22:10:47,84,r/books,99,2018-05-17 04:11:00,0,0,1,0
8jyzy8,2018-05-16 22:10:47,84,r/books,100,2018-05-17 04:11:21,0,0,1,0
8jyzy8,2018-05-16 22:10:47,84,r/books,101,2018-05-17 04:12:04,0,0,1,0
8jyzy8,2018-05-16 22:10:47,84,r/books,102,2018-05-17 04:13:32,0,0,1,0
8jyzy8,2018-05-16 22:10:47,84,r/books,103,2018-05-17 04:16:08,0,0,1,0
8jyzy8,2018-05-16 22:10:47,84,r/books,104,2018-05-17 04:16:29,0,0,1,0
8jyzy8,2018-05-16 22:10:47,84,r/books,105,2018-05-17 04:17:10,0,0,1,0
8jyzy8,2018-05-16 22:10:47,84,r/books,106,2018-05-17 04:19:26,0,0,1,0
8jyzy8,2018-05-16 22:10:47,84,r/books,107,2018-05-17 04:19:48,0,0,1,0
8jyzy8,2018-05-16 22:10:47,84,r/books,108,2018-05-17 04:20:06,0,0,1,0
8jyzy8,2018-05-16 22:10:47,84,r/books,109,2018-05-17 04:21:31,0,0,1,0
8jyzy8,2018-05-16 22:10:47,84,r/books,110,2018-05-17 04:24:32,0,0,1,0
8jyzy8,2018-05-16 22:10:47,84,r/books,111,2018-05-17 04:27:25,0,0,1,0
8jyzy8,2018-05-16 22:10:47,84,r/books,112,2018-05-17 04:28:43,0,0,1,0
8jyzy8,2018-05-16 22:10:47,84,r/books,113,2018-05-17 04:35:09,0,0,1,0
8jyzy8,2018-05-16 22:10:47,84,r/books,114,2018-05-17 04:36:48,0,1,1,0
8jyzy8,2018-05-16 22:10:47,84,r/books,114,2018-05-17 05:14:12,1,0,1,0
8jyzy8,2018-05-16 22:10:47,84,r/books,115,2018-05-17 04:40:32,0,0,1,0
8jyzy8,2018-05-16 22:10:47,84,r/books,116,2018-05-17 04:44:06,0,0,1,0
8jyzy8,2018-05-16 22:10:47,84,r/books,117,2018-05-17 04:44:52,0,0,1,0
8jyzy8,2018-05-16 22:10:47,84,r/books,118,2018-05-17 04:45:02,0,0,1,0
8jyzy8,2018-05-16 22:10:47,84,r/books,119,2018-05-17 04:45:11,0,0,1,0
8jyzy8,2018-05-16 22:10:47,84,r/books,120,2018-05-17 04:49:38,0,0,1,0
8jyzy8,2018-05-16 22:10:47,84,r/books,121,2018-05-17 04:49:55,0,0,1,0
8jyzy8,2018-05-16 22:10:47,84,r/books,122,2018-05-17 04:51:38,0,0,1,0
8jyzy8,2018-05-16 22:10:47,84,r/books,123,2018-05-17 04:51:57,0,0,1,0
8jyzy8,2018-05-16 22:10:47,84,r/books,124,2018-05-17 04:57:14,0,0,1,0
8jyzy8,2018-05-16 22:10:47,84,r/books,125,2018-05-17 05:00:28,0,0,1,0
8jyzy8,2018-05-16 22:10:47,84,r/books,126,2018-05-17 05:01:31,0,0,1,0
8jyzy8,2018-05-16 22:10:47,84,r/books,127,2018-05-17 05:02:22,0,0,1,0
8jyzy8,2018-05-16 22:10:47,84,r/books,128,2018-05-17 05:08:32,0,0,1,0
8jyzy8,2018-05-16 22:10:47,84,r/books,129,2018-05-17 05:10:28,0,0,1,0
8jyzy8,2018-05-16 22:10:47,84,r/books,130,2018-05-17 05:11:39,0,0,1,0
8jyzy8,2018-05-16 22:10:47,84,r/books,131,2018-05-17 05:11:42,0,0,1,0
8jyzy8,2018-05-16 22:10:47,84,r/books,132,2018-05-17 05:12:26,0,0,1,0
8jyzy8,2018-05-16 22:10:47,84,r/books,133,2018-05-17 05:15:40,0,0,1,0
8jyzy8,2018-05-16 22:10:47,84,r/books,134,2018-05-17 05:16:24,0,0,1,0
8jyzy8,2018-05-16 22:10:47,84,r/books,135,2018-05-17 05:17:49,0,0,1,0
8jyzy8,2018-05-16 22:10:47,84,r/books,136,2018-05-17 05:18:04,0,0,1,0
8jyzy8,2018-05-16 22:10:47,84,r/books,137,2018-05-17 05:20:31,0,0,1,0
8jyzy8,2018-05-16 22:10:47,84,r/books,138,2018-05-17 02:17:42,0,0,2,0
8jyzy8,2018-05-16 22:10:47,84,r/books,139,2018-05-16 22:43:10,0,0,1,0
8jyzy8,2018-05-16 22:10:47,84,r/books,140,2018-05-17 03:41:18,0,0,1,0
8jyzy8,2018-05-16 22:10:47,84,r/books,141,2018-05-17 02:54:22,0,3,-14,0
8jyzy8,2018-05-16 22:10:47,84,r/books,141,2018-05-17 03:08:20,1,0,16,0
8jyzy8,2018-05-16 22:10:47,84,r/books,141,2018-05-17 03:29:13,1,0,2,0
8jyzy8,2018-05-16 22:10:47,84,r/books,141,2018-05-17 03:05:54,1,0,3,0
8jyzy8,2018-05-16 22:10:47,84,r/books,142,2018-05-17 02:10:35,0,1,0,0
8jyzy8,2018-05-16 22:10:47,84,r/books,142,2018-05-17 02:20:28,1,0,2,0
8jyzy8,2018-05-16 22:10:47,84,r/books,143,2018-05-17 02:46:30,0,1,-12,0
8jyzy8,2018-05-16 22:10:47,84,r/books,143,2018-05-17 04:19:16,1,0,1,0
8jyzy8,2018-05-16 22:10:47,84,r/books,144,2018-05-16 23:06:09,0,0,-14,0
8jx71j,2018-05-16 18:17:58,85,r/CringeAnarchy,0,2018-05-16 18:34:32,0,38,1,0
8jx71j,2018-05-16 18:17:58,85,r/CringeAnarchy,0,2018-05-16 20:41:19,1,12,1,0
8jx71j,2018-05-16 18:17:58,85,r/CringeAnarchy,0,2018-05-16 21:28:10,2,9,1,0
8jx71j,2018-05-16 18:17:58,85,r/CringeAnarchy,0,2018-05-16 22:19:10,3,1,1,0
8jx71j,2018-05-16 18:17:58,85,r/CringeAnarchy,0,2018-05-16 23:50:54,4,2,1,0
8jx71j,2018-05-16 18:17:58,85,r/CringeAnarchy,0,2018-05-17 01:02:25,5,2,1,0
8jx71j,2018-05-16 18:17:58,85,r/CringeAnarchy,0,2018-05-17 01:23:08,6,2,1,0
8jx71j,2018-05-16 18:17:58,85,r/CringeAnarchy,0,2018-05-17 01:29:41,7,2,1,0
8jx71j,2018-05-16 18:17:58,85,r/CringeAnarchy,0,2018-05-17 01:38:58,8,0,1,0
8jx71j,2018-05-16 18:17:58,85,r/CringeAnarchy,0,2018-05-17 01:43:45,8,1,1,0
8jx71j,2018-05-16 18:17:58,85,r/CringeAnarchy,0,2018-05-17 02:15:41,9,0,1,0
8jx71j,2018-05-16 18:17:58,85,r/CringeAnarchy,0,2018-05-17 02:43:05,7,0,1,0
8jx71j,2018-05-16 18:17:58,85,r/CringeAnarchy,0,2018-05-17 04:37:51,6,1,1,0
8jx71j,2018-05-16 18:17:58,85,r/CringeAnarchy,0,2018-05-17 05:04:30,7,0,1,0
8jx71j,2018-05-16 18:17:58,85,r/CringeAnarchy,0,2018-05-17 03:39:48,5,0,1,0
8jx71j,2018-05-16 18:17:58,85,r/CringeAnarchy,0,2018-05-17 02:17:50,3,0,1,0
8jx71j,2018-05-16 18:17:58,85,r/CringeAnarchy,0,2018-05-17 00:58:06,3,8,1,0
8jx71j,2018-05-16 18:17:58,85,r/CringeAnarchy,0,2018-05-17 01:24:34,4,2,1,0
8jx71j,2018-05-16 18:17:58,85,r/CringeAnarchy,0,2018-05-17 02:41:58,5,0,1,0
8jx71j,2018-05-16 18:17:58,85,r/CringeAnarchy,0,2018-05-17 01:31:15,5,1,1,0
8jx71j,2018-05-16 18:17:58,85,r/CringeAnarchy,0,2018-05-17 03:20:23,6,0,1,0
8jx71j,2018-05-16 18:17:58,85,r/CringeAnarchy,0,2018-05-17 01:30:56,4,1,1,0
8jx71j,2018-05-16 18:17:58,85,r/CringeAnarchy,0,2018-05-17 01:36:27,5,0,1,0
8jx71j,2018-05-16 18:17:58,85,r/CringeAnarchy,0,2018-05-17 02:25:11,4,0,1,0
8jx71j,2018-05-16 18:17:58,85,r/CringeAnarchy,0,2018-05-17 01:36:30,4,1,1,0
8jx71j,2018-05-16 18:17:58,85,r/CringeAnarchy,0,2018-05-17 01:51:03,5,1,1,0
8jx71j,2018-05-16 18:17:58,85,r/CringeAnarchy,0,2018-05-17 02:51:44,6,0,1,0
8jx71j,2018-05-16 18:17:58,85,r/CringeAnarchy,0,2018-05-17 01:44:31,4,0,1,0
8jx71j,2018-05-16 18:17:58,85,r/CringeAnarchy,0,2018-05-17 03:09:48,4,0,1,0
8jx71j,2018-05-16 18:17:58,85,r/CringeAnarchy,0,2018-05-17 05:16:14,4,0,1,0
8jx71j,2018-05-16 18:17:58,85,r/CringeAnarchy,0,2018-05-17 01:07:57,4,1,1,0
8jx71j,2018-05-16 18:17:58,85,r/CringeAnarchy,0,2018-05-17 01:11:38,5,2,1,0
8jx71j,2018-05-16 18:17:58,85,r/CringeAnarchy,0,2018-05-17 01:13:48,6,0,1,0
8jx71j,2018-05-16 18:17:58,85,r/CringeAnarchy,0,2018-05-17 01:13:36,6,1,1,0
8jx71j,2018-05-16 18:17:58,85,r/CringeAnarchy,0,2018-05-17 01:16:20,7,1,1,0
8jx71j,2018-05-16 18:17:58,85,r/CringeAnarchy,0,2018-05-17 01:34:18,8,1,1,0
8jx71j,2018-05-16 18:17:58,85,r/CringeAnarchy,0,2018-05-17 02:15:44,9,1,1,0
8jx71j,2018-05-16 18:17:58,85,r/CringeAnarchy,0,2018-05-16 23:21:28,3,1,1,0
8jx71j,2018-05-16 18:17:58,85,r/CringeAnarchy,0,2018-05-16 23:28:53,4,1,1,0
8jx71j,2018-05-16 18:17:58,85,r/CringeAnarchy,0,2018-05-16 23:29:45,5,2,1,0
8jx71j,2018-05-16 18:17:58,85,r/CringeAnarchy,0,2018-05-16 23:31:40,6,0,1,0
8jx71j,2018-05-16 18:17:58,85,r/CringeAnarchy,0,2018-05-16 23:37:37,6,1,1,0
8jx71j,2018-05-16 18:17:58,85,r/CringeAnarchy,0,2018-05-16 23:38:06,7,0,1,0
8jx71j,2018-05-16 18:17:58,85,r/CringeAnarchy,0,2018-05-17 00:33:31,3,1,1,0
8jx71j,2018-05-16 18:17:58,85,r/CringeAnarchy,0,2018-05-17 01:24:50,4,2,1,0
8jx71j,2018-05-16 18:17:58,85,r/CringeAnarchy,0,2018-05-17 01:25:48,5,2,1,0
8jx71j,2018-05-16 18:17:58,85,r/CringeAnarchy,0,2018-05-17 02:06:19,6,2,1,0
8jx71j,2018-05-16 18:17:58,85,r/CringeAnarchy,0,2018-05-17 04:19:35,7,0,1,0
8jx71j,2018-05-16 18:17:58,85,r/CringeAnarchy,0,2018-05-17 02:13:01,7,2,1,0
8jx71j,2018-05-16 18:17:58,85,r/CringeAnarchy,0,2018-05-17 02:17:07,8,1,1,0
8jx71j,2018-05-16 18:17:58,85,r/CringeAnarchy,0,2018-05-17 02:44:34,9,1,1,0
8jx71j,2018-05-16 18:17:58,85,r/CringeAnarchy,0,2018-05-17 02:26:44,8,0,1,0
8jx71j,2018-05-16 18:17:58,85,r/CringeAnarchy,0,2018-05-17 01:28:38,6,0,1,0
8jx71j,2018-05-16 18:17:58,85,r/CringeAnarchy,0,2018-05-17 02:08:22,5,0,1,0
8jx71j,2018-05-16 18:17:58,85,r/CringeAnarchy,0,2018-05-17 01:36:01,3,0,1,0
8jx71j,2018-05-16 18:17:58,85,r/CringeAnarchy,0,2018-05-17 01:45:27,3,0,1,0
8jx71j,2018-05-16 18:17:58,85,r/CringeAnarchy,0,2018-05-17 03:24:52,3,1,1,0
8jx71j,2018-05-16 18:17:58,85,r/CringeAnarchy,0,2018-05-17 04:05:35,4,0,1,0
8jx71j,2018-05-16 18:17:58,85,r/CringeAnarchy,0,2018-05-17 04:59:53,3,0,1,0
8jx71j,2018-05-16 18:17:58,85,r/CringeAnarchy,0,2018-05-16 23:08:17,2,0,1,0
8jx71j,2018-05-16 18:17:58,85,r/CringeAnarchy,0,2018-05-17 01:00:56,2,0,1,0
8jx71j,2018-05-16 18:17:58,85,r/CringeAnarchy,0,2018-05-17 03:28:08,2,0,1,0
8jx71j,2018-05-16 18:17:58,85,r/CringeAnarchy,0,2018-05-16 23:24:58,2,0,1,0
8jx71j,2018-05-16 18:17:58,85,r/CringeAnarchy,0,2018-05-17 00:58:35,2,0,1,0
8jx71j,2018-05-16 18:17:58,85,r/CringeAnarchy,0,2018-05-17 02:55:49,2,0,1,0
8jx71j,2018-05-16 18:17:58,85,r/CringeAnarchy,0,2018-05-17 00:30:28,2,0,1,0
8jx71j,2018-05-16 18:17:58,85,r/CringeAnarchy,0,2018-05-17 01:35:24,2,0,1,0
8jx71j,2018-05-16 18:17:58,85,r/CringeAnarchy,0,2018-05-17 01:23:12,2,0,1,0
8jx71j,2018-05-16 18:17:58,85,r/CringeAnarchy,0,2018-05-17 01:26:05,2,0,1,0
8jx71j,2018-05-16 18:17:58,85,r/CringeAnarchy,0,2018-05-17 01:34:08,2,0,1,0
8jx71j,2018-05-16 18:17:58,85,r/CringeAnarchy,0,2018-05-16 22:57:00,1,1,1,0
8jx71j,2018-05-16 18:17:58,85,r/CringeAnarchy,0,2018-05-16 23:25:38,2,2,1,0
8jx71j,2018-05-16 18:17:58,85,r/CringeAnarchy,0,2018-05-17 01:26:29,3,2,1,0
8jx71j,2018-05-16 18:17:58,85,r/CringeAnarchy,0,2018-05-17 02:28:31,4,0,1,0
8jx71j,2018-05-16 18:17:58,85,r/CringeAnarchy,0,2018-05-17 02:28:55,4,0,1,0
8jx71j,2018-05-16 18:17:58,85,r/CringeAnarchy,0,2018-05-17 02:53:29,3,0,1,0
8jx71j,2018-05-16 18:17:58,85,r/CringeAnarchy,0,2018-05-16 23:35:52,1,1,1,0
8jx71j,2018-05-16 18:17:58,85,r/CringeAnarchy,0,2018-05-17 00:09:07,2,0,1,0
8jx71j,2018-05-16 18:17:58,85,r/CringeAnarchy,0,2018-05-16 23:12:04,1,3,1,0
8jx71j,2018-05-16 18:17:58,85,r/CringeAnarchy,0,2018-05-16 23:17:51,2,0,1,0
8jx71j,2018-05-16 18:17:58,85,r/CringeAnarchy,0,2018-05-17 00:46:52,2,0,1,0
8jx71j,2018-05-16 18:17:58,85,r/CringeAnarchy,0,2018-05-17 02:01:26,2,2,1,0
8jx71j,2018-05-16 18:17:58,85,r/CringeAnarchy,0,2018-05-17 02:04:55,3,2,1,0
8jx71j,2018-05-16 18:17:58,85,r/CringeAnarchy,0,2018-05-17 02:12:49,4,0,1,0
8jx71j,2018-05-16 18:17:58,85,r/CringeAnarchy,0,2018-05-17 03:46:55,4,0,1,0
8jx71j,2018-05-16 18:17:58,85,r/CringeAnarchy,0,2018-05-17 04:34:22,3,0,1,0
8jx71j,2018-05-16 18:17:58,85,r/CringeAnarchy,0,2018-05-16 21:38:44,1,3,1,0
8jx71j,2018-05-16 18:17:58,85,r/CringeAnarchy,0,2018-05-16 21:52:40,2,1,1,0
8jx71j,2018-05-16 18:17:58,85,r/CringeAnarchy,0,2018-05-17 00:02:44,3,0,1,0
8jx71j,2018-05-16 18:17:58,85,r/CringeAnarchy,0,2018-05-16 23:56:02,2,1,1,0
8jx71j,2018-05-16 18:17:58,85,r/CringeAnarchy,0,2018-05-17 03:05:01,3,0,1,0
8jx71j,2018-05-16 18:17:58,85,r/CringeAnarchy,0,2018-05-17 00:34:18,2,0,1,0
8jx71j,2018-05-16 18:17:58,85,r/CringeAnarchy,0,2018-05-17 00:46:51,1,0,1,0
8jx71j,2018-05-16 18:17:58,85,r/CringeAnarchy,0,2018-05-17 00:06:41,1,0,1,0
8jx71j,2018-05-16 18:17:58,85,r/CringeAnarchy,0,2018-05-16 21:34:00,1,2,1,0
8jx71j,2018-05-16 18:17:58,85,r/CringeAnarchy,0,2018-05-16 22:59:27,2,1,1,0
8jx71j,2018-05-16 18:17:58,85,r/CringeAnarchy,0,2018-05-16 23:04:24,3,1,1,0
8jx71j,2018-05-16 18:17:58,85,r/CringeAnarchy,0,2018-05-17 03:04:32,4,0,1,0
8jx71j,2018-05-16 18:17:58,85,r/CringeAnarchy,0,2018-05-17 05:20:04,2,0,1,0
8jx71j,2018-05-16 18:17:58,85,r/CringeAnarchy,0,2018-05-16 23:09:48,1,1,1,0
8jx71j,2018-05-16 18:17:58,85,r/CringeAnarchy,0,2018-05-17 01:21:53,2,1,1,0
8jx71j,2018-05-16 18:17:58,85,r/CringeAnarchy,0,2018-05-17 01:33:39,3,0,1,0
8jx71j,2018-05-16 18:17:58,85,r/CringeAnarchy,0,2018-05-17 02:22:13,1,1,1,0
8jx71j,2018-05-16 18:17:58,85,r/CringeAnarchy,0,2018-05-17 02:56:32,2,0,1,0
8jx71j,2018-05-16 18:17:58,85,r/CringeAnarchy,0,2018-05-17 00:19:35,1,1,1,0
8jx71j,2018-05-16 18:17:58,85,r/CringeAnarchy,0,2018-05-17 02:31:06,2,0,1,0
8jx71j,2018-05-16 18:17:58,85,r/CringeAnarchy,0,2018-05-16 22:14:48,1,0,1,0
8jx71j,2018-05-16 18:17:58,85,r/CringeAnarchy,0,2018-05-16 22:44:51,1,0,1,0
8jx71j,2018-05-16 18:17:58,85,r/CringeAnarchy,0,2018-05-17 00:46:45,1,0,1,0
8jx71j,2018-05-16 18:17:58,85,r/CringeAnarchy,0,2018-05-16 22:43:45,1,1,1,0
8jx71j,2018-05-16 18:17:58,85,r/CringeAnarchy,0,2018-05-17 01:32:22,2,0,1,0
8jx71j,2018-05-16 18:17:58,85,r/CringeAnarchy,0,2018-05-17 02:35:01,1,0,1,0
8jx71j,2018-05-16 18:17:58,85,r/CringeAnarchy,0,2018-05-17 00:55:55,1,1,1,0
8jx71j,2018-05-16 18:17:58,85,r/CringeAnarchy,0,2018-05-17 03:08:30,2,0,1,0
8jx71j,2018-05-16 18:17:58,85,r/CringeAnarchy,0,2018-05-16 23:58:51,1,0,1,0
8jx71j,2018-05-16 18:17:58,85,r/CringeAnarchy,0,2018-05-17 01:59:51,1,0,1,0
8jx71j,2018-05-16 18:17:58,85,r/CringeAnarchy,0,2018-05-17 02:00:36,1,0,1,0
8jx71j,2018-05-16 18:17:58,85,r/CringeAnarchy,0,2018-05-17 02:39:04,1,0,1,0
8jx71j,2018-05-16 18:17:58,85,r/CringeAnarchy,0,2018-05-17 03:17:21,1,0,1,0
8jx71j,2018-05-16 18:17:58,85,r/CringeAnarchy,0,2018-05-17 03:26:57,1,0,1,0
8jx71j,2018-05-16 18:17:58,85,r/CringeAnarchy,0,2018-05-17 03:41:14,1,0,1,0
8jx71j,2018-05-16 18:17:58,85,r/CringeAnarchy,0,2018-05-17 03:41:50,1,0,1,0
8jx71j,2018-05-16 18:17:58,85,r/CringeAnarchy,0,2018-05-17 03:47:00,1,0,1,0
8jx71j,2018-05-16 18:17:58,85,r/CringeAnarchy,0,2018-05-17 03:58:08,1,0,1,0
8jx71j,2018-05-16 18:17:58,85,r/CringeAnarchy,0,2018-05-17 04:12:08,1,0,1,0
8jx71j,2018-05-16 18:17:58,85,r/CringeAnarchy,0,2018-05-17 04:13:45,1,0,1,0
8jx71j,2018-05-16 18:17:58,85,r/CringeAnarchy,0,2018-05-17 04:16:49,1,0,1,0
8jx71j,2018-05-16 18:17:58,85,r/CringeAnarchy,0,2018-05-17 04:29:19,1,0,1,0
8jx71j,2018-05-16 18:17:58,85,r/CringeAnarchy,0,2018-05-17 04:51:52,1,0,1,0
8jx71j,2018-05-16 18:17:58,85,r/CringeAnarchy,0,2018-05-17 04:53:00,1,0,1,0
8jx71j,2018-05-16 18:17:58,85,r/CringeAnarchy,0,2018-05-17 01:43:37,1,0,1,0
8jx71j,2018-05-16 18:17:58,85,r/CringeAnarchy,0,2018-05-17 01:17:34,1,0,1,0
8jx71j,2018-05-16 18:17:58,85,r/CringeAnarchy,0,2018-05-17 02:17:26,1,0,1,0
8jx71j,2018-05-16 18:17:58,85,r/CringeAnarchy,0,2018-05-17 00:57:28,1,0,1,0
8jx71j,2018-05-16 18:17:58,85,r/CringeAnarchy,0,2018-05-16 23:29:06,1,1,1,0
8jx71j,2018-05-16 18:17:58,85,r/CringeAnarchy,0,2018-05-17 04:48:39,2,0,1,0
8jx71j,2018-05-16 18:17:58,85,r/CringeAnarchy,1,2018-05-16 18:40:58,0,7,1,0
8jx71j,2018-05-16 18:17:58,85,r/CringeAnarchy,1,2018-05-16 23:10:49,1,6,1,0
8jx71j,2018-05-16 18:17:58,85,r/CringeAnarchy,1,2018-05-16 23:15:01,2,0,1,0
8jx71j,2018-05-16 18:17:58,85,r/CringeAnarchy,1,2018-05-17 00:01:06,2,1,1,0
8jx71j,2018-05-16 18:17:58,85,r/CringeAnarchy,1,2018-05-17 00:42:20,3,2,1,0
8jx71j,2018-05-16 18:17:58,85,r/CringeAnarchy,1,2018-05-17 01:13:41,4,1,1,0
8jx71j,2018-05-16 18:17:58,85,r/CringeAnarchy,1,2018-05-17 03:47:46,5,0,1,0
8jx71j,2018-05-16 18:17:58,85,r/CringeAnarchy,1,2018-05-17 01:15:03,4,0,1,0
8jx71j,2018-05-16 18:17:58,85,r/CringeAnarchy,1,2018-05-17 02:37:24,2,0,1,0
8jx71j,2018-05-16 18:17:58,85,r/CringeAnarchy,1,2018-05-17 01:38:12,2,1,1,0
8jx71j,2018-05-16 18:17:58,85,r/CringeAnarchy,1,2018-05-17 02:58:35,3,1,1,0
8jx71j,2018-05-16 18:17:58,85,r/CringeAnarchy,1,2018-05-17 04:18:36,4,0,1,0
8jx71j,2018-05-16 18:17:58,85,r/CringeAnarchy,1,2018-05-17 04:46:29,2,0,1,0
8jx71j,2018-05-16 18:17:58,85,r/CringeAnarchy,1,2018-05-17 00:18:20,2,0,1,0
8jx71j,2018-05-16 18:17:58,85,r/CringeAnarchy,1,2018-05-16 23:23:28,1,2,1,0
8jx71j,2018-05-16 18:17:58,85,r/CringeAnarchy,1,2018-05-17 00:39:29,2,0,1,0
8jx71j,2018-05-16 18:17:58,85,r/CringeAnarchy,1,2018-05-17 01:22:51,2,0,1,0
8jx71j,2018-05-16 18:17:58,85,r/CringeAnarchy,1,2018-05-17 00:08:00,1,3,1,0
8jx71j,2018-05-16 18:17:58,85,r/CringeAnarchy,1,2018-05-17 02:00:02,2,2,1,0
8jx71j,2018-05-16 18:17:58,85,r/CringeAnarchy,1,2018-05-17 02:50:56,3,1,1,0
8jx71j,2018-05-16 18:17:58,85,r/CringeAnarchy,1,2018-05-17 03:11:22,4,1,1,0
8jx71j,2018-05-16 18:17:58,85,r/CringeAnarchy,1,2018-05-17 05:14:52,5,0,1,0
8jx71j,2018-05-16 18:17:58,85,r/CringeAnarchy,1,2018-05-17 02:01:38,3,0,1,0
8jx71j,2018-05-16 18:17:58,85,r/CringeAnarchy,1,2018-05-17 03:51:58,2,0,1,0
8jx71j,2018-05-16 18:17:58,85,r/CringeAnarchy,1,2018-05-17 04:10:45,2,0,1,0
8jx71j,2018-05-16 18:17:58,85,r/CringeAnarchy,1,2018-05-17 00:01:24,1,1,1,0
8jx71j,2018-05-16 18:17:58,85,r/CringeAnarchy,1,2018-05-17 00:40:16,2,0,1,0
8jx71j,2018-05-16 18:17:58,85,r/CringeAnarchy,1,2018-05-17 01:41:24,1,0,1,0
8jx71j,2018-05-16 18:17:58,85,r/CringeAnarchy,1,2018-05-17 04:24:07,1,0,1,0
8jx71j,2018-05-16 18:17:58,85,r/CringeAnarchy,1,2018-05-17 02:50:15,1,1,1,0
8jx71j,2018-05-16 18:17:58,85,r/CringeAnarchy,1,2018-05-17 04:10:41,2,0,1,0
8jx71j,2018-05-16 18:17:58,85,r/CringeAnarchy,2,2018-05-16 18:33:39,0,15,1,0
8jx71j,2018-05-16 18:17:58,85,r/CringeAnarchy,2,2018-05-16 18:40:22,1,5,1,0
8jx71j,2018-05-16 18:17:58,85,r/CringeAnarchy,2,2018-05-16 18:42:43,2,7,1,0
8jx71j,2018-05-16 18:17:58,85,r/CringeAnarchy,2,2018-05-16 18:45:48,3,0,1,0
8jx71j,2018-05-16 18:17:58,85,r/CringeAnarchy,2,2018-05-16 19:04:04,3,0,1,0
8jx71j,2018-05-16 18:17:58,85,r/CringeAnarchy,2,2018-05-16 23:37:25,3,0,1,0
8jx71j,2018-05-16 18:17:58,85,r/CringeAnarchy,2,2018-05-16 19:51:30,3,0,1,0
8jx71j,2018-05-16 18:17:58,85,r/CringeAnarchy,2,2018-05-16 20:13:01,3,3,1,0
8jx71j,2018-05-16 18:17:58,85,r/CringeAnarchy,2,2018-05-17 01:33:43,4,0,1,0
8jx71j,2018-05-16 18:17:58,85,r/CringeAnarchy,2,2018-05-17 04:16:45,4,0,1,0
8jx71j,2018-05-16 18:17:58,85,r/CringeAnarchy,2,2018-05-17 04:16:50,4,0,1,0
8jx71j,2018-05-16 18:17:58,85,r/CringeAnarchy,2,2018-05-17 00:13:46,3,0,1,0
8jx71j,2018-05-16 18:17:58,85,r/CringeAnarchy,2,2018-05-17 04:37:19,3,0,1,0
8jx71j,2018-05-16 18:17:58,85,r/CringeAnarchy,2,2018-05-17 00:37:50,2,1,1,0
8jx71j,2018-05-16 18:17:58,85,r/CringeAnarchy,2,2018-05-17 03:44:15,3,0,1,0
8jx71j,2018-05-16 18:17:58,85,r/CringeAnarchy,2,2018-05-16 21:39:24,2,0,1,0
8jx71j,2018-05-16 18:17:58,85,r/CringeAnarchy,2,2018-05-17 02:54:08,2,0,1,0
8jx71j,2018-05-16 18:17:58,85,r/CringeAnarchy,2,2018-05-16 23:04:16,2,0,1,0
8jx71j,2018-05-16 18:17:58,85,r/CringeAnarchy,2,2018-05-16 21:02:49,1,2,1,0
8jx71j,2018-05-16 18:17:58,85,r/CringeAnarchy,2,2018-05-16 21:46:16,2,1,1,0
8jx71j,2018-05-16 18:17:58,85,r/CringeAnarchy,2,2018-05-17 02:32:57,3,0,1,0
8jx71j,2018-05-16 18:17:58,85,r/CringeAnarchy,2,2018-05-17 02:48:02,2,1,1,0
8jx71j,2018-05-16 18:17:58,85,r/CringeAnarchy,2,2018-05-17 04:12:27,3,0,1,0
8jx71j,2018-05-16 18:17:58,85,r/CringeAnarchy,2,2018-05-16 21:29:07,1,2,1,0
8jx71j,2018-05-16 18:17:58,85,r/CringeAnarchy,2,2018-05-17 00:00:10,2,1,1,0
8jx71j,2018-05-16 18:17:58,85,r/CringeAnarchy,2,2018-05-17 00:00:16,3,1,1,0
8jx71j,2018-05-16 18:17:58,85,r/CringeAnarchy,2,2018-05-17 00:30:38,4,0,1,0
8jx71j,2018-05-16 18:17:58,85,r/CringeAnarchy,2,2018-05-16 23:19:55,2,0,1,0
8jx71j,2018-05-16 18:17:58,85,r/CringeAnarchy,2,2018-05-17 00:53:15,1,0,1,0
8jx71j,2018-05-16 18:17:58,85,r/CringeAnarchy,2,2018-05-16 20:21:19,1,0,1,0
8jx71j,2018-05-16 18:17:58,85,r/CringeAnarchy,2,2018-05-16 22:35:27,1,0,1,0
8jx71j,2018-05-16 18:17:58,85,r/CringeAnarchy,2,2018-05-16 23:39:13,1,0,1,0
8jx71j,2018-05-16 18:17:58,85,r/CringeAnarchy,2,2018-05-17 01:22:37,1,0,1,0
8jx71j,2018-05-16 18:17:58,85,r/CringeAnarchy,2,2018-05-16 23:33:47,1,0,1,0
8jx71j,2018-05-16 18:17:58,85,r/CringeAnarchy,2,2018-05-17 00:43:56,1,0,1,0
8jx71j,2018-05-16 18:17:58,85,r/CringeAnarchy,2,2018-05-17 03:06:59,1,0,1,0
8jx71j,2018-05-16 18:17:58,85,r/CringeAnarchy,2,2018-05-17 03:56:21,1,1,1,0
8jx71j,2018-05-16 18:17:58,85,r/CringeAnarchy,2,2018-05-17 04:04:37,2,1,1,0
8jx71j,2018-05-16 18:17:58,85,r/CringeAnarchy,2,2018-05-17 04:05:25,3,0,1,0
8jx71j,2018-05-16 18:17:58,85,r/CringeAnarchy,2,2018-05-16 23:09:05,1,0,1,0
8jx71j,2018-05-16 18:17:58,85,r/CringeAnarchy,2,2018-05-16 23:19:30,1,0,1,0
8jx71j,2018-05-16 18:17:58,85,r/CringeAnarchy,2,2018-05-17 00:50:34,1,0,1,0
8jx71j,2018-05-16 18:17:58,85,r/CringeAnarchy,3,2018-05-16 21:37:40,0,3,1,0
8jx71j,2018-05-16 18:17:58,85,r/CringeAnarchy,3,2018-05-17 01:48:48,1,2,1,0
8jx71j,2018-05-16 18:17:58,85,r/CringeAnarchy,3,2018-05-17 01:59:38,2,0,1,0
8jx71j,2018-05-16 18:17:58,85,r/CringeAnarchy,3,2018-05-17 03:25:30,2,0,1,0
8jx71j,2018-05-16 18:17:58,85,r/CringeAnarchy,3,2018-05-16 23:49:17,1,7,1,0
8jx71j,2018-05-16 18:17:58,85,r/CringeAnarchy,3,2018-05-17 00:45:46,2,3,1,0
8jx71j,2018-05-16 18:17:58,85,r/CringeAnarchy,3,2018-05-17 01:27:29,3,2,1,0
8jx71j,2018-05-16 18:17:58,85,r/CringeAnarchy,3,2018-05-17 02:28:36,4,0,1,0
8jx71j,2018-05-16 18:17:58,85,r/CringeAnarchy,3,2018-05-17 02:33:54,4,0,1,0
8jx71j,2018-05-16 18:17:58,85,r/CringeAnarchy,3,2018-05-17 01:27:10,3,0,1,0
8jx71j,2018-05-16 18:17:58,85,r/CringeAnarchy,3,2018-05-17 01:10:20,3,0,1,0
8jx71j,2018-05-16 18:17:58,85,r/CringeAnarchy,3,2018-05-17 00:00:20,2,0,1,0
8jx71j,2018-05-16 18:17:58,85,r/CringeAnarchy,3,2018-05-17 03:38:35,2,1,1,0
8jx71j,2018-05-16 18:17:58,85,r/CringeAnarchy,3,2018-05-17 04:42:19,3,0,1,0
8jx71j,2018-05-16 18:17:58,85,r/CringeAnarchy,3,2018-05-17 02:24:01,2,0,1,0
8jx71j,2018-05-16 18:17:58,85,r/CringeAnarchy,3,2018-05-17 00:21:15,2,2,1,0
8jx71j,2018-05-16 18:17:58,85,r/CringeAnarchy,3,2018-05-17 01:58:22,3,0,1,0
8jx71j,2018-05-16 18:17:58,85,r/CringeAnarchy,3,2018-05-17 03:11:33,3,0,1,0
8jx71j,2018-05-16 18:17:58,85,r/CringeAnarchy,3,2018-05-17 00:36:26,2,0,1,0
8jx71j,2018-05-16 18:17:58,85,r/CringeAnarchy,3,2018-05-17 02:05:48,2,0,1,0
8jx71j,2018-05-16 18:17:58,85,r/CringeAnarchy,3,2018-05-17 02:53:33,1,0,1,0
8jx71j,2018-05-16 18:17:58,85,r/CringeAnarchy,4,2018-05-16 19:43:08,0,5,1,0
8jx71j,2018-05-16 18:17:58,85,r/CringeAnarchy,4,2018-05-16 23:03:09,1,0,1,0
8jx71j,2018-05-16 18:17:58,85,r/CringeAnarchy,4,2018-05-16 23:11:58,1,0,1,0
8jx71j,2018-05-16 18:17:58,85,r/CringeAnarchy,4,2018-05-17 01:08:47,1,0,1,0
8jx71j,2018-05-16 18:17:58,85,r/CringeAnarchy,4,2018-05-17 04:11:07,1,0,1,0
8jx71j,2018-05-16 18:17:58,85,r/CringeAnarchy,4,2018-05-17 01:37:47,1,0,1,0
8jx71j,2018-05-16 18:17:58,85,r/CringeAnarchy,5,2018-05-17 01:57:25,0,0,1,0
8jx71j,2018-05-16 18:17:58,85,r/CringeAnarchy,6,2018-05-16 21:38:52,0,8,1,0
8jx71j,2018-05-16 18:17:58,85,r/CringeAnarchy,6,2018-05-16 22:25:05,1,2,1,0
8jx71j,2018-05-16 18:17:58,85,r/CringeAnarchy,6,2018-05-16 22:56:49,2,2,1,0
8jx71j,2018-05-16 18:17:58,85,r/CringeAnarchy,6,2018-05-16 22:57:12,3,1,1,0
8jx71j,2018-05-16 18:17:58,85,r/CringeAnarchy,6,2018-05-16 23:47:20,4,0,1,0
8jx71j,2018-05-16 18:17:58,85,r/CringeAnarchy,6,2018-05-16 23:43:22,3,0,1,0
8jx71j,2018-05-16 18:17:58,85,r/CringeAnarchy,6,2018-05-17 04:01:50,2,0,1,0
8jx71j,2018-05-16 18:17:58,85,r/CringeAnarchy,6,2018-05-16 23:32:13,1,0,1,0
8jx71j,2018-05-16 18:17:58,85,r/CringeAnarchy,6,2018-05-16 22:42:43,1,0,1,0
8jx71j,2018-05-16 18:17:58,85,r/CringeAnarchy,6,2018-05-16 22:24:46,1,0,1,0
8jx71j,2018-05-16 18:17:58,85,r/CringeAnarchy,6,2018-05-16 23:06:13,1,0,1,0
8jx71j,2018-05-16 18:17:58,85,r/CringeAnarchy,6,2018-05-17 00:33:36,1,1,1,0
8jx71j,2018-05-16 18:17:58,85,r/CringeAnarchy,6,2018-05-17 00:59:07,2,0,1,0
8jx71j,2018-05-16 18:17:58,85,r/CringeAnarchy,6,2018-05-16 23:32:16,1,0,1,0
8jx71j,2018-05-16 18:17:58,85,r/CringeAnarchy,6,2018-05-17 01:24:35,1,0,1,0
8jx71j,2018-05-16 18:17:58,85,r/CringeAnarchy,7,2018-05-16 19:21:31,0,0,1,0
8jx71j,2018-05-16 18:17:58,85,r/CringeAnarchy,8,2018-05-16 23:11:49,0,1,1,0
8jx71j,2018-05-16 18:17:58,85,r/CringeAnarchy,8,2018-05-17 02:11:31,1,0,1,0
8jx71j,2018-05-16 18:17:58,85,r/CringeAnarchy,9,2018-05-16 23:10:41,0,1,1,0
8jx71j,2018-05-16 18:17:58,85,r/CringeAnarchy,9,2018-05-16 23:20:38,1,1,1,0
8jx71j,2018-05-16 18:17:58,85,r/CringeAnarchy,9,2018-05-17 02:16:31,2,2,1,0
8jx71j,2018-05-16 18:17:58,85,r/CringeAnarchy,9,2018-05-17 02:34:47,3,0,1,0
8jx71j,2018-05-16 18:17:58,85,r/CringeAnarchy,9,2018-05-17 02:45:46,3,0,1,0
8jx71j,2018-05-16 18:17:58,85,r/CringeAnarchy,10,2018-05-17 01:21:51,0,0,1,0
8jx71j,2018-05-16 18:17:58,85,r/CringeAnarchy,11,2018-05-16 23:24:12,0,1,1,0
8jx71j,2018-05-16 18:17:58,85,r/CringeAnarchy,11,2018-05-17 02:46:12,1,1,1,0
8jx71j,2018-05-16 18:17:58,85,r/CringeAnarchy,11,2018-05-17 03:15:36,2,0,1,0
8jx71j,2018-05-16 18:17:58,85,r/CringeAnarchy,12,2018-05-17 03:16:14,0,0,1,0
8jx71j,2018-05-16 18:17:58,85,r/CringeAnarchy,13,2018-05-17 00:10:39,0,9,1,0
8jx71j,2018-05-16 18:17:58,85,r/CringeAnarchy,13,2018-05-17 00:23:29,1,1,1,0
8jx71j,2018-05-16 18:17:58,85,r/CringeAnarchy,13,2018-05-17 04:25:29,2,0,1,0
8jx71j,2018-05-16 18:17:58,85,r/CringeAnarchy,13,2018-05-17 02:10:13,1,0,1,0
8jx71j,2018-05-16 18:17:58,85,r/CringeAnarchy,13,2018-05-17 01:28:55,1,1,1,0
8jx71j,2018-05-16 18:17:58,85,r/CringeAnarchy,13,2018-05-17 04:11:12,2,0,1,0
8jx71j,2018-05-16 18:17:58,85,r/CringeAnarchy,13,2018-05-17 02:00:30,1,1,1,0
8jx71j,2018-05-16 18:17:58,85,r/CringeAnarchy,13,2018-05-17 03:16:28,2,1,1,0
8jx71j,2018-05-16 18:17:58,85,r/CringeAnarchy,13,2018-05-17 04:39:51,3,0,1,0
8jx71j,2018-05-16 18:17:58,85,r/CringeAnarchy,13,2018-05-17 01:57:34,1,0,1,0
8jx71j,2018-05-16 18:17:58,85,r/CringeAnarchy,13,2018-05-17 02:56:10,1,0,1,0
8jx71j,2018-05-16 18:17:58,85,r/CringeAnarchy,13,2018-05-17 03:14:43,1,0,1,0
8jx71j,2018-05-16 18:17:58,85,r/CringeAnarchy,13,2018-05-17 03:50:36,1,0,1,0
8jx71j,2018-05-16 18:17:58,85,r/CringeAnarchy,13,2018-05-17 04:16:43,1,0,1,0
8jx71j,2018-05-16 18:17:58,85,r/CringeAnarchy,14,2018-05-17 02:10:32,0,0,1,0
8jx71j,2018-05-16 18:17:58,85,r/CringeAnarchy,15,2018-05-17 00:20:51,0,2,1,0
8jx71j,2018-05-16 18:17:58,85,r/CringeAnarchy,15,2018-05-17 01:36:16,1,0,1,0
8jx71j,2018-05-16 18:17:58,85,r/CringeAnarchy,15,2018-05-17 01:31:44,1,1,1,0
8jx71j,2018-05-16 18:17:58,85,r/CringeAnarchy,15,2018-05-17 01:53:00,2,0,1,0
8jx71j,2018-05-16 18:17:58,85,r/CringeAnarchy,16,2018-05-17 00:15:41,0,0,1,0
8jx71j,2018-05-16 18:17:58,85,r/CringeAnarchy,17,2018-05-16 23:02:25,0,1,1,0
8jx71j,2018-05-16 18:17:58,85,r/CringeAnarchy,17,2018-05-17 02:21:57,1,1,1,0
8jx71j,2018-05-16 18:17:58,85,r/CringeAnarchy,17,2018-05-17 04:18:42,2,0,1,0
8jx71j,2018-05-16 18:17:58,85,r/CringeAnarchy,18,2018-05-16 23:23:00,0,0,1,0
8jx71j,2018-05-16 18:17:58,85,r/CringeAnarchy,19,2018-05-17 02:22:46,0,0,1,0
8jx71j,2018-05-16 18:17:58,85,r/CringeAnarchy,20,2018-05-17 03:52:55,0,0,1,0
8jx71j,2018-05-16 18:17:58,85,r/CringeAnarchy,21,2018-05-17 01:33:42,0,0,1,0
8jx71j,2018-05-16 18:17:58,85,r/CringeAnarchy,22,2018-05-16 22:58:34,0,0,1,0
8jx71j,2018-05-16 18:17:58,85,r/CringeAnarchy,23,2018-05-17 01:38:56,0,0,1,0
8jx71j,2018-05-16 18:17:58,85,r/CringeAnarchy,24,2018-05-16 23:10:06,0,0,1,0
8jx71j,2018-05-16 18:17:58,85,r/CringeAnarchy,25,2018-05-17 00:15:43,0,0,1,0
8jx71j,2018-05-16 18:17:58,85,r/CringeAnarchy,26,2018-05-17 01:17:31,0,1,1,0
8jx71j,2018-05-16 18:17:58,85,r/CringeAnarchy,26,2018-05-17 01:37:57,1,1,1,0
8jx71j,2018-05-16 18:17:58,85,r/CringeAnarchy,26,2018-05-17 03:32:08,2,1,1,0
8jx71j,2018-05-16 18:17:58,85,r/CringeAnarchy,26,2018-05-17 03:58:21,3,0,1,0
8jx71j,2018-05-16 18:17:58,85,r/CringeAnarchy,27,2018-05-17 02:03:56,0,0,1,0
8jx71j,2018-05-16 18:17:58,85,r/CringeAnarchy,28,2018-05-17 02:16:57,0,0,1,0
8jx71j,2018-05-16 18:17:58,85,r/CringeAnarchy,29,2018-05-17 02:46:18,0,1,1,0
8jx71j,2018-05-16 18:17:58,85,r/CringeAnarchy,29,2018-05-17 03:56:45,1,1,1,0
8jx71j,2018-05-16 18:17:58,85,r/CringeAnarchy,29,2018-05-17 04:00:37,2,0,1,0
8jx71j,2018-05-16 18:17:58,85,r/CringeAnarchy,30,2018-05-17 02:15:45,0,0,1,0
8jx71j,2018-05-16 18:17:58,85,r/CringeAnarchy,31,2018-05-17 02:41:53,0,0,1,0
8jx71j,2018-05-16 18:17:58,85,r/CringeAnarchy,32,2018-05-17 02:54:59,0,0,1,0
8jx71j,2018-05-16 18:17:58,85,r/CringeAnarchy,33,2018-05-16 22:50:01,0,0,1,0
8jx71j,2018-05-16 18:17:58,85,r/CringeAnarchy,34,2018-05-17 00:11:43,0,0,1,0
8jx71j,2018-05-16 18:17:58,85,r/CringeAnarchy,35,2018-05-16 23:20:20,0,1,1,0
8jx71j,2018-05-16 18:17:58,85,r/CringeAnarchy,35,2018-05-17 00:09:39,1,0,1,0
8jx71j,2018-05-16 18:17:58,85,r/CringeAnarchy,36,2018-05-17 01:50:00,0,0,1,0
8jx71j,2018-05-16 18:17:58,85,r/CringeAnarchy,37,2018-05-17 02:06:47,0,0,1,0
8jx71j,2018-05-16 18:17:58,85,r/CringeAnarchy,38,2018-05-17 02:07:36,0,0,1,0
8jx71j,2018-05-16 18:17:58,85,r/CringeAnarchy,39,2018-05-17 02:13:00,0,0,1,0
8jx71j,2018-05-16 18:17:58,85,r/CringeAnarchy,40,2018-05-17 02:14:20,0,0,1,0
8jx71j,2018-05-16 18:17:58,85,r/CringeAnarchy,41,2018-05-17 02:20:13,0,0,1,0
8jx71j,2018-05-16 18:17:58,85,r/CringeAnarchy,42,2018-05-17 02:20:14,0,0,1,0
8jx71j,2018-05-16 18:17:58,85,r/CringeAnarchy,43,2018-05-17 02:26:44,0,0,1,0
8jx71j,2018-05-16 18:17:58,85,r/CringeAnarchy,44,2018-05-17 02:34:51,0,0,1,0
8jx71j,2018-05-16 18:17:58,85,r/CringeAnarchy,45,2018-05-17 02:39:06,0,0,1,0
8jx71j,2018-05-16 18:17:58,85,r/CringeAnarchy,46,2018-05-17 02:56:34,0,0,1,0
8jx71j,2018-05-16 18:17:58,85,r/CringeAnarchy,47,2018-05-17 02:59:11,0,0,1,0
8jx71j,2018-05-16 18:17:58,85,r/CringeAnarchy,48,2018-05-17 03:04:53,0,0,1,0
8jx71j,2018-05-16 18:17:58,85,r/CringeAnarchy,49,2018-05-17 03:11:24,0,0,1,0
8jx71j,2018-05-16 18:17:58,85,r/CringeAnarchy,50,2018-05-17 03:26:54,0,0,1,0
8jx71j,2018-05-16 18:17:58,85,r/CringeAnarchy,51,2018-05-17 03:27:25,0,0,1,0
8jx71j,2018-05-16 18:17:58,85,r/CringeAnarchy,52,2018-05-17 03:29:50,0,0,1,0
8jx71j,2018-05-16 18:17:58,85,r/CringeAnarchy,53,2018-05-17 03:44:05,0,0,1,0
8jx71j,2018-05-16 18:17:58,85,r/CringeAnarchy,54,2018-05-17 03:47:41,0,0,1,0
8jx71j,2018-05-16 18:17:58,85,r/CringeAnarchy,55,2018-05-17 03:57:34,0,0,1,0
8jx71j,2018-05-16 18:17:58,85,r/CringeAnarchy,56,2018-05-17 03:59:25,0,0,1,0
8jx71j,2018-05-16 18:17:58,85,r/CringeAnarchy,57,2018-05-17 04:15:53,0,0,1,0
8jx71j,2018-05-16 18:17:58,85,r/CringeAnarchy,58,2018-05-17 04:19:18,0,0,1,0
8jx71j,2018-05-16 18:17:58,85,r/CringeAnarchy,59,2018-05-17 04:22:47,0,0,1,0
8jx71j,2018-05-16 18:17:58,85,r/CringeAnarchy,60,2018-05-17 04:27:40,0,0,1,0
8jx71j,2018-05-16 18:17:58,85,r/CringeAnarchy,61,2018-05-17 04:28:15,0,0,1,0
8jx71j,2018-05-16 18:17:58,85,r/CringeAnarchy,62,2018-05-17 04:28:28,0,0,1,0
8jx71j,2018-05-16 18:17:58,85,r/CringeAnarchy,63,2018-05-17 04:37:59,0,0,1,0
8jx71j,2018-05-16 18:17:58,85,r/CringeAnarchy,64,2018-05-17 04:38:11,0,0,1,0
8jx71j,2018-05-16 18:17:58,85,r/CringeAnarchy,65,2018-05-17 04:46:34,0,0,1,0
8jx71j,2018-05-16 18:17:58,85,r/CringeAnarchy,66,2018-05-17 04:51:21,0,0,1,0
8jx71j,2018-05-16 18:17:58,85,r/CringeAnarchy,67,2018-05-17 04:58:12,0,0,1,0
8jx71j,2018-05-16 18:17:58,85,r/CringeAnarchy,68,2018-05-17 05:09:47,0,0,1,0
8jx71j,2018-05-16 18:17:58,85,r/CringeAnarchy,69,2018-05-17 05:10:49,0,0,1,0
8jx71j,2018-05-16 18:17:58,85,r/CringeAnarchy,70,2018-05-17 01:12:24,0,0,1,0
8jx71j,2018-05-16 18:17:58,85,r/CringeAnarchy,71,2018-05-17 03:36:36,0,0,1,0
8jx71j,2018-05-16 18:17:58,85,r/CringeAnarchy,72,2018-05-16 23:28:13,0,0,1,0
8jx71j,2018-05-16 18:17:58,85,r/CringeAnarchy,73,2018-05-17 00:02:55,0,0,1,0
8jx71j,2018-05-16 18:17:58,85,r/CringeAnarchy,74,2018-05-17 00:07:10,0,0,1,0
8jx71j,2018-05-16 18:17:58,85,r/CringeAnarchy,75,2018-05-17 00:25:01,0,0,1,0
8jx71j,2018-05-16 18:17:58,85,r/CringeAnarchy,76,2018-05-17 00:36:29,0,0,1,0
8jx71j,2018-05-16 18:17:58,85,r/CringeAnarchy,77,2018-05-17 00:47:37,0,0,1,0
8jx71j,2018-05-16 18:17:58,85,r/CringeAnarchy,78,2018-05-17 01:13:34,0,0,1,0
8jx71j,2018-05-16 18:17:58,85,r/CringeAnarchy,79,2018-05-17 02:00:23,0,0,1,0
8jx71j,2018-05-16 18:17:58,85,r/CringeAnarchy,80,2018-05-17 02:25:31,0,0,1,0
8jx71j,2018-05-16 18:17:58,85,r/CringeAnarchy,81,2018-05-16 23:23:52,0,4,1,0
8jx71j,2018-05-16 18:17:58,85,r/CringeAnarchy,81,2018-05-17 01:32:56,1,1,1,0
8jx71j,2018-05-16 18:17:58,85,r/CringeAnarchy,81,2018-05-17 02:15:45,2,0,1,0
8jx71j,2018-05-16 18:17:58,85,r/CringeAnarchy,81,2018-05-17 00:50:14,1,1,1,0
8jx71j,2018-05-16 18:17:58,85,r/CringeAnarchy,81,2018-05-17 01:56:51,2,0,1,0
8jx71j,2018-05-16 18:17:58,85,r/CringeAnarchy,81,2018-05-17 01:56:12,1,0,1,0
8jx71j,2018-05-16 18:17:58,85,r/CringeAnarchy,81,2018-05-17 01:37:17,1,0,1,0
8jx71j,2018-05-16 18:17:58,85,r/CringeAnarchy,82,2018-05-17 03:13:43,0,0,1,0
8jx71j,2018-05-16 18:17:58,85,r/CringeAnarchy,83,2018-05-16 20:31:02,0,0,1,0
8jx71j,2018-05-16 18:17:58,85,r/CringeAnarchy,84,2018-05-16 23:32:39,0,0,1,0
8jx71j,2018-05-16 18:17:58,85,r/CringeAnarchy,85,2018-05-17 00:17:02,0,1,1,0
8jx71j,2018-05-16 18:17:58,85,r/CringeAnarchy,85,2018-05-17 02:01:25,1,0,1,0
8jx71j,2018-05-16 18:17:58,85,r/CringeAnarchy,86,2018-05-16 23:16:29,0,0,1,0
8jx71j,2018-05-16 18:17:58,85,r/CringeAnarchy,87,2018-05-17 00:36:09,0,0,1,0
8jx71j,2018-05-16 18:17:58,85,r/CringeAnarchy,88,2018-05-17 00:42:02,0,0,1,0
8jx71j,2018-05-16 18:17:58,85,r/CringeAnarchy,89,2018-05-16 22:15:48,0,1,1,0
8jx71j,2018-05-16 18:17:58,85,r/CringeAnarchy,89,2018-05-16 22:54:29,1,1,1,0
8jx71j,2018-05-16 18:17:58,85,r/CringeAnarchy,89,2018-05-16 23:52:44,2,0,1,0
8jx71j,2018-05-16 18:17:58,85,r/CringeAnarchy,90,2018-05-17 00:25:22,0,0,1,0
8jx71j,2018-05-16 18:17:58,85,r/CringeAnarchy,91,2018-05-17 00:59:19,0,0,1,0
8jx71j,2018-05-16 18:17:58,85,r/CringeAnarchy,92,2018-05-17 01:04:20,0,0,1,0
8jx71j,2018-05-16 18:17:58,85,r/CringeAnarchy,93,2018-05-17 01:08:49,0,2,1,0
8jx71j,2018-05-16 18:17:58,85,r/CringeAnarchy,93,2018-05-17 02:01:12,1,1,1,0
8jx71j,2018-05-16 18:17:58,85,r/CringeAnarchy,93,2018-05-17 02:13:57,2,0,1,0
8jx71j,2018-05-16 18:17:58,85,r/CringeAnarchy,93,2018-05-17 03:24:14,1,0,1,0
8jx71j,2018-05-16 18:17:58,85,r/CringeAnarchy,94,2018-05-17 01:40:04,0,1,1,0
8jx71j,2018-05-16 18:17:58,85,r/CringeAnarchy,94,2018-05-17 03:23:13,1,0,1,0
8jx71j,2018-05-16 18:17:58,85,r/CringeAnarchy,95,2018-05-17 02:05:35,0,0,1,0
8jx71j,2018-05-16 18:17:58,85,r/CringeAnarchy,96,2018-05-17 02:31:28,0,0,1,0
8jx71j,2018-05-16 18:17:58,85,r/CringeAnarchy,97,2018-05-17 02:46:47,0,0,1,0
8jx71j,2018-05-16 18:17:58,85,r/CringeAnarchy,98,2018-05-17 02:48:21,0,0,1,0
8jx71j,2018-05-16 18:17:58,85,r/CringeAnarchy,99,2018-05-17 03:11:39,0,0,1,0
8jx71j,2018-05-16 18:17:58,85,r/CringeAnarchy,100,2018-05-17 03:26:41,0,0,1,0
8jx71j,2018-05-16 18:17:58,85,r/CringeAnarchy,101,2018-05-16 23:55:35,0,1,1,0
8jx71j,2018-05-16 18:17:58,85,r/CringeAnarchy,101,2018-05-17 03:24:52,1,0,1,0
8jx71j,2018-05-16 18:17:58,85,r/CringeAnarchy,102,2018-05-17 00:44:05,0,3,1,0
8jx71j,2018-05-16 18:17:58,85,r/CringeAnarchy,102,2018-05-17 00:57:15,1,0,1,0
8jx71j,2018-05-16 18:17:58,85,r/CringeAnarchy,102,2018-05-17 02:00:09,1,0,1,0
8jx71j,2018-05-16 18:17:58,85,r/CringeAnarchy,102,2018-05-17 01:38:47,1,0,1,0
8jx71j,2018-05-16 18:17:58,85,r/CringeAnarchy,103,2018-05-17 00:56:19,0,1,1,0
8jx71j,2018-05-16 18:17:58,85,r/CringeAnarchy,103,2018-05-17 03:20:25,1,1,1,0
8jx71j,2018-05-16 18:17:58,85,r/CringeAnarchy,103,2018-05-17 03:21:43,2,1,1,0
8jx71j,2018-05-16 18:17:58,85,r/CringeAnarchy,103,2018-05-17 03:26:16,3,1,1,0
8jx71j,2018-05-16 18:17:58,85,r/CringeAnarchy,103,2018-05-17 03:31:50,4,1,1,0
8jx71j,2018-05-16 18:17:58,85,r/CringeAnarchy,103,2018-05-17 03:35:44,5,0,1,0
8jx71j,2018-05-16 18:17:58,85,r/CringeAnarchy,104,2018-05-16 22:52:31,0,0,1,0
8jx71j,2018-05-16 18:17:58,85,r/CringeAnarchy,105,2018-05-16 23:32:25,0,0,1,0
8jx71j,2018-05-16 18:17:58,85,r/CringeAnarchy,106,2018-05-17 00:20:07,0,0,1,0
8jx71j,2018-05-16 18:17:58,85,r/CringeAnarchy,107,2018-05-17 00:55:27,0,0,1,0
8jx71j,2018-05-16 18:17:58,85,r/CringeAnarchy,108,2018-05-17 01:50:18,0,0,1,0
8jx71j,2018-05-16 18:17:58,85,r/CringeAnarchy,109,2018-05-17 00:34:42,0,2,1,0
8jx71j,2018-05-16 18:17:58,85,r/CringeAnarchy,109,2018-05-17 02:11:47,1,0,1,0
8jx71j,2018-05-16 18:17:58,85,r/CringeAnarchy,109,2018-05-17 03:21:37,1,0,1,0
8jx71j,2018-05-16 18:17:58,85,r/CringeAnarchy,110,2018-05-16 21:08:55,0,4,1,0
8jx71j,2018-05-16 18:17:58,85,r/CringeAnarchy,110,2018-05-16 21:15:29,1,0,1,0
8jx71j,2018-05-16 18:17:58,85,r/CringeAnarchy,110,2018-05-16 21:29:31,1,0,1,0
8jx71j,2018-05-16 18:17:58,85,r/CringeAnarchy,110,2018-05-16 21:46:42,1,0,1,0
8jx71j,2018-05-16 18:17:58,85,r/CringeAnarchy,110,2018-05-16 23:26:33,1,1,1,0
8jx71j,2018-05-16 18:17:58,85,r/CringeAnarchy,110,2018-05-16 23:53:34,2,0,1,0
8jx71j,2018-05-16 18:17:58,85,r/CringeAnarchy,111,2018-05-16 23:51:30,0,0,1,0
8jx71j,2018-05-16 18:17:58,85,r/CringeAnarchy,112,2018-05-17 00:12:48,0,1,1,0
8jx71j,2018-05-16 18:17:58,85,r/CringeAnarchy,112,2018-05-17 03:17:11,1,0,1,0
8jx71j,2018-05-16 18:17:58,85,r/CringeAnarchy,113,2018-05-17 01:10:54,0,1,1,0
8jx71j,2018-05-16 18:17:58,85,r/CringeAnarchy,113,2018-05-17 01:49:17,1,0,1,0
8jx71j,2018-05-16 18:17:58,85,r/CringeAnarchy,114,2018-05-16 23:32:42,0,1,1,0
8jx71j,2018-05-16 18:17:58,85,r/CringeAnarchy,114,2018-05-17 01:25:28,1,0,1,0
8jx71j,2018-05-16 18:17:58,85,r/CringeAnarchy,115,2018-05-17 00:20:59,0,0,1,0
8k0mws,2018-05-17 02:20:20,86,r/PrequelMemes,0,2018-05-17 02:56:37,0,4,188,0
8k0mws,2018-05-17 02:20:20,86,r/PrequelMemes,0,2018-05-17 04:55:42,1,1,1,0
8k0mws,2018-05-17 02:20:20,86,r/PrequelMemes,0,2018-05-17 05:09:09,2,1,1,0
8k0mws,2018-05-17 02:20:20,86,r/PrequelMemes,0,2018-05-17 05:19:12,3,0,1,0
8k0mws,2018-05-17 02:20:20,86,r/PrequelMemes,0,2018-05-17 04:59:42,1,1,1,0
8k0mws,2018-05-17 02:20:20,86,r/PrequelMemes,0,2018-05-17 05:18:45,2,1,1,0
8k0mws,2018-05-17 02:20:20,86,r/PrequelMemes,0,2018-05-17 05:21:39,3,0,1,0
8k0mws,2018-05-17 02:20:20,86,r/PrequelMemes,0,2018-05-17 05:08:00,1,0,1,0
8k0mws,2018-05-17 02:20:20,86,r/PrequelMemes,0,2018-05-17 05:08:48,1,1,1,0
8k0mws,2018-05-17 02:20:20,86,r/PrequelMemes,0,2018-05-17 05:10:28,2,0,1,0
8k0mws,2018-05-17 02:20:20,86,r/PrequelMemes,1,2018-05-17 03:02:29,0,1,53,0
8k0mws,2018-05-17 02:20:20,86,r/PrequelMemes,1,2018-05-17 04:56:28,1,1,1,0
8k0mws,2018-05-17 02:20:20,86,r/PrequelMemes,1,2018-05-17 05:18:02,2,0,1,0
8k0mws,2018-05-17 02:20:20,86,r/PrequelMemes,2,2018-05-17 02:23:51,0,7,116,0
8k0mws,2018-05-17 02:20:20,86,r/PrequelMemes,2,2018-05-17 03:02:43,1,0,115,0
8k0mws,2018-05-17 02:20:20,86,r/PrequelMemes,2,2018-05-17 03:36:48,1,3,36,0
8k0mws,2018-05-17 02:20:20,86,r/PrequelMemes,2,2018-05-17 03:45:38,2,0,9,0
8k0mws,2018-05-17 02:20:20,86,r/PrequelMemes,2,2018-05-17 05:04:54,2,0,1,0
8k0mws,2018-05-17 02:20:20,86,r/PrequelMemes,2,2018-05-17 05:15:48,2,1,1,0
8k0mws,2018-05-17 02:20:20,86,r/PrequelMemes,2,2018-05-17 05:18:41,3,0,1,0
8k0mws,2018-05-17 02:20:20,86,r/PrequelMemes,2,2018-05-17 03:26:22,1,0,25,0
8k0mws,2018-05-17 02:20:20,86,r/PrequelMemes,2,2018-05-17 03:27:36,1,2,18,0
8k0mws,2018-05-17 02:20:20,86,r/PrequelMemes,2,2018-05-17 05:17:31,2,0,1,0
8k0mws,2018-05-17 02:20:20,86,r/PrequelMemes,2,2018-05-17 05:01:45,2,0,1,0
8k0mws,2018-05-17 02:20:20,86,r/PrequelMemes,2,2018-05-17 05:03:50,1,1,1,0
8k0mws,2018-05-17 02:20:20,86,r/PrequelMemes,2,2018-05-17 05:18:19,2,0,1,0
8k0mws,2018-05-17 02:20:20,86,r/PrequelMemes,2,2018-05-17 05:16:01,1,0,1,0
8k0mws,2018-05-17 02:20:20,86,r/PrequelMemes,2,2018-05-17 05:16:14,1,0,1,0
8k0mws,2018-05-17 02:20:20,86,r/PrequelMemes,3,2018-05-17 03:56:45,0,1,32,0
8k0mws,2018-05-17 02:20:20,86,r/PrequelMemes,3,2018-05-17 05:17:01,1,0,1,0
8k0mws,2018-05-17 02:20:20,86,r/PrequelMemes,4,2018-05-17 03:45:28,0,1,9,0
8k0mws,2018-05-17 02:20:20,86,r/PrequelMemes,4,2018-05-17 04:17:14,1,1,27,0
8k0mws,2018-05-17 02:20:20,86,r/PrequelMemes,4,2018-05-17 04:57:10,2,0,1,0
8k0mws,2018-05-17 02:20:20,86,r/PrequelMemes,5,2018-05-17 04:41:30,0,0,9,0
8k0mws,2018-05-17 02:20:20,86,r/PrequelMemes,6,2018-05-17 03:58:03,0,0,8,0
8k0mws,2018-05-17 02:20:20,86,r/PrequelMemes,7,2018-05-17 05:04:31,0,0,1,0
8k0mws,2018-05-17 02:20:20,86,r/PrequelMemes,8,2018-05-17 03:41:56,0,0,5,0
8k0mws,2018-05-17 02:20:20,86,r/PrequelMemes,9,2018-05-17 03:39:24,0,1,15,0
8k0mws,2018-05-17 02:20:20,86,r/PrequelMemes,9,2018-05-17 03:49:26,1,0,13,0
8k0mws,2018-05-17 02:20:20,86,r/PrequelMemes,10,2018-05-17 05:06:20,0,1,1,0
8k0mws,2018-05-17 02:20:20,86,r/PrequelMemes,10,2018-05-17 05:13:16,1,0,1,0
8k0mws,2018-05-17 02:20:20,86,r/PrequelMemes,11,2018-05-17 04:31:57,0,0,1,0
8k0mws,2018-05-17 02:20:20,86,r/PrequelMemes,12,2018-05-17 05:14:15,0,0,1,0
8k0mws,2018-05-17 02:20:20,86,r/PrequelMemes,13,2018-05-17 03:22:39,0,0,0,0
8jwi31,2018-05-16 16:54:09,87,r/Eyebleach,0,2018-05-16 17:22:30,0,10,2219,0
8jwi31,2018-05-16 16:54:09,87,r/Eyebleach,0,2018-05-16 20:35:28,1,1,554,0
8jwi31,2018-05-16 16:54:09,87,r/Eyebleach,0,2018-05-16 20:49:38,2,2,210,0
8jwi31,2018-05-16 16:54:09,87,r/Eyebleach,0,2018-05-16 20:58:30,3,1,157,0
8jwi31,2018-05-16 16:54:09,87,r/Eyebleach,0,2018-05-16 22:21:45,4,1,46,0
8jwi31,2018-05-16 16:54:09,87,r/Eyebleach,0,2018-05-16 23:13:57,5,1,24,0
8jwi31,2018-05-16 16:54:09,87,r/Eyebleach,0,2018-05-17 04:39:39,6,0,2,0
8jwi31,2018-05-16 16:54:09,87,r/Eyebleach,0,2018-05-17 03:23:06,3,0,1,0
8jwi31,2018-05-16 16:54:09,87,r/Eyebleach,0,2018-05-16 21:28:17,1,1,123,0
8jwi31,2018-05-16 16:54:09,87,r/Eyebleach,0,2018-05-16 23:20:37,2,1,59,0
8jwi31,2018-05-16 16:54:09,87,r/Eyebleach,0,2018-05-17 02:25:51,3,0,1,0
8jwi31,2018-05-16 16:54:09,87,r/Eyebleach,0,2018-05-17 00:33:47,1,0,14,0
8jwi31,2018-05-16 16:54:09,87,r/Eyebleach,0,2018-05-16 21:28:13,1,1,26,0
8jwi31,2018-05-16 16:54:09,87,r/Eyebleach,0,2018-05-17 02:51:44,2,0,1,0
8jwi31,2018-05-16 16:54:09,87,r/Eyebleach,0,2018-05-16 23:16:16,1,1,7,0
8jwi31,2018-05-16 16:54:09,87,r/Eyebleach,0,2018-05-17 01:39:17,2,0,1,0
8jwi31,2018-05-16 16:54:09,87,r/Eyebleach,0,2018-05-16 22:21:46,1,0,9,0
8jwi31,2018-05-16 16:54:09,87,r/Eyebleach,0,2018-05-16 23:08:36,1,0,2,0
8jwi31,2018-05-16 16:54:09,87,r/Eyebleach,0,2018-05-17 02:25:13,1,0,1,0
8jwi31,2018-05-16 16:54:09,87,r/Eyebleach,0,2018-05-17 03:06:24,1,0,1,0
8jwi31,2018-05-16 16:54:09,87,r/Eyebleach,0,2018-05-16 21:40:59,1,0,1,0
8jwi31,2018-05-16 16:54:09,87,r/Eyebleach,1,2018-05-16 19:09:51,0,4,1100,0
8jwi31,2018-05-16 16:54:09,87,r/Eyebleach,1,2018-05-16 19:21:19,1,6,705,0
8jwi31,2018-05-16 16:54:09,87,r/Eyebleach,1,2018-05-16 19:22:27,2,1,301,0
8jwi31,2018-05-16 16:54:09,87,r/Eyebleach,1,2018-05-16 19:59:22,3,7,-106,0
8jwi31,2018-05-16 16:54:09,87,r/Eyebleach,1,2018-05-16 20:51:23,4,0,73,0
8jwi31,2018-05-16 16:54:09,87,r/Eyebleach,1,2018-05-16 20:46:34,4,4,91,0
8jwi31,2018-05-16 16:54:09,87,r/Eyebleach,1,2018-05-16 21:09:29,5,0,54,0
8jwi31,2018-05-16 16:54:09,87,r/Eyebleach,1,2018-05-16 21:42:48,5,0,8,0
8jwi31,2018-05-16 16:54:09,87,r/Eyebleach,1,2018-05-17 01:07:45,5,0,3,0
8jwi31,2018-05-16 16:54:09,87,r/Eyebleach,1,2018-05-16 22:22:18,5,0,1,0
8jwi31,2018-05-16 16:54:09,87,r/Eyebleach,1,2018-05-16 21:08:37,4,1,16,0
8jwi31,2018-05-16 16:54:09,87,r/Eyebleach,1,2018-05-17 00:10:39,5,2,3,0
8jwi31,2018-05-16 16:54:09,87,r/Eyebleach,1,2018-05-17 00:27:38,6,0,2,0
8jwi31,2018-05-16 16:54:09,87,r/Eyebleach,1,2018-05-17 00:39:15,6,1,1,0
8jwi31,2018-05-16 16:54:09,87,r/Eyebleach,1,2018-05-17 01:10:32,7,1,1,0
8jwi31,2018-05-16 16:54:09,87,r/Eyebleach,1,2018-05-17 01:47:12,8,0,1,0
8jwi31,2018-05-16 16:54:09,87,r/Eyebleach,1,2018-05-16 21:46:25,4,0,8,0
8jwi31,2018-05-16 16:54:09,87,r/Eyebleach,1,2018-05-16 20:32:32,4,0,18,0
8jwi31,2018-05-16 16:54:09,87,r/Eyebleach,1,2018-05-16 20:51:43,4,1,10,0
8jwi31,2018-05-16 16:54:09,87,r/Eyebleach,1,2018-05-16 20:57:28,5,0,12,0
8jwi31,2018-05-16 16:54:09,87,r/Eyebleach,1,2018-05-16 21:55:08,4,0,1,0
8jwi31,2018-05-16 16:54:09,87,r/Eyebleach,1,2018-05-16 21:10:35,2,1,43,0
8jwi31,2018-05-16 16:54:09,87,r/Eyebleach,1,2018-05-16 22:37:52,3,1,17,0
8jwi31,2018-05-16 16:54:09,87,r/Eyebleach,1,2018-05-17 00:57:17,4,0,6,0
8jwi31,2018-05-16 16:54:09,87,r/Eyebleach,1,2018-05-17 02:40:44,2,0,3,0
8jwi31,2018-05-16 16:54:09,87,r/Eyebleach,1,2018-05-17 02:44:03,2,1,4,0
8jwi31,2018-05-16 16:54:09,87,r/Eyebleach,1,2018-05-17 03:45:30,3,1,3,0
8jwi31,2018-05-16 16:54:09,87,r/Eyebleach,1,2018-05-17 03:59:44,4,0,1,0
8jwi31,2018-05-16 16:54:09,87,r/Eyebleach,1,2018-05-17 01:47:36,2,0,1,0
8jwi31,2018-05-16 16:54:09,87,r/Eyebleach,1,2018-05-17 00:50:08,2,0,1,0
8jwi31,2018-05-16 16:54:09,87,r/Eyebleach,1,2018-05-16 19:41:46,1,2,106,0
8jwi31,2018-05-16 16:54:09,87,r/Eyebleach,1,2018-05-16 21:31:02,2,2,26,0
8jwi31,2018-05-16 16:54:09,87,r/Eyebleach,1,2018-05-16 22:06:37,3,0,12,0
8jwi31,2018-05-16 16:54:09,87,r/Eyebleach,1,2018-05-16 22:28:35,3,1,-3,0
8jwi31,2018-05-16 16:54:09,87,r/Eyebleach,1,2018-05-16 22:33:06,4,1,14,0
8jwi31,2018-05-16 16:54:09,87,r/Eyebleach,1,2018-05-16 22:41:34,5,1,3,0
8jwi31,2018-05-16 16:54:09,87,r/Eyebleach,1,2018-05-16 22:53:58,6,2,8,0
8jwi31,2018-05-16 16:54:09,87,r/Eyebleach,1,2018-05-16 23:03:35,7,0,1,0
8jwi31,2018-05-16 16:54:09,87,r/Eyebleach,1,2018-05-17 00:16:58,7,1,1,0
8jwi31,2018-05-16 16:54:09,87,r/Eyebleach,1,2018-05-17 00:34:28,8,1,1,0
8jwi31,2018-05-16 16:54:09,87,r/Eyebleach,1,2018-05-17 01:22:07,9,0,2,0
8jwi31,2018-05-16 16:54:09,87,r/Eyebleach,1,2018-05-16 22:05:20,2,2,22,0
8jwi31,2018-05-16 16:54:09,87,r/Eyebleach,1,2018-05-16 22:22:08,3,2,12,0
8jwi31,2018-05-16 16:54:09,87,r/Eyebleach,1,2018-05-16 22:55:02,4,0,14,0
8jwi31,2018-05-16 16:54:09,87,r/Eyebleach,1,2018-05-17 01:04:29,4,0,3,0
8jwi31,2018-05-16 16:54:09,87,r/Eyebleach,1,2018-05-17 00:39:24,3,0,10,0
8jwi31,2018-05-16 16:54:09,87,r/Eyebleach,1,2018-05-16 21:20:37,1,1,8,0
8jwi31,2018-05-16 16:54:09,87,r/Eyebleach,1,2018-05-17 00:15:15,2,1,1,0
8jwi31,2018-05-16 16:54:09,87,r/Eyebleach,1,2018-05-17 01:32:18,3,0,1,0
8jwi31,2018-05-16 16:54:09,87,r/Eyebleach,1,2018-05-16 22:19:15,1,0,1,0
8jwi31,2018-05-16 16:54:09,87,r/Eyebleach,2,2018-05-16 21:26:09,0,4,348,0
8jwi31,2018-05-16 16:54:09,87,r/Eyebleach,2,2018-05-16 22:01:06,1,0,38,0
8jwi31,2018-05-16 16:54:09,87,r/Eyebleach,2,2018-05-16 22:06:33,1,0,10,0
8jwi31,2018-05-16 16:54:09,87,r/Eyebleach,2,2018-05-16 22:35:14,1,0,4,0
8jwi31,2018-05-16 16:54:09,87,r/Eyebleach,2,2018-05-17 04:41:53,1,0,1,0
8jwi31,2018-05-16 16:54:09,87,r/Eyebleach,3,2018-05-16 17:55:17,0,1,466,0
8jwi31,2018-05-16 16:54:09,87,r/Eyebleach,3,2018-05-16 21:52:08,1,0,46,0
8jwi31,2018-05-16 16:54:09,87,r/Eyebleach,4,2018-05-16 17:25:07,0,2,230,0
8jwi31,2018-05-16 16:54:09,87,r/Eyebleach,4,2018-05-16 17:41:38,1,4,142,0
8jwi31,2018-05-16 16:54:09,87,r/Eyebleach,4,2018-05-16 21:41:26,2,1,29,0
8jwi31,2018-05-16 16:54:09,87,r/Eyebleach,4,2018-05-16 22:58:20,3,0,3,0
8jwi31,2018-05-16 16:54:09,87,r/Eyebleach,4,2018-05-16 20:44:05,2,0,8,0
8jwi31,2018-05-16 16:54:09,87,r/Eyebleach,4,2018-05-17 00:57:46,2,1,2,0
8jwi31,2018-05-16 16:54:09,87,r/Eyebleach,4,2018-05-17 01:07:02,3,0,2,0
8jwi31,2018-05-16 16:54:09,87,r/Eyebleach,4,2018-05-16 23:51:49,2,0,1,0
8jwi31,2018-05-16 16:54:09,87,r/Eyebleach,4,2018-05-16 22:48:09,1,0,5,0
8jwi31,2018-05-16 16:54:09,87,r/Eyebleach,5,2018-05-16 19:07:51,0,0,98,0
8jwi31,2018-05-16 16:54:09,87,r/Eyebleach,6,2018-05-16 20:32:20,0,2,88,0
8jwi31,2018-05-16 16:54:09,87,r/Eyebleach,6,2018-05-16 22:16:06,1,5,105,0
8jwi31,2018-05-16 16:54:09,87,r/Eyebleach,6,2018-05-16 22:23:53,2,1,37,0
8jwi31,2018-05-16 16:54:09,87,r/Eyebleach,6,2018-05-17 01:46:31,3,0,6,0
8jwi31,2018-05-16 16:54:09,87,r/Eyebleach,6,2018-05-16 23:19:53,2,0,17,0
8jwi31,2018-05-16 16:54:09,87,r/Eyebleach,6,2018-05-16 23:11:49,2,0,8,0
8jwi31,2018-05-16 16:54:09,87,r/Eyebleach,6,2018-05-16 23:22:43,2,0,1,0
8jwi31,2018-05-16 16:54:09,87,r/Eyebleach,6,2018-05-17 01:41:51,2,0,1,0
8jwi31,2018-05-16 16:54:09,87,r/Eyebleach,6,2018-05-17 00:03:23,1,0,13,0
8jwi31,2018-05-16 16:54:09,87,r/Eyebleach,7,2018-05-16 17:23:15,0,6,162,0
8jwi31,2018-05-16 16:54:09,87,r/Eyebleach,7,2018-05-16 18:35:58,1,3,190,0
8jwi31,2018-05-16 16:54:09,87,r/Eyebleach,7,2018-05-16 20:05:43,2,0,67,0
8jwi31,2018-05-16 16:54:09,87,r/Eyebleach,7,2018-05-16 22:01:18,2,0,47,0
8jwi31,2018-05-16 16:54:09,87,r/Eyebleach,7,2018-05-16 20:08:48,2,1,32,0
8jwi31,2018-05-16 16:54:09,87,r/Eyebleach,7,2018-05-16 20:55:58,3,0,11,0
8jwi31,2018-05-16 16:54:09,87,r/Eyebleach,7,2018-05-16 21:58:32,1,6,67,0
8jwi31,2018-05-16 16:54:09,87,r/Eyebleach,7,2018-05-16 22:08:48,2,0,26,0
8jwi31,2018-05-16 16:54:09,87,r/Eyebleach,7,2018-05-16 22:10:44,2,1,15,0
8jwi31,2018-05-16 16:54:09,87,r/Eyebleach,7,2018-05-16 22:24:41,3,1,16,0
8jwi31,2018-05-16 16:54:09,87,r/Eyebleach,7,2018-05-16 23:20:55,4,1,8,0
8jwi31,2018-05-16 16:54:09,87,r/Eyebleach,7,2018-05-16 23:31:47,5,0,1,0
8jwi31,2018-05-16 16:54:09,87,r/Eyebleach,7,2018-05-16 22:14:01,2,1,12,0
8jwi31,2018-05-16 16:54:09,87,r/Eyebleach,7,2018-05-16 22:29:49,3,1,5,0
8jwi31,2018-05-16 16:54:09,87,r/Eyebleach,7,2018-05-16 22:31:13,4,1,3,0
8jwi31,2018-05-16 16:54:09,87,r/Eyebleach,7,2018-05-16 22:31:53,5,0,1,0
8jwi31,2018-05-16 16:54:09,87,r/Eyebleach,7,2018-05-17 01:08:43,2,0,2,0
8jwi31,2018-05-16 16:54:09,87,r/Eyebleach,7,2018-05-17 01:10:46,2,0,1,0
8jwi31,2018-05-16 16:54:09,87,r/Eyebleach,7,2018-05-17 02:33:11,2,0,1,0
8jwi31,2018-05-16 16:54:09,87,r/Eyebleach,7,2018-05-16 22:06:27,1,0,5,0
8jwi31,2018-05-16 16:54:09,87,r/Eyebleach,7,2018-05-16 22:34:50,1,0,1,0
8jwi31,2018-05-16 16:54:09,87,r/Eyebleach,7,2018-05-16 22:55:32,1,0,1,0
8jwi31,2018-05-16 16:54:09,87,r/Eyebleach,7,2018-05-16 23:01:15,1,0,1,0
8jwi31,2018-05-16 16:54:09,87,r/Eyebleach,8,2018-05-16 18:00:50,0,1,42,0
8jwi31,2018-05-16 16:54:09,87,r/Eyebleach,8,2018-05-16 19:47:32,1,1,49,0
8jwi31,2018-05-16 16:54:09,87,r/Eyebleach,8,2018-05-16 21:19:20,2,0,14,0
8jwi31,2018-05-16 16:54:09,87,r/Eyebleach,9,2018-05-16 18:06:10,0,1,28,0
8jwi31,2018-05-16 16:54:09,87,r/Eyebleach,9,2018-05-16 18:17:32,1,0,8,0
8jwi31,2018-05-16 16:54:09,87,r/Eyebleach,10,2018-05-16 18:39:58,0,0,75,0
8jwi31,2018-05-16 16:54:09,87,r/Eyebleach,11,2018-05-16 20:36:37,0,0,17,0
8jwi31,2018-05-16 16:54:09,87,r/Eyebleach,12,2018-05-16 16:56:07,0,0,44,0
8jwi31,2018-05-16 16:54:09,87,r/Eyebleach,13,2018-05-16 21:22:09,0,1,13,0
8jwi31,2018-05-16 16:54:09,87,r/Eyebleach,13,2018-05-16 21:45:25,1,1,10,0
8jwi31,2018-05-16 16:54:09,87,r/Eyebleach,13,2018-05-16 21:48:56,2,3,2,0
8jwi31,2018-05-16 16:54:09,87,r/Eyebleach,13,2018-05-16 22:18:04,3,0,3,0
8jwi31,2018-05-16 16:54:09,87,r/Eyebleach,13,2018-05-16 22:20:54,3,0,2,0
8jwi31,2018-05-16 16:54:09,87,r/Eyebleach,13,2018-05-16 22:21:05,3,0,1,0
8jwi31,2018-05-16 16:54:09,87,r/Eyebleach,14,2018-05-16 19:53:05,0,0,10,0
8jwi31,2018-05-16 16:54:09,87,r/Eyebleach,15,2018-05-16 20:30:17,0,1,9,0
8jwi31,2018-05-16 16:54:09,87,r/Eyebleach,15,2018-05-16 23:11:54,1,0,1,0
8jwi31,2018-05-16 16:54:09,87,r/Eyebleach,16,2018-05-16 21:11:14,0,0,8,0
8jwi31,2018-05-16 16:54:09,87,r/Eyebleach,17,2018-05-16 20:14:50,0,0,6,0
8jwi31,2018-05-16 16:54:09,87,r/Eyebleach,18,2018-05-16 21:00:45,0,0,6,0
8jwi31,2018-05-16 16:54:09,87,r/Eyebleach,19,2018-05-16 21:52:13,0,1,3,0
8jwi31,2018-05-16 16:54:09,87,r/Eyebleach,19,2018-05-16 23:18:48,1,0,1,0
8jwi31,2018-05-16 16:54:09,87,r/Eyebleach,20,2018-05-16 22:01:24,0,0,5,0
8jwi31,2018-05-16 16:54:09,87,r/Eyebleach,21,2018-05-16 20:22:14,0,0,3,0
8jwi31,2018-05-16 16:54:09,87,r/Eyebleach,22,2018-05-16 20:24:53,0,0,3,0
8jwi31,2018-05-16 16:54:09,87,r/Eyebleach,23,2018-05-16 20:28:49,0,0,3,0
8jwi31,2018-05-16 16:54:09,87,r/Eyebleach,24,2018-05-16 20:50:52,0,0,3,0
8jwi31,2018-05-16 16:54:09,87,r/Eyebleach,25,2018-05-16 21:05:58,0,0,3,0
8jwi31,2018-05-16 16:54:09,87,r/Eyebleach,26,2018-05-16 21:27:05,0,0,3,0
8jwi31,2018-05-16 16:54:09,87,r/Eyebleach,27,2018-05-16 21:33:21,0,0,3,0
8jwi31,2018-05-16 16:54:09,87,r/Eyebleach,28,2018-05-16 22:09:02,0,0,3,0
8jwi31,2018-05-16 16:54:09,87,r/Eyebleach,29,2018-05-16 22:13:36,0,0,3,0
8jwi31,2018-05-16 16:54:09,87,r/Eyebleach,30,2018-05-16 22:17:52,0,0,3,0
8jwi31,2018-05-16 16:54:09,87,r/Eyebleach,31,2018-05-16 22:57:54,0,1,3,0
8jwi31,2018-05-16 16:54:09,87,r/Eyebleach,31,2018-05-17 00:21:18,1,0,1,0
8jwi31,2018-05-16 16:54:09,87,r/Eyebleach,32,2018-05-16 23:10:38,0,0,3,0
8jwi31,2018-05-16 16:54:09,87,r/Eyebleach,33,2018-05-16 20:26:20,0,0,2,0
8jwi31,2018-05-16 16:54:09,87,r/Eyebleach,34,2018-05-16 20:42:31,0,0,2,0
8jwi31,2018-05-16 16:54:09,87,r/Eyebleach,35,2018-05-16 20:52:33,0,0,2,0
8jwi31,2018-05-16 16:54:09,87,r/Eyebleach,36,2018-05-16 20:58:06,0,0,2,0
8jwi31,2018-05-16 16:54:09,87,r/Eyebleach,37,2018-05-16 21:30:26,0,0,2,0
8jwi31,2018-05-16 16:54:09,87,r/Eyebleach,38,2018-05-16 21:31:15,0,0,2,0
8jwi31,2018-05-16 16:54:09,87,r/Eyebleach,39,2018-05-16 21:31:47,0,0,2,0
8jwi31,2018-05-16 16:54:09,87,r/Eyebleach,40,2018-05-16 21:33:06,0,0,2,0
8jwi31,2018-05-16 16:54:09,87,r/Eyebleach,41,2018-05-16 21:45:38,0,0,2,0
8jwi31,2018-05-16 16:54:09,87,r/Eyebleach,42,2018-05-16 21:46:24,0,0,2,0
8jwi31,2018-05-16 16:54:09,87,r/Eyebleach,43,2018-05-16 21:47:14,0,0,2,0
8jwi31,2018-05-16 16:54:09,87,r/Eyebleach,44,2018-05-16 21:51:46,0,0,2,0
8jwi31,2018-05-16 16:54:09,87,r/Eyebleach,45,2018-05-16 21:56:26,0,0,2,0
8jwi31,2018-05-16 16:54:09,87,r/Eyebleach,46,2018-05-16 21:59:02,0,0,2,0
8jwi31,2018-05-16 16:54:09,87,r/Eyebleach,47,2018-05-16 22:01:14,0,0,2,0
8jwi31,2018-05-16 16:54:09,87,r/Eyebleach,48,2018-05-16 22:02:02,0,0,2,0
8jwi31,2018-05-16 16:54:09,87,r/Eyebleach,49,2018-05-16 22:22:16,0,0,2,0
8jwi31,2018-05-16 16:54:09,87,r/Eyebleach,50,2018-05-16 22:23:13,0,0,2,0
8jwi31,2018-05-16 16:54:09,87,r/Eyebleach,51,2018-05-16 22:25:30,0,0,2,0
8jwi31,2018-05-16 16:54:09,87,r/Eyebleach,52,2018-05-16 22:27:28,0,0,2,0
8jwi31,2018-05-16 16:54:09,87,r/Eyebleach,53,2018-05-16 22:42:20,0,0,2,0
8jwi31,2018-05-16 16:54:09,87,r/Eyebleach,54,2018-05-16 22:54:48,0,0,2,0
8jwi31,2018-05-16 16:54:09,87,r/Eyebleach,55,2018-05-16 22:57:50,0,0,2,0
8jwi31,2018-05-16 16:54:09,87,r/Eyebleach,56,2018-05-16 22:58:48,0,0,2,0
8jwi31,2018-05-16 16:54:09,87,r/Eyebleach,57,2018-05-16 23:02:13,0,0,2,0
8jwi31,2018-05-16 16:54:09,87,r/Eyebleach,58,2018-05-16 23:04:14,0,0,2,0
8jwi31,2018-05-16 16:54:09,87,r/Eyebleach,59,2018-05-16 23:08:51,0,0,2,0
8jwi31,2018-05-16 16:54:09,87,r/Eyebleach,60,2018-05-16 23:21:51,0,0,2,0
8jwi31,2018-05-16 16:54:09,87,r/Eyebleach,61,2018-05-16 23:26:18,0,0,2,0
8jwi31,2018-05-16 16:54:09,87,r/Eyebleach,62,2018-05-16 23:26:50,0,0,2,0
8jwi31,2018-05-16 16:54:09,87,r/Eyebleach,63,2018-05-16 23:42:40,0,0,2,0
8jwi31,2018-05-16 16:54:09,87,r/Eyebleach,64,2018-05-16 23:47:07,0,0,2,0
8jwi31,2018-05-16 16:54:09,87,r/Eyebleach,65,2018-05-16 23:47:17,0,0,2,0
8jwi31,2018-05-16 16:54:09,87,r/Eyebleach,66,2018-05-16 23:49:51,0,0,2,0
8jwi31,2018-05-16 16:54:09,87,r/Eyebleach,67,2018-05-17 00:34:43,0,0,2,0
8jwi31,2018-05-16 16:54:09,87,r/Eyebleach,68,2018-05-17 01:03:46,0,0,2,0
8jwi31,2018-05-16 16:54:09,87,r/Eyebleach,69,2018-05-17 03:16:37,0,0,2,0
8jwi31,2018-05-16 16:54:09,87,r/Eyebleach,70,2018-05-16 20:19:06,0,0,2,0
8jwi31,2018-05-16 16:54:09,87,r/Eyebleach,71,2018-05-16 20:27:39,0,0,2,0
8jwi31,2018-05-16 16:54:09,87,r/Eyebleach,72,2018-05-16 20:34:40,0,0,2,0
8jwi31,2018-05-16 16:54:09,87,r/Eyebleach,73,2018-05-16 16:59:06,0,0,2,0
8jwi31,2018-05-16 16:54:09,87,r/Eyebleach,74,2018-05-16 20:45:18,0,0,1,0
8jwi31,2018-05-16 16:54:09,87,r/Eyebleach,75,2018-05-16 20:54:30,0,0,1,0
8jwi31,2018-05-16 16:54:09,87,r/Eyebleach,76,2018-05-16 20:55:35,0,0,1,0
8jwi31,2018-05-16 16:54:09,87,r/Eyebleach,77,2018-05-16 21:07:19,0,0,1,0
8jwi31,2018-05-16 16:54:09,87,r/Eyebleach,78,2018-05-16 21:23:58,0,0,1,0
8jwi31,2018-05-16 16:54:09,87,r/Eyebleach,79,2018-05-16 21:26:51,0,0,1,0
8jwi31,2018-05-16 16:54:09,87,r/Eyebleach,80,2018-05-16 21:27:09,0,0,1,0
8jwi31,2018-05-16 16:54:09,87,r/Eyebleach,81,2018-05-16 21:30:20,0,0,1,0
8jwi31,2018-05-16 16:54:09,87,r/Eyebleach,82,2018-05-16 21:34:38,0,0,1,0
8jwi31,2018-05-16 16:54:09,87,r/Eyebleach,83,2018-05-16 21:36:39,0,0,1,0
8jwi31,2018-05-16 16:54:09,87,r/Eyebleach,84,2018-05-16 21:39:26,0,0,1,0
8jwi31,2018-05-16 16:54:09,87,r/Eyebleach,85,2018-05-16 21:42:20,0,0,1,0
8jwi31,2018-05-16 16:54:09,87,r/Eyebleach,86,2018-05-16 21:44:54,0,0,1,0
8jwi31,2018-05-16 16:54:09,87,r/Eyebleach,87,2018-05-16 21:54:22,0,0,1,0
8jwi31,2018-05-16 16:54:09,87,r/Eyebleach,88,2018-05-16 21:57:26,0,0,1,0
8jwi31,2018-05-16 16:54:09,87,r/Eyebleach,89,2018-05-16 22:06:59,0,0,1,0
8jwi31,2018-05-16 16:54:09,87,r/Eyebleach,90,2018-05-16 22:11:26,0,0,1,0
8jwi31,2018-05-16 16:54:09,87,r/Eyebleach,91,2018-05-16 22:40:21,0,0,1,0
8jwi31,2018-05-16 16:54:09,87,r/Eyebleach,92,2018-05-16 22:42:08,0,0,1,0
8jwi31,2018-05-16 16:54:09,87,r/Eyebleach,93,2018-05-16 22:42:39,0,0,1,0
8jwi31,2018-05-16 16:54:09,87,r/Eyebleach,94,2018-05-16 22:44:02,0,0,1,0
8jwi31,2018-05-16 16:54:09,87,r/Eyebleach,95,2018-05-16 23:16:21,0,0,1,0
8jwi31,2018-05-16 16:54:09,87,r/Eyebleach,96,2018-05-16 23:18:28,0,0,1,0
8jwi31,2018-05-16 16:54:09,87,r/Eyebleach,97,2018-05-16 23:19:41,0,0,1,0
8jwi31,2018-05-16 16:54:09,87,r/Eyebleach,98,2018-05-16 23:26:59,0,0,1,0
8jwi31,2018-05-16 16:54:09,87,r/Eyebleach,99,2018-05-16 23:27:22,0,0,1,0
8jwi31,2018-05-16 16:54:09,87,r/Eyebleach,100,2018-05-16 23:46:57,0,0,1,0
8jwi31,2018-05-16 16:54:09,87,r/Eyebleach,101,2018-05-16 23:47:16,0,0,1,0
8jwi31,2018-05-16 16:54:09,87,r/Eyebleach,102,2018-05-17 00:01:42,0,0,1,0
8jwi31,2018-05-16 16:54:09,87,r/Eyebleach,103,2018-05-17 00:06:39,0,0,1,0
8jwi31,2018-05-16 16:54:09,87,r/Eyebleach,104,2018-05-17 00:11:46,0,0,1,0
8jwi31,2018-05-16 16:54:09,87,r/Eyebleach,105,2018-05-17 00:19:36,0,0,1,0
8jwi31,2018-05-16 16:54:09,87,r/Eyebleach,106,2018-05-17 00:30:36,0,0,1,0
8jwi31,2018-05-16 16:54:09,87,r/Eyebleach,107,2018-05-17 00:38:44,0,0,1,0
8jwi31,2018-05-16 16:54:09,87,r/Eyebleach,108,2018-05-17 00:42:44,0,0,1,0
8jwi31,2018-05-16 16:54:09,87,r/Eyebleach,109,2018-05-17 00:48:51,0,0,1,0
8jwi31,2018-05-16 16:54:09,87,r/Eyebleach,110,2018-05-17 00:53:10,0,0,1,0
8jwi31,2018-05-16 16:54:09,87,r/Eyebleach,111,2018-05-17 01:00:59,0,0,1,0
8jwi31,2018-05-16 16:54:09,87,r/Eyebleach,112,2018-05-17 01:02:36,0,0,1,0
8jwi31,2018-05-16 16:54:09,87,r/Eyebleach,113,2018-05-17 01:06:21,0,0,1,0
8jwi31,2018-05-16 16:54:09,87,r/Eyebleach,114,2018-05-17 01:12:42,0,0,1,0
8jwi31,2018-05-16 16:54:09,87,r/Eyebleach,115,2018-05-17 01:13:00,0,0,1,0
8jwi31,2018-05-16 16:54:09,87,r/Eyebleach,116,2018-05-17 01:18:35,0,0,1,0
8jwi31,2018-05-16 16:54:09,87,r/Eyebleach,117,2018-05-17 01:30:33,0,0,1,0
8jwi31,2018-05-16 16:54:09,87,r/Eyebleach,118,2018-05-17 01:45:49,0,0,1,0
8jwi31,2018-05-16 16:54:09,87,r/Eyebleach,119,2018-05-17 01:45:50,0,0,1,0
8jwi31,2018-05-16 16:54:09,87,r/Eyebleach,120,2018-05-17 01:48:20,0,0,1,0
8jwi31,2018-05-16 16:54:09,87,r/Eyebleach,121,2018-05-17 02:12:00,0,1,1,0
8jwi31,2018-05-16 16:54:09,87,r/Eyebleach,121,2018-05-17 05:17:35,1,0,1,0
8jwi31,2018-05-16 16:54:09,87,r/Eyebleach,122,2018-05-17 02:21:05,0,0,1,0
8jwi31,2018-05-16 16:54:09,87,r/Eyebleach,123,2018-05-17 02:26:16,0,0,1,0
8jwi31,2018-05-16 16:54:09,87,r/Eyebleach,124,2018-05-17 02:33:54,0,0,1,0
8jwi31,2018-05-16 16:54:09,87,r/Eyebleach,125,2018-05-17 02:35:05,0,0,1,0
8jwi31,2018-05-16 16:54:09,87,r/Eyebleach,126,2018-05-17 02:42:48,0,0,1,0
8jwi31,2018-05-16 16:54:09,87,r/Eyebleach,127,2018-05-17 03:00:25,0,1,1,0
8jwi31,2018-05-16 16:54:09,87,r/Eyebleach,127,2018-05-17 05:17:24,1,0,1,0
8jwi31,2018-05-16 16:54:09,87,r/Eyebleach,128,2018-05-17 03:03:04,0,0,1,0
8jwi31,2018-05-16 16:54:09,87,r/Eyebleach,129,2018-05-17 03:15:20,0,0,1,0
8jwi31,2018-05-16 16:54:09,87,r/Eyebleach,130,2018-05-17 04:20:00,0,1,1,0
8jwi31,2018-05-16 16:54:09,87,r/Eyebleach,130,2018-05-17 05:17:06,1,0,1,0
8jwi31,2018-05-16 16:54:09,87,r/Eyebleach,131,2018-05-17 04:20:28,0,0,1,0
8jwi31,2018-05-16 16:54:09,87,r/Eyebleach,132,2018-05-17 04:21:39,0,0,1,0
8jwi31,2018-05-16 16:54:09,87,r/Eyebleach,133,2018-05-17 04:27:32,0,0,1,0
8jwi31,2018-05-16 16:54:09,87,r/Eyebleach,134,2018-05-17 04:38:13,0,1,1,0
8jwi31,2018-05-16 16:54:09,87,r/Eyebleach,134,2018-05-17 05:16:43,1,0,1,0
8jwi31,2018-05-16 16:54:09,87,r/Eyebleach,135,2018-05-17 05:16:47,0,0,1,0
8jwi31,2018-05-16 16:54:09,87,r/Eyebleach,136,2018-05-16 21:09:53,0,0,1,0
8jwi31,2018-05-16 16:54:09,87,r/Eyebleach,137,2018-05-16 21:45:44,0,0,1,0
8jwi31,2018-05-16 16:54:09,87,r/Eyebleach,138,2018-05-16 21:50:42,0,0,1,0
8jwi31,2018-05-16 16:54:09,87,r/Eyebleach,139,2018-05-16 22:51:46,0,0,1,0
8jwi31,2018-05-16 16:54:09,87,r/Eyebleach,140,2018-05-17 00:20:05,0,0,1,0
8jwi31,2018-05-16 16:54:09,87,r/Eyebleach,141,2018-05-16 18:47:09,0,0,-1,0
8jzl7f,2018-05-16 23:37:23,88,r/evilbuildings,0,2018-05-16 23:50:35,0,1,50,0
8jzl7f,2018-05-16 23:37:23,88,r/evilbuildings,0,2018-05-17 05:09:03,1,0,1,0
8jzl7f,2018-05-16 23:37:23,88,r/evilbuildings,1,2018-05-17 00:26:11,0,2,16,0
8jzl7f,2018-05-16 23:37:23,88,r/evilbuildings,1,2018-05-17 00:30:05,1,0,6,0
8jzl7f,2018-05-16 23:37:23,88,r/evilbuildings,1,2018-05-17 04:20:22,1,0,1,0
8jzl7f,2018-05-16 23:37:23,88,r/evilbuildings,2,2018-05-17 00:23:55,0,2,9,0
8jzl7f,2018-05-16 23:37:23,88,r/evilbuildings,2,2018-05-17 03:24:48,1,0,2,0
8jzl7f,2018-05-16 23:37:23,88,r/evilbuildings,2,2018-05-17 04:41:53,1,0,1,0
8jzl7f,2018-05-16 23:37:23,88,r/evilbuildings,3,2018-05-17 01:23:18,0,0,5,0
8jzl7f,2018-05-16 23:37:23,88,r/evilbuildings,4,2018-05-17 01:10:24,0,0,8,0
8jzl7f,2018-05-16 23:37:23,88,r/evilbuildings,5,2018-05-17 02:05:39,0,0,2,0
8jzl7f,2018-05-16 23:37:23,88,r/evilbuildings,6,2018-05-17 03:27:20,0,0,1,0
8jzl7f,2018-05-16 23:37:23,88,r/evilbuildings,7,2018-05-17 03:44:59,0,0,1,0
8jzl7f,2018-05-16 23:37:23,88,r/evilbuildings,8,2018-05-17 04:08:36,0,0,1,0
8jzl7f,2018-05-16 23:37:23,88,r/evilbuildings,9,2018-05-17 04:09:27,0,0,1,0
8jzl7f,2018-05-16 23:37:23,88,r/evilbuildings,10,2018-05-17 04:20:21,0,0,1,0
8jzl7f,2018-05-16 23:37:23,88,r/evilbuildings,11,2018-05-17 04:59:20,0,1,0,0
8jzl7f,2018-05-16 23:37:23,88,r/evilbuildings,11,2018-05-17 04:59:23,1,0,1,0
8jxvet,2018-05-16 19:43:45,89,r/EngineeringPorn,0,2018-05-16 21:04:50,0,7,369,0
8jxvet,2018-05-16 19:43:45,89,r/EngineeringPorn,0,2018-05-16 21:06:30,1,4,549,0
8jxvet,2018-05-16 19:43:45,89,r/EngineeringPorn,0,2018-05-16 21:32:04,2,4,179,0
8jxvet,2018-05-16 19:43:45,89,r/EngineeringPorn,0,2018-05-16 21:34:16,3,2,152,0
8jxvet,2018-05-16 19:43:45,89,r/EngineeringPorn,0,2018-05-17 01:29:55,4,6,98,0
8jxvet,2018-05-16 19:43:45,89,r/EngineeringPorn,0,2018-05-17 01:39:47,5,1,67,0
8jxvet,2018-05-16 19:43:45,89,r/EngineeringPorn,0,2018-05-17 01:49:14,6,0,23,0
8jxvet,2018-05-16 19:43:45,89,r/EngineeringPorn,0,2018-05-17 01:39:27,5,0,16,0
8jxvet,2018-05-16 19:43:45,89,r/EngineeringPorn,0,2018-05-17 01:40:58,5,0,1,0
8jxvet,2018-05-16 19:43:45,89,r/EngineeringPorn,0,2018-05-17 03:19:00,5,0,1,0
8jxvet,2018-05-16 19:43:45,89,r/EngineeringPorn,0,2018-05-17 03:29:15,5,0,1,0
8jxvet,2018-05-16 19:43:45,89,r/EngineeringPorn,0,2018-05-17 01:59:17,5,0,0,0
8jxvet,2018-05-16 19:43:45,89,r/EngineeringPorn,0,2018-05-17 05:04:07,4,0,1,0
8jxvet,2018-05-16 19:43:45,89,r/EngineeringPorn,0,2018-05-17 02:21:21,3,0,25,0
8jxvet,2018-05-16 19:43:45,89,r/EngineeringPorn,0,2018-05-16 21:36:33,3,1,-4,0
8jxvet,2018-05-16 19:43:45,89,r/EngineeringPorn,0,2018-05-16 21:38:58,4,1,8,0
8jxvet,2018-05-16 19:43:45,89,r/EngineeringPorn,0,2018-05-16 21:51:09,5,0,10,0
8jxvet,2018-05-16 19:43:45,89,r/EngineeringPorn,0,2018-05-17 02:15:34,3,1,-12,0
8jxvet,2018-05-16 19:43:45,89,r/EngineeringPorn,0,2018-05-17 02:46:06,4,2,8,0
8jxvet,2018-05-16 19:43:45,89,r/EngineeringPorn,0,2018-05-17 03:42:57,5,0,2,0
8jxvet,2018-05-16 19:43:45,89,r/EngineeringPorn,0,2018-05-17 04:39:52,5,0,1,0
8jxvet,2018-05-16 19:43:45,89,r/EngineeringPorn,0,2018-05-17 01:13:36,2,1,73,0
8jxvet,2018-05-16 19:43:45,89,r/EngineeringPorn,0,2018-05-17 01:31:55,3,3,73,0
8jxvet,2018-05-16 19:43:45,89,r/EngineeringPorn,0,2018-05-17 02:10:04,4,1,10,0
8jxvet,2018-05-16 19:43:45,89,r/EngineeringPorn,0,2018-05-17 04:25:34,5,0,-1,0
8jxvet,2018-05-16 19:43:45,89,r/EngineeringPorn,0,2018-05-17 03:45:59,4,0,2,0
8jxvet,2018-05-16 19:43:45,89,r/EngineeringPorn,0,2018-05-17 01:45:33,4,0,1,0
8jxvet,2018-05-16 19:43:45,89,r/EngineeringPorn,0,2018-05-17 00:08:40,2,1,3,0
8jxvet,2018-05-16 19:43:45,89,r/EngineeringPorn,0,2018-05-17 00:21:25,3,1,9,0
8jxvet,2018-05-16 19:43:45,89,r/EngineeringPorn,0,2018-05-17 00:47:52,4,0,3,0
8jxvet,2018-05-16 19:43:45,89,r/EngineeringPorn,0,2018-05-17 03:03:43,2,0,1,0
8jxvet,2018-05-16 19:43:45,89,r/EngineeringPorn,0,2018-05-16 21:08:11,1,3,68,0
8jxvet,2018-05-16 19:43:45,89,r/EngineeringPorn,0,2018-05-16 21:26:31,2,3,89,0
8jxvet,2018-05-16 19:43:45,89,r/EngineeringPorn,0,2018-05-16 21:29:53,3,2,30,0
8jxvet,2018-05-16 19:43:45,89,r/EngineeringPorn,0,2018-05-16 22:33:42,4,1,28,0
8jxvet,2018-05-16 19:43:45,89,r/EngineeringPorn,0,2018-05-17 00:32:51,5,1,11,0
8jxvet,2018-05-16 19:43:45,89,r/EngineeringPorn,0,2018-05-17 03:30:55,6,0,4,0
8jxvet,2018-05-16 19:43:45,89,r/EngineeringPorn,0,2018-05-16 23:41:10,4,0,4,0
8jxvet,2018-05-16 19:43:45,89,r/EngineeringPorn,0,2018-05-16 22:54:00,3,4,17,0
8jxvet,2018-05-16 19:43:45,89,r/EngineeringPorn,0,2018-05-16 23:33:49,4,1,12,0
8jxvet,2018-05-16 19:43:45,89,r/EngineeringPorn,0,2018-05-17 03:18:49,5,0,1,0
8jxvet,2018-05-16 19:43:45,89,r/EngineeringPorn,0,2018-05-17 01:15:54,4,3,5,0
8jxvet,2018-05-16 19:43:45,89,r/EngineeringPorn,0,2018-05-17 01:19:45,5,1,3,0
8jxvet,2018-05-16 19:43:45,89,r/EngineeringPorn,0,2018-05-17 02:25:05,6,0,7,0
8jxvet,2018-05-16 19:43:45,89,r/EngineeringPorn,0,2018-05-17 01:41:49,5,0,1,0
8jxvet,2018-05-16 19:43:45,89,r/EngineeringPorn,0,2018-05-17 01:54:02,5,2,1,0
8jxvet,2018-05-16 19:43:45,89,r/EngineeringPorn,0,2018-05-17 02:04:14,6,0,3,0
8jxvet,2018-05-16 19:43:45,89,r/EngineeringPorn,0,2018-05-17 02:23:06,6,0,2,0
8jxvet,2018-05-16 19:43:45,89,r/EngineeringPorn,0,2018-05-16 23:42:39,4,1,12,0
8jxvet,2018-05-16 19:43:45,89,r/EngineeringPorn,0,2018-05-16 23:56:10,5,0,-3,0
8jxvet,2018-05-16 19:43:45,89,r/EngineeringPorn,0,2018-05-16 23:35:44,4,1,9,0
8jxvet,2018-05-16 19:43:45,89,r/EngineeringPorn,0,2018-05-17 00:19:41,5,0,2,0
8jxvet,2018-05-16 19:43:45,89,r/EngineeringPorn,0,2018-05-16 23:43:50,3,0,-3,0
8jxvet,2018-05-16 19:43:45,89,r/EngineeringPorn,0,2018-05-16 21:20:31,2,0,16,0
8jxvet,2018-05-16 19:43:45,89,r/EngineeringPorn,0,2018-05-16 21:20:43,2,0,8,0
8jxvet,2018-05-16 19:43:45,89,r/EngineeringPorn,0,2018-05-16 22:58:50,1,1,14,0
8jxvet,2018-05-16 19:43:45,89,r/EngineeringPorn,0,2018-05-17 01:52:22,2,2,1,0
8jxvet,2018-05-16 19:43:45,89,r/EngineeringPorn,0,2018-05-17 01:58:40,3,1,2,0
8jxvet,2018-05-16 19:43:45,89,r/EngineeringPorn,0,2018-05-17 01:59:04,4,0,3,0
8jxvet,2018-05-16 19:43:45,89,r/EngineeringPorn,0,2018-05-17 03:06:21,3,0,1,0
8jxvet,2018-05-16 19:43:45,89,r/EngineeringPorn,0,2018-05-16 23:38:24,1,0,10,0
8jxvet,2018-05-16 19:43:45,89,r/EngineeringPorn,0,2018-05-17 00:10:36,1,0,2,0
8jxvet,2018-05-16 19:43:45,89,r/EngineeringPorn,0,2018-05-17 02:37:06,1,0,1,0
8jxvet,2018-05-16 19:43:45,89,r/EngineeringPorn,0,2018-05-17 03:39:26,1,0,1,0
8jxvet,2018-05-16 19:43:45,89,r/EngineeringPorn,1,2018-05-16 20:53:07,0,5,96,0
8jxvet,2018-05-16 19:43:45,89,r/EngineeringPorn,1,2018-05-16 20:58:09,1,4,158,0
8jxvet,2018-05-16 19:43:45,89,r/EngineeringPorn,1,2018-05-16 21:00:30,2,1,37,0
8jxvet,2018-05-16 19:43:45,89,r/EngineeringPorn,1,2018-05-16 21:18:24,3,1,32,0
8jxvet,2018-05-16 19:43:45,89,r/EngineeringPorn,1,2018-05-16 21:20:28,4,0,32,0
8jxvet,2018-05-16 19:43:45,89,r/EngineeringPorn,1,2018-05-16 21:32:25,2,6,14,0
8jxvet,2018-05-16 19:43:45,89,r/EngineeringPorn,1,2018-05-16 21:38:11,3,2,58,0
8jxvet,2018-05-16 19:43:45,89,r/EngineeringPorn,1,2018-05-16 21:53:49,4,4,10,0
8jxvet,2018-05-16 19:43:45,89,r/EngineeringPorn,1,2018-05-16 21:58:09,5,4,34,0
8jxvet,2018-05-16 19:43:45,89,r/EngineeringPorn,1,2018-05-17 00:54:15,6,0,16,0
8jxvet,2018-05-16 19:43:45,89,r/EngineeringPorn,1,2018-05-17 02:38:28,6,1,6,0
8jxvet,2018-05-16 19:43:45,89,r/EngineeringPorn,1,2018-05-17 03:10:37,7,0,3,0
8jxvet,2018-05-16 19:43:45,89,r/EngineeringPorn,1,2018-05-17 03:16:03,6,0,1,0
8jxvet,2018-05-16 19:43:45,89,r/EngineeringPorn,1,2018-05-17 00:02:26,6,1,-3,0
8jxvet,2018-05-16 19:43:45,89,r/EngineeringPorn,1,2018-05-17 00:34:30,7,1,22,0
8jxvet,2018-05-16 19:43:45,89,r/EngineeringPorn,1,2018-05-17 03:17:05,8,0,1,0
8jxvet,2018-05-16 19:43:45,89,r/EngineeringPorn,1,2018-05-17 02:15:42,5,2,9,0
8jxvet,2018-05-16 19:43:45,89,r/EngineeringPorn,1,2018-05-17 02:15:48,6,0,4,0
8jxvet,2018-05-16 19:43:45,89,r/EngineeringPorn,1,2018-05-17 02:58:19,6,0,2,0
8jxvet,2018-05-16 19:43:45,89,r/EngineeringPorn,1,2018-05-17 03:27:57,5,0,4,0
8jxvet,2018-05-16 19:43:45,89,r/EngineeringPorn,1,2018-05-16 22:39:23,5,1,9,0
8jxvet,2018-05-16 19:43:45,89,r/EngineeringPorn,1,2018-05-16 22:39:29,6,0,6,0
8jxvet,2018-05-16 19:43:45,89,r/EngineeringPorn,1,2018-05-17 01:44:07,4,0,1,0
8jxvet,2018-05-16 19:43:45,89,r/EngineeringPorn,1,2018-05-16 21:52:24,3,1,4,0
8jxvet,2018-05-16 19:43:45,89,r/EngineeringPorn,1,2018-05-16 23:22:10,4,0,6,0
8jxvet,2018-05-16 19:43:45,89,r/EngineeringPorn,1,2018-05-16 22:31:36,3,1,3,0
8jxvet,2018-05-16 19:43:45,89,r/EngineeringPorn,1,2018-05-17 03:23:00,4,0,2,0
8jxvet,2018-05-16 19:43:45,89,r/EngineeringPorn,1,2018-05-17 00:49:34,3,0,1,0
8jxvet,2018-05-16 19:43:45,89,r/EngineeringPorn,1,2018-05-17 02:08:14,3,0,1,0
8jxvet,2018-05-16 19:43:45,89,r/EngineeringPorn,1,2018-05-17 03:07:22,3,0,1,0
8jxvet,2018-05-16 19:43:45,89,r/EngineeringPorn,1,2018-05-17 02:53:54,2,0,1,0
8jxvet,2018-05-16 19:43:45,89,r/EngineeringPorn,1,2018-05-17 03:46:28,2,0,0,0
8jxvet,2018-05-16 19:43:45,89,r/EngineeringPorn,1,2018-05-16 22:52:04,1,1,1,0
8jxvet,2018-05-16 19:43:45,89,r/EngineeringPorn,1,2018-05-17 01:56:28,2,1,1,0
8jxvet,2018-05-16 19:43:45,89,r/EngineeringPorn,1,2018-05-17 01:59:01,3,1,1,0
8jxvet,2018-05-16 19:43:45,89,r/EngineeringPorn,1,2018-05-17 02:03:34,4,2,1,0
8jxvet,2018-05-16 19:43:45,89,r/EngineeringPorn,1,2018-05-17 02:19:01,5,2,3,0
8jxvet,2018-05-16 19:43:45,89,r/EngineeringPorn,1,2018-05-17 02:23:32,6,1,1,0
8jxvet,2018-05-16 19:43:45,89,r/EngineeringPorn,1,2018-05-17 02:30:43,7,0,0,0
8jxvet,2018-05-16 19:43:45,89,r/EngineeringPorn,1,2018-05-17 02:19:13,6,0,-1,0
8jxvet,2018-05-16 19:43:45,89,r/EngineeringPorn,1,2018-05-17 03:03:42,5,0,1,0
8jxvet,2018-05-16 19:43:45,89,r/EngineeringPorn,1,2018-05-16 22:28:36,1,1,3,0
8jxvet,2018-05-16 19:43:45,89,r/EngineeringPorn,1,2018-05-17 00:21:01,2,0,3,0
8jxvet,2018-05-16 19:43:45,89,r/EngineeringPorn,1,2018-05-17 05:00:51,1,0,1,0
8jxvet,2018-05-16 19:43:45,89,r/EngineeringPorn,1,2018-05-16 23:28:14,1,1,-2,0
8jxvet,2018-05-16 19:43:45,89,r/EngineeringPorn,1,2018-05-17 00:51:10,2,1,5,0
8jxvet,2018-05-16 19:43:45,89,r/EngineeringPorn,1,2018-05-17 03:19:17,3,0,1,0
8jxvet,2018-05-16 19:43:45,89,r/EngineeringPorn,2,2018-05-16 21:48:36,0,3,101,0
8jxvet,2018-05-16 19:43:45,89,r/EngineeringPorn,2,2018-05-16 22:57:32,1,7,81,0
8jxvet,2018-05-16 19:43:45,89,r/EngineeringPorn,2,2018-05-16 23:37:27,2,1,28,0
8jxvet,2018-05-16 19:43:45,89,r/EngineeringPorn,2,2018-05-16 23:43:44,3,0,20,0
8jxvet,2018-05-16 19:43:45,89,r/EngineeringPorn,2,2018-05-17 02:43:47,2,1,3,0
8jxvet,2018-05-16 19:43:45,89,r/EngineeringPorn,2,2018-05-17 04:21:44,3,0,1,0
8jxvet,2018-05-16 19:43:45,89,r/EngineeringPorn,2,2018-05-17 02:09:11,2,1,4,0
8jxvet,2018-05-16 19:43:45,89,r/EngineeringPorn,2,2018-05-17 03:02:34,3,1,10,0
8jxvet,2018-05-16 19:43:45,89,r/EngineeringPorn,2,2018-05-17 03:14:28,4,0,4,0
8jxvet,2018-05-16 19:43:45,89,r/EngineeringPorn,2,2018-05-17 02:12:15,2,1,2,0
8jxvet,2018-05-16 19:43:45,89,r/EngineeringPorn,2,2018-05-17 03:15:40,3,0,5,0
8jxvet,2018-05-16 19:43:45,89,r/EngineeringPorn,2,2018-05-17 03:27:46,2,0,1,0
8jxvet,2018-05-16 19:43:45,89,r/EngineeringPorn,2,2018-05-17 04:28:56,2,1,1,0
8jxvet,2018-05-16 19:43:45,89,r/EngineeringPorn,2,2018-05-17 04:56:17,3,0,1,0
8jxvet,2018-05-16 19:43:45,89,r/EngineeringPorn,2,2018-05-17 04:39:17,2,0,1,0
8jxvet,2018-05-16 19:43:45,89,r/EngineeringPorn,2,2018-05-17 00:11:49,1,1,12,0
8jxvet,2018-05-16 19:43:45,89,r/EngineeringPorn,2,2018-05-17 00:41:12,2,1,9,0
8jxvet,2018-05-16 19:43:45,89,r/EngineeringPorn,2,2018-05-17 00:56:26,3,1,8,0
8jxvet,2018-05-16 19:43:45,89,r/EngineeringPorn,2,2018-05-17 03:10:11,4,0,1,0
8jxvet,2018-05-16 19:43:45,89,r/EngineeringPorn,2,2018-05-17 03:11:47,1,0,2,0
8jxvet,2018-05-16 19:43:45,89,r/EngineeringPorn,3,2018-05-17 00:39:01,0,4,46,0
8jxvet,2018-05-16 19:43:45,89,r/EngineeringPorn,3,2018-05-17 03:01:19,1,2,9,0
8jxvet,2018-05-16 19:43:45,89,r/EngineeringPorn,3,2018-05-17 04:17:31,2,0,1,0
8jxvet,2018-05-16 19:43:45,89,r/EngineeringPorn,3,2018-05-17 05:20:42,2,0,1,0
8jxvet,2018-05-16 19:43:45,89,r/EngineeringPorn,3,2018-05-17 03:14:22,1,1,3,0
8jxvet,2018-05-16 19:43:45,89,r/EngineeringPorn,3,2018-05-17 04:49:48,2,0,2,0
8jxvet,2018-05-16 19:43:45,89,r/EngineeringPorn,3,2018-05-17 05:05:33,1,0,1,0
8jxvet,2018-05-16 19:43:45,89,r/EngineeringPorn,3,2018-05-17 05:12:16,1,0,1,0
8jxvet,2018-05-16 19:43:45,89,r/EngineeringPorn,4,2018-05-16 20:32:13,0,2,60,0
8jxvet,2018-05-16 19:43:45,89,r/EngineeringPorn,4,2018-05-16 20:51:11,1,2,45,0
8jxvet,2018-05-16 19:43:45,89,r/EngineeringPorn,4,2018-05-17 02:45:39,2,0,6,0
8jxvet,2018-05-16 19:43:45,89,r/EngineeringPorn,4,2018-05-17 01:15:51,2,0,5,0
8jxvet,2018-05-16 19:43:45,89,r/EngineeringPorn,4,2018-05-17 02:15:09,1,1,3,0
8jxvet,2018-05-16 19:43:45,89,r/EngineeringPorn,4,2018-05-17 02:43:20,2,0,0,0
8jxvet,2018-05-16 19:43:45,89,r/EngineeringPorn,5,2018-05-16 21:16:54,0,1,30,0
8jxvet,2018-05-16 19:43:45,89,r/EngineeringPorn,5,2018-05-16 22:40:31,1,2,1,0
8jxvet,2018-05-16 19:43:45,89,r/EngineeringPorn,5,2018-05-16 23:40:57,2,1,3,0
8jxvet,2018-05-16 19:43:45,89,r/EngineeringPorn,5,2018-05-16 23:49:28,3,0,2,0
8jxvet,2018-05-16 19:43:45,89,r/EngineeringPorn,5,2018-05-16 23:00:04,2,0,1,0
8jxvet,2018-05-16 19:43:45,89,r/EngineeringPorn,6,2018-05-16 21:20:41,0,1,20,0
8jxvet,2018-05-16 19:43:45,89,r/EngineeringPorn,6,2018-05-16 21:32:45,1,3,21,0
8jxvet,2018-05-16 19:43:45,89,r/EngineeringPorn,6,2018-05-16 21:54:53,2,1,9,0
8jxvet,2018-05-16 19:43:45,89,r/EngineeringPorn,6,2018-05-16 22:24:12,3,2,35,0
8jxvet,2018-05-16 19:43:45,89,r/EngineeringPorn,6,2018-05-16 23:59:19,4,0,5,0
8jxvet,2018-05-16 19:43:45,89,r/EngineeringPorn,6,2018-05-17 01:34:47,4,1,4,0
8jxvet,2018-05-16 19:43:45,89,r/EngineeringPorn,6,2018-05-17 01:40:31,5,1,5,0
8jxvet,2018-05-16 19:43:45,89,r/EngineeringPorn,6,2018-05-17 01:59:17,6,0,2,0
8jxvet,2018-05-16 19:43:45,89,r/EngineeringPorn,6,2018-05-16 23:10:57,2,0,3,0
8jxvet,2018-05-16 19:43:45,89,r/EngineeringPorn,6,2018-05-17 02:45:29,2,0,2,0
8jxvet,2018-05-16 19:43:45,89,r/EngineeringPorn,7,2018-05-16 22:51:40,0,0,24,0
8jxvet,2018-05-16 19:43:45,89,r/EngineeringPorn,8,2018-05-16 21:31:13,0,1,15,0
8jxvet,2018-05-16 19:43:45,89,r/EngineeringPorn,8,2018-05-16 21:49:14,1,8,65,0
8jxvet,2018-05-16 19:43:45,89,r/EngineeringPorn,8,2018-05-16 22:35:28,2,0,25,0
8jxvet,2018-05-16 19:43:45,89,r/EngineeringPorn,8,2018-05-16 22:53:53,2,1,17,0
8jxvet,2018-05-16 19:43:45,89,r/EngineeringPorn,8,2018-05-16 22:59:53,3,0,12,0
8jxvet,2018-05-16 19:43:45,89,r/EngineeringPorn,8,2018-05-16 22:39:54,2,0,5,0
8jxvet,2018-05-16 19:43:45,89,r/EngineeringPorn,8,2018-05-16 21:55:52,2,3,8,0
8jxvet,2018-05-16 19:43:45,89,r/EngineeringPorn,8,2018-05-16 22:23:10,3,0,94,0
8jxvet,2018-05-16 19:43:45,89,r/EngineeringPorn,8,2018-05-17 00:08:28,3,0,4,0
8jxvet,2018-05-16 19:43:45,89,r/EngineeringPorn,8,2018-05-16 22:52:29,3,0,5,0
8jxvet,2018-05-16 19:43:45,89,r/EngineeringPorn,8,2018-05-17 00:14:37,2,2,3,0
8jxvet,2018-05-16 19:43:45,89,r/EngineeringPorn,8,2018-05-17 00:23:15,3,2,5,0
8jxvet,2018-05-16 19:43:45,89,r/EngineeringPorn,8,2018-05-17 00:42:19,4,1,6,0
8jxvet,2018-05-16 19:43:45,89,r/EngineeringPorn,8,2018-05-17 02:37:02,5,1,1,0
8jxvet,2018-05-16 19:43:45,89,r/EngineeringPorn,8,2018-05-17 04:14:32,6,0,1,0
8jxvet,2018-05-16 19:43:45,89,r/EngineeringPorn,8,2018-05-17 01:20:24,4,0,3,0
8jxvet,2018-05-16 19:43:45,89,r/EngineeringPorn,8,2018-05-17 03:32:54,3,0,1,0
8jxvet,2018-05-16 19:43:45,89,r/EngineeringPorn,8,2018-05-16 23:15:04,2,2,5,0
8jxvet,2018-05-16 19:43:45,89,r/EngineeringPorn,8,2018-05-17 04:21:47,3,0,2,0
8jxvet,2018-05-16 19:43:45,89,r/EngineeringPorn,8,2018-05-17 05:04:24,3,0,1,0
8jxvet,2018-05-16 19:43:45,89,r/EngineeringPorn,8,2018-05-17 05:14:13,2,0,1,0
8jxvet,2018-05-16 19:43:45,89,r/EngineeringPorn,8,2018-05-16 23:01:20,2,1,1,0
8jxvet,2018-05-16 19:43:45,89,r/EngineeringPorn,8,2018-05-16 23:08:14,3,0,3,0
8jxvet,2018-05-16 19:43:45,89,r/EngineeringPorn,9,2018-05-16 23:45:19,0,3,10,0
8jxvet,2018-05-16 19:43:45,89,r/EngineeringPorn,9,2018-05-17 00:37:49,1,2,9,0
8jxvet,2018-05-16 19:43:45,89,r/EngineeringPorn,9,2018-05-17 00:50:14,2,0,6,0
8jxvet,2018-05-16 19:43:45,89,r/EngineeringPorn,9,2018-05-17 01:36:33,2,1,5,0
8jxvet,2018-05-16 19:43:45,89,r/EngineeringPorn,9,2018-05-17 01:50:22,3,2,1,0
8jxvet,2018-05-16 19:43:45,89,r/EngineeringPorn,9,2018-05-17 02:06:33,4,1,1,0
8jxvet,2018-05-16 19:43:45,89,r/EngineeringPorn,9,2018-05-17 02:15:45,5,0,2,0
8jxvet,2018-05-16 19:43:45,89,r/EngineeringPorn,9,2018-05-17 02:02:25,4,1,1,0
8jxvet,2018-05-16 19:43:45,89,r/EngineeringPorn,9,2018-05-17 02:12:11,5,0,2,0
8jxvet,2018-05-16 19:43:45,89,r/EngineeringPorn,9,2018-05-17 00:43:02,1,0,2,0
8jxvet,2018-05-16 19:43:45,89,r/EngineeringPorn,9,2018-05-17 03:45:40,1,0,1,0
8jxvet,2018-05-16 19:43:45,89,r/EngineeringPorn,10,2018-05-17 00:10:15,0,0,5,0
8jxvet,2018-05-16 19:43:45,89,r/EngineeringPorn,11,2018-05-16 23:20:54,0,0,8,0
8jxvet,2018-05-16 19:43:45,89,r/EngineeringPorn,12,2018-05-16 22:43:34,0,1,7,0
8jxvet,2018-05-16 19:43:45,89,r/EngineeringPorn,12,2018-05-16 23:32:00,1,1,6,0
8jxvet,2018-05-16 19:43:45,89,r/EngineeringPorn,12,2018-05-16 23:34:19,2,1,7,0
8jxvet,2018-05-16 19:43:45,89,r/EngineeringPorn,12,2018-05-17 02:21:55,3,1,1,0
8jxvet,2018-05-16 19:43:45,89,r/EngineeringPorn,12,2018-05-17 02:29:02,4,0,4,0
8jxvet,2018-05-16 19:43:45,89,r/EngineeringPorn,13,2018-05-17 01:44:30,0,0,3,0
8jxvet,2018-05-16 19:43:45,89,r/EngineeringPorn,14,2018-05-17 02:46:26,0,0,3,0
8jxvet,2018-05-16 19:43:45,89,r/EngineeringPorn,15,2018-05-17 03:12:30,0,0,3,0
8jxvet,2018-05-16 19:43:45,89,r/EngineeringPorn,16,2018-05-16 23:55:49,0,1,2,0
8jxvet,2018-05-16 19:43:45,89,r/EngineeringPorn,16,2018-05-17 05:07:08,1,0,1,0
8jxvet,2018-05-16 19:43:45,89,r/EngineeringPorn,17,2018-05-17 02:43:01,0,0,2,0
8jxvet,2018-05-16 19:43:45,89,r/EngineeringPorn,18,2018-05-17 03:15:49,0,0,2,0
8jxvet,2018-05-16 19:43:45,89,r/EngineeringPorn,19,2018-05-16 23:50:47,0,3,4,0
8jxvet,2018-05-16 19:43:45,89,r/EngineeringPorn,19,2018-05-17 00:11:20,1,0,29,0
8jxvet,2018-05-16 19:43:45,89,r/EngineeringPorn,19,2018-05-17 00:25:07,1,0,16,0
8jxvet,2018-05-16 19:43:45,89,r/EngineeringPorn,19,2018-05-17 03:41:53,1,0,0,0
8jxvet,2018-05-16 19:43:45,89,r/EngineeringPorn,20,2018-05-16 23:44:13,0,0,2,0
8jxvet,2018-05-16 19:43:45,89,r/EngineeringPorn,21,2018-05-17 00:51:16,0,3,1,0
8jxvet,2018-05-16 19:43:45,89,r/EngineeringPorn,21,2018-05-17 02:06:05,1,1,4,0
8jxvet,2018-05-16 19:43:45,89,r/EngineeringPorn,21,2018-05-17 02:15:20,2,0,2,0
8jxvet,2018-05-16 19:43:45,89,r/EngineeringPorn,21,2018-05-17 00:52:34,1,1,2,0
8jxvet,2018-05-16 19:43:45,89,r/EngineeringPorn,21,2018-05-17 00:54:38,2,0,2,0
8jxvet,2018-05-16 19:43:45,89,r/EngineeringPorn,21,2018-05-17 03:47:40,1,0,1,0
8jxvet,2018-05-16 19:43:45,89,r/EngineeringPorn,22,2018-05-17 01:12:41,0,0,1,0
8jxvet,2018-05-16 19:43:45,89,r/EngineeringPorn,23,2018-05-17 01:31:47,0,1,1,0
8jxvet,2018-05-16 19:43:45,89,r/EngineeringPorn,23,2018-05-17 01:46:40,1,0,3,0
8jxvet,2018-05-16 19:43:45,89,r/EngineeringPorn,24,2018-05-17 01:33:59,0,0,1,0
8jxvet,2018-05-16 19:43:45,89,r/EngineeringPorn,25,2018-05-17 01:44:18,0,0,1,0
8jxvet,2018-05-16 19:43:45,89,r/EngineeringPorn,26,2018-05-17 01:47:58,0,0,1,0
8jxvet,2018-05-16 19:43:45,89,r/EngineeringPorn,27,2018-05-17 02:14:15,0,0,1,0
8jxvet,2018-05-16 19:43:45,89,r/EngineeringPorn,28,2018-05-17 02:43:59,0,0,1,0
8jxvet,2018-05-16 19:43:45,89,r/EngineeringPorn,29,2018-05-17 02:56:57,0,0,1,0
8jxvet,2018-05-16 19:43:45,89,r/EngineeringPorn,30,2018-05-17 03:18:00,0,0,1,0
8jxvet,2018-05-16 19:43:45,89,r/EngineeringPorn,31,2018-05-17 03:37:32,0,1,1,0
8jxvet,2018-05-16 19:43:45,89,r/EngineeringPorn,31,2018-05-17 04:52:04,1,0,1,0
8jxvet,2018-05-16 19:43:45,89,r/EngineeringPorn,32,2018-05-17 03:39:00,0,0,1,0
8jxvet,2018-05-16 19:43:45,89,r/EngineeringPorn,33,2018-05-17 03:40:12,0,0,1,0
8jxvet,2018-05-16 19:43:45,89,r/EngineeringPorn,34,2018-05-17 04:21:31,0,0,1,0
8jxvet,2018-05-16 19:43:45,89,r/EngineeringPorn,35,2018-05-17 04:30:13,0,0,1,0
8jxvet,2018-05-16 19:43:45,89,r/EngineeringPorn,36,2018-05-17 04:39:41,0,0,1,0
8jxvet,2018-05-16 19:43:45,89,r/EngineeringPorn,37,2018-05-17 04:54:52,0,0,1,0
8jxvet,2018-05-16 19:43:45,89,r/EngineeringPorn,38,2018-05-17 05:03:08,0,0,1,0
8jxvet,2018-05-16 19:43:45,89,r/EngineeringPorn,39,2018-05-17 05:03:44,0,0,1,0
8jxvet,2018-05-16 19:43:45,89,r/EngineeringPorn,40,2018-05-17 05:12:22,0,0,1,0
8jxvet,2018-05-16 19:43:45,89,r/EngineeringPorn,41,2018-05-16 23:25:06,0,0,0,0
8jxvet,2018-05-16 19:43:45,89,r/EngineeringPorn,42,2018-05-16 23:29:28,0,0,0,0
8jxvet,2018-05-16 19:43:45,89,r/EngineeringPorn,43,2018-05-17 00:51:08,0,1,0,0
8jxvet,2018-05-16 19:43:45,89,r/EngineeringPorn,43,2018-05-17 02:35:24,1,0,1,0
8jxvet,2018-05-16 19:43:45,89,r/EngineeringPorn,44,2018-05-16 23:40:28,0,1,-1,0
8jxvet,2018-05-16 19:43:45,89,r/EngineeringPorn,44,2018-05-17 00:32:34,1,1,2,0
8jxvet,2018-05-16 19:43:45,89,r/EngineeringPorn,44,2018-05-17 00:33:25,2,2,1,0
8jxvet,2018-05-16 19:43:45,89,r/EngineeringPorn,44,2018-05-17 00:39:21,3,1,1,0
8jxvet,2018-05-16 19:43:45,89,r/EngineeringPorn,44,2018-05-17 00:42:26,4,0,2,0
8jxvet,2018-05-16 19:43:45,89,r/EngineeringPorn,44,2018-05-17 02:44:08,3,1,1,0
8jxvet,2018-05-16 19:43:45,89,r/EngineeringPorn,44,2018-05-17 02:59:51,4,0,1,0
8jxvet,2018-05-16 19:43:45,89,r/EngineeringPorn,45,2018-05-16 20:45:11,0,0,-4,0
8jybjh,2018-05-16 20:40:40,90,r/FunnyandSad,0,2018-05-16 22:07:46,0,4,668,0
8jybjh,2018-05-16 20:40:40,90,r/FunnyandSad,0,2018-05-16 23:01:26,1,0,201,0
8jybjh,2018-05-16 20:40:40,90,r/FunnyandSad,0,2018-05-16 23:29:26,1,2,62,0
8jybjh,2018-05-16 20:40:40,90,r/FunnyandSad,0,2018-05-17 02:30:42,2,2,29,0
8jybjh,2018-05-16 20:40:40,90,r/FunnyandSad,0,2018-05-17 03:23:52,3,1,3,0
8jybjh,2018-05-16 20:40:40,90,r/FunnyandSad,0,2018-05-17 03:59:19,4,0,1,0
8jybjh,2018-05-16 20:40:40,90,r/FunnyandSad,0,2018-05-17 04:34:38,3,0,1,0
8jybjh,2018-05-16 20:40:40,90,r/FunnyandSad,0,2018-05-17 03:43:57,2,1,4,0
8jybjh,2018-05-16 20:40:40,90,r/FunnyandSad,0,2018-05-17 04:47:36,3,0,1,0
8jybjh,2018-05-16 20:40:40,90,r/FunnyandSad,0,2018-05-17 01:48:50,1,1,10,0
8jybjh,2018-05-16 20:40:40,90,r/FunnyandSad,0,2018-05-17 03:10:48,2,1,2,0
8jybjh,2018-05-16 20:40:40,90,r/FunnyandSad,0,2018-05-17 03:11:27,3,0,2,0
8jybjh,2018-05-16 20:40:40,90,r/FunnyandSad,0,2018-05-17 02:24:31,1,0,2,0
8jybjh,2018-05-16 20:40:40,90,r/FunnyandSad,1,2018-05-17 00:29:25,0,0,205,0
8jybjh,2018-05-16 20:40:40,90,r/FunnyandSad,2,2018-05-17 00:37:03,0,1,52,0
8jybjh,2018-05-16 20:40:40,90,r/FunnyandSad,2,2018-05-17 04:43:57,1,1,-1,0
8jybjh,2018-05-16 20:40:40,90,r/FunnyandSad,2,2018-05-17 04:52:12,2,0,3,0
8jybjh,2018-05-16 20:40:40,90,r/FunnyandSad,3,2018-05-16 23:34:22,0,4,47,0
8jybjh,2018-05-16 20:40:40,90,r/FunnyandSad,3,2018-05-17 00:30:01,1,2,11,0
8jybjh,2018-05-16 20:40:40,90,r/FunnyandSad,3,2018-05-17 01:38:08,2,0,8,0
8jybjh,2018-05-16 20:40:40,90,r/FunnyandSad,3,2018-05-17 03:22:13,2,0,1,0
8jybjh,2018-05-16 20:40:40,90,r/FunnyandSad,3,2018-05-17 04:15:04,1,1,2,0
8jybjh,2018-05-16 20:40:40,90,r/FunnyandSad,3,2018-05-17 04:58:55,2,0,1,0
8jybjh,2018-05-16 20:40:40,90,r/FunnyandSad,3,2018-05-17 02:23:25,1,0,1,0
8jybjh,2018-05-16 20:40:40,90,r/FunnyandSad,3,2018-05-17 01:33:20,1,0,0,0
8jybjh,2018-05-16 20:40:40,90,r/FunnyandSad,4,2018-05-16 20:54:03,0,0,7,0
8jybjh,2018-05-16 20:40:40,90,r/FunnyandSad,5,2018-05-17 02:49:57,0,0,12,0
8jybjh,2018-05-16 20:40:40,90,r/FunnyandSad,6,2018-05-17 02:38:25,0,0,11,0
8jybjh,2018-05-16 20:40:40,90,r/FunnyandSad,7,2018-05-17 01:43:02,0,2,9,0
8jybjh,2018-05-16 20:40:40,90,r/FunnyandSad,7,2018-05-17 01:53:39,1,3,5,0
8jybjh,2018-05-16 20:40:40,90,r/FunnyandSad,7,2018-05-17 02:28:35,2,0,8,0
8jybjh,2018-05-16 20:40:40,90,r/FunnyandSad,7,2018-05-17 02:34:28,2,0,5,0
8jybjh,2018-05-16 20:40:40,90,r/FunnyandSad,7,2018-05-17 03:00:56,2,0,2,0
8jybjh,2018-05-16 20:40:40,90,r/FunnyandSad,7,2018-05-17 02:29:41,1,0,2,0
8jybjh,2018-05-16 20:40:40,90,r/FunnyandSad,8,2018-05-17 03:04:57,0,0,2,0
8jybjh,2018-05-16 20:40:40,90,r/FunnyandSad,9,2018-05-17 03:10:52,0,0,2,0
8jybjh,2018-05-16 20:40:40,90,r/FunnyandSad,10,2018-05-17 03:47:55,0,0,2,0
8jybjh,2018-05-16 20:40:40,90,r/FunnyandSad,11,2018-05-17 03:37:06,0,0,1,0
8jybjh,2018-05-16 20:40:40,90,r/FunnyandSad,12,2018-05-17 03:50:58,0,0,1,0
8jybjh,2018-05-16 20:40:40,90,r/FunnyandSad,13,2018-05-17 03:51:18,0,0,1,0
8jybjh,2018-05-16 20:40:40,90,r/FunnyandSad,14,2018-05-17 04:11:54,0,0,1,0
8jybjh,2018-05-16 20:40:40,90,r/FunnyandSad,15,2018-05-17 04:12:59,0,0,1,0
8jybjh,2018-05-16 20:40:40,90,r/FunnyandSad,16,2018-05-17 04:32:21,0,0,1,0
8jybjh,2018-05-16 20:40:40,90,r/FunnyandSad,17,2018-05-17 05:10:19,0,0,1,0
8jybjh,2018-05-16 20:40:40,90,r/FunnyandSad,18,2018-05-17 00:24:27,0,0,1,0
8jybjh,2018-05-16 20:40:40,90,r/FunnyandSad,19,2018-05-17 04:16:07,0,1,0,0
8jybjh,2018-05-16 20:40:40,90,r/FunnyandSad,19,2018-05-17 05:19:57,1,0,1,0
8jxpsi,2018-05-16 19:24:08,91,r/todayilearned,0,2018-05-16 23:22:52,0,9,4881,0
8jxpsi,2018-05-16 19:24:08,91,r/todayilearned,0,2018-05-17 00:28:10,1,3,1161,0
8jxpsi,2018-05-16 19:24:08,91,r/todayilearned,0,2018-05-17 00:35:33,2,1,596,0
8jxpsi,2018-05-16 19:24:08,91,r/todayilearned,0,2018-05-17 00:46:17,3,4,313,0
8jxpsi,2018-05-16 19:24:08,91,r/todayilearned,0,2018-05-17 01:20:14,4,1,157,0
8jxpsi,2018-05-16 19:24:08,91,r/todayilearned,0,2018-05-17 02:13:21,5,2,26,0
8jxpsi,2018-05-16 19:24:08,91,r/todayilearned,0,2018-05-17 02:17:18,6,1,25,0
8jxpsi,2018-05-16 19:24:08,91,r/todayilearned,0,2018-05-17 02:17:44,7,2,10,0
8jxpsi,2018-05-16 19:24:08,91,r/todayilearned,0,2018-05-17 02:19:15,8,0,5,0
8jxpsi,2018-05-16 19:24:08,91,r/todayilearned,0,2018-05-17 01:26:55,4,2,112,0
8jxpsi,2018-05-16 19:24:08,91,r/todayilearned,0,2018-05-17 01:37:16,5,0,9,0
8jxpsi,2018-05-16 19:24:08,91,r/todayilearned,0,2018-05-17 01:46:08,5,0,5,0
8jxpsi,2018-05-16 19:24:08,91,r/todayilearned,0,2018-05-17 02:41:18,4,0,3,0
8jxpsi,2018-05-16 19:24:08,91,r/todayilearned,0,2018-05-17 01:32:37,2,1,52,0
8jxpsi,2018-05-16 19:24:08,91,r/todayilearned,0,2018-05-17 01:44:20,3,1,55,0
8jxpsi,2018-05-16 19:24:08,91,r/todayilearned,0,2018-05-17 02:26:34,4,1,3,0
8jxpsi,2018-05-16 19:24:08,91,r/todayilearned,0,2018-05-17 02:35:38,5,1,4,0
8jxpsi,2018-05-16 19:24:08,91,r/todayilearned,0,2018-05-17 03:19:00,6,0,3,0
8jxpsi,2018-05-16 19:24:08,91,r/todayilearned,0,2018-05-17 00:33:00,1,2,419,0
8jxpsi,2018-05-16 19:24:08,91,r/todayilearned,0,2018-05-17 00:53:22,2,4,171,0
8jxpsi,2018-05-16 19:24:08,91,r/todayilearned,0,2018-05-17 01:32:19,3,1,27,0
8jxpsi,2018-05-16 19:24:08,91,r/todayilearned,0,2018-05-17 03:47:58,4,0,3,0
8jxpsi,2018-05-16 19:24:08,91,r/todayilearned,0,2018-05-17 02:04:39,3,0,6,0
8jxpsi,2018-05-16 19:24:08,91,r/todayilearned,0,2018-05-17 02:34:25,3,1,9,0
8jxpsi,2018-05-16 19:24:08,91,r/todayilearned,0,2018-05-17 03:09:23,3,0,3,0
8jxpsi,2018-05-16 19:24:08,91,r/todayilearned,0,2018-05-17 01:31:52,2,1,9,0
8jxpsi,2018-05-16 19:24:08,91,r/todayilearned,0,2018-05-17 00:27:02,1,2,443,0
8jxpsi,2018-05-16 19:24:08,91,r/todayilearned,0,2018-05-17 01:00:07,2,2,147,0
8jxpsi,2018-05-16 19:24:08,91,r/todayilearned,0,2018-05-17 01:09:13,3,1,61,0
8jxpsi,2018-05-16 19:24:08,91,r/todayilearned,0,2018-05-17 01:15:47,4,1,34,0
8jxpsi,2018-05-16 19:24:08,91,r/todayilearned,0,2018-05-17 01:20:00,5,1,36,0
8jxpsi,2018-05-16 19:24:08,91,r/todayilearned,0,2018-05-17 01:50:41,6,0,27,0
8jxpsi,2018-05-16 19:24:08,91,r/todayilearned,0,2018-05-17 01:12:10,3,0,8,0
8jxpsi,2018-05-16 19:24:08,91,r/todayilearned,0,2018-05-17 01:24:23,2,1,9,0
8jxpsi,2018-05-16 19:24:08,91,r/todayilearned,0,2018-05-17 02:50:51,3,1,5,0
8jxpsi,2018-05-16 19:24:08,91,r/todayilearned,0,2018-05-17 01:04:33,1,3,92,0
8jxpsi,2018-05-16 19:24:08,91,r/todayilearned,0,2018-05-17 02:58:19,2,0,7,0
8jxpsi,2018-05-16 19:24:08,91,r/todayilearned,0,2018-05-17 03:57:45,2,0,3,0
8jxpsi,2018-05-16 19:24:08,91,r/todayilearned,0,2018-05-17 00:14:44,1,1,95,0
8jxpsi,2018-05-16 19:24:08,91,r/todayilearned,0,2018-05-17 02:04:34,2,0,4,0
8jxpsi,2018-05-16 19:24:08,91,r/todayilearned,0,2018-05-17 01:03:40,1,1,12,0
8jxpsi,2018-05-16 19:24:08,91,r/todayilearned,0,2018-05-17 01:04:57,2,2,26,0
8jxpsi,2018-05-16 19:24:08,91,r/todayilearned,0,2018-05-17 01:05:10,3,0,10,0
8jxpsi,2018-05-16 19:24:08,91,r/todayilearned,0,2018-05-17 01:13:02,1,1,6,0
8jxpsi,2018-05-16 19:24:08,91,r/todayilearned,0,2018-05-17 01:16:08,2,1,3,0
8jxpsi,2018-05-16 19:24:08,91,r/todayilearned,0,2018-05-17 01:18:40,3,0,4,0
8jxpsi,2018-05-16 19:24:08,91,r/todayilearned,0,2018-05-17 01:48:16,1,0,4,0
8jxpsi,2018-05-16 19:24:08,91,r/todayilearned,1,2018-05-16 20:39:31,0,26,11122,0
8jxpsi,2018-05-16 19:24:08,91,r/todayilearned,1,2018-05-16 20:58:36,1,7,1265,0
8jxpsi,2018-05-16 19:24:08,91,r/todayilearned,1,2018-05-16 23:42:12,2,2,213,0
8jxpsi,2018-05-16 19:24:08,91,r/todayilearned,1,2018-05-16 23:53:10,3,2,117,0
8jxpsi,2018-05-16 19:24:08,91,r/todayilearned,1,2018-05-16 23:58:20,4,5,160,0
8jxpsi,2018-05-16 19:24:08,91,r/todayilearned,1,2018-05-17 00:03:55,5,1,81,0
8jxpsi,2018-05-16 19:24:08,91,r/todayilearned,1,2018-05-17 00:49:39,6,0,49,0
8jxpsi,2018-05-16 19:24:08,91,r/todayilearned,1,2018-05-17 00:39:30,5,3,44,0
8jxpsi,2018-05-16 19:24:08,91,r/todayilearned,1,2018-05-17 00:56:10,6,0,46,0
8jxpsi,2018-05-16 19:24:08,91,r/todayilearned,1,2018-05-17 01:54:57,6,1,4,0
8jxpsi,2018-05-16 19:24:08,91,r/todayilearned,1,2018-05-17 03:14:42,7,0,3,0
8jxpsi,2018-05-16 19:24:08,91,r/todayilearned,1,2018-05-17 00:47:57,5,1,27,0
8jxpsi,2018-05-16 19:24:08,91,r/todayilearned,1,2018-05-17 00:51:01,6,1,22,0
8jxpsi,2018-05-16 19:24:08,91,r/todayilearned,1,2018-05-17 00:56:58,7,1,18,0
8jxpsi,2018-05-16 19:24:08,91,r/todayilearned,1,2018-05-17 01:21:28,8,1,19,0
8jxpsi,2018-05-16 19:24:08,91,r/todayilearned,1,2018-05-17 01:34:03,5,0,5,0
8jxpsi,2018-05-16 19:24:08,91,r/todayilearned,1,2018-05-16 23:46:18,2,2,44,0
8jxpsi,2018-05-16 19:24:08,91,r/todayilearned,1,2018-05-17 00:48:59,3,1,22,0
8jxpsi,2018-05-16 19:24:08,91,r/todayilearned,1,2018-05-17 03:36:44,3,0,3,0
8jxpsi,2018-05-16 19:24:08,91,r/todayilearned,1,2018-05-17 00:46:19,2,0,6,0
8jxpsi,2018-05-16 19:24:08,91,r/todayilearned,1,2018-05-17 01:23:37,2,0,7,0
8jxpsi,2018-05-16 19:24:08,91,r/todayilearned,1,2018-05-17 01:20:55,2,0,4,0
8jxpsi,2018-05-16 19:24:08,91,r/todayilearned,1,2018-05-17 00:47:47,2,0,3,0
8jxpsi,2018-05-16 19:24:08,91,r/todayilearned,1,2018-05-16 21:39:38,1,3,175,0
8jxpsi,2018-05-16 19:24:08,91,r/todayilearned,1,2018-05-16 22:37:38,2,2,84,0
8jxpsi,2018-05-16 19:24:08,91,r/todayilearned,1,2018-05-16 22:39:17,3,2,67,0
8jxpsi,2018-05-16 19:24:08,91,r/todayilearned,1,2018-05-16 23:33:02,4,1,67,0
8jxpsi,2018-05-16 19:24:08,91,r/todayilearned,1,2018-05-17 00:29:09,4,0,4,0
8jxpsi,2018-05-16 19:24:08,91,r/todayilearned,1,2018-05-16 23:35:32,3,1,19,0
8jxpsi,2018-05-16 19:24:08,91,r/todayilearned,1,2018-05-16 23:40:19,4,1,4,0
8jxpsi,2018-05-16 19:24:08,91,r/todayilearned,1,2018-05-17 00:35:01,2,1,3,0
8jxpsi,2018-05-16 19:24:08,91,r/todayilearned,1,2018-05-16 21:43:40,1,21,6765,0
8jxpsi,2018-05-16 19:24:08,91,r/todayilearned,1,2018-05-16 22:56:01,2,10,1531,0
8jxpsi,2018-05-16 19:24:08,91,r/todayilearned,1,2018-05-16 23:14:18,3,6,966,0
8jxpsi,2018-05-16 19:24:08,91,r/todayilearned,1,2018-05-16 23:25:51,4,4,595,0
8jxpsi,2018-05-16 19:24:08,91,r/todayilearned,1,2018-05-16 23:45:51,5,2,324,0
8jxpsi,2018-05-16 19:24:08,91,r/todayilearned,1,2018-05-16 23:50:47,6,1,110,0
8jxpsi,2018-05-16 19:24:08,91,r/todayilearned,1,2018-05-17 00:03:02,7,3,94,0
8jxpsi,2018-05-16 19:24:08,91,r/todayilearned,1,2018-05-17 00:12:19,8,3,59,0
8jxpsi,2018-05-16 19:24:08,91,r/todayilearned,1,2018-05-17 00:19:19,9,1,114,0
8jxpsi,2018-05-16 19:24:08,91,r/todayilearned,1,2018-05-17 00:16:30,9,1,11,0
8jxpsi,2018-05-16 19:24:08,91,r/todayilearned,1,2018-05-17 03:11:45,9,0,3,0
8jxpsi,2018-05-16 19:24:08,91,r/todayilearned,1,2018-05-17 00:16:02,8,1,8,0
8jxpsi,2018-05-16 19:24:08,91,r/todayilearned,1,2018-05-17 00:27:35,9,0,4,0
8jxpsi,2018-05-16 19:24:08,91,r/todayilearned,1,2018-05-17 01:16:10,8,0,3,0
8jxpsi,2018-05-16 19:24:08,91,r/todayilearned,1,2018-05-17 02:30:53,6,0,4,0
8jxpsi,2018-05-16 19:24:08,91,r/todayilearned,1,2018-05-17 00:31:10,5,1,22,0
8jxpsi,2018-05-16 19:24:08,91,r/todayilearned,1,2018-05-17 00:45:44,5,0,5,0
8jxpsi,2018-05-16 19:24:08,91,r/todayilearned,1,2018-05-17 01:14:44,5,0,3,0
8jxpsi,2018-05-16 19:24:08,91,r/todayilearned,1,2018-05-16 23:39:28,4,1,228,0
8jxpsi,2018-05-16 19:24:08,91,r/todayilearned,1,2018-05-16 23:31:00,4,2,16,0
8jxpsi,2018-05-16 19:24:08,91,r/todayilearned,1,2018-05-17 00:08:43,5,2,7,0
8jxpsi,2018-05-16 19:24:08,91,r/todayilearned,1,2018-05-17 00:18:30,6,0,4,0
8jxpsi,2018-05-16 19:24:08,91,r/todayilearned,1,2018-05-17 00:18:38,5,0,3,0
8jxpsi,2018-05-16 19:24:08,91,r/todayilearned,1,2018-05-17 00:26:30,4,0,4,0
8jxpsi,2018-05-16 19:24:08,91,r/todayilearned,1,2018-05-17 00:36:18,4,0,4,0
8jxpsi,2018-05-16 19:24:08,91,r/todayilearned,1,2018-05-16 23:48:45,3,3,151,0
8jxpsi,2018-05-16 19:24:08,91,r/todayilearned,1,2018-05-17 00:31:32,4,1,32,0
8jxpsi,2018-05-16 19:24:08,91,r/todayilearned,1,2018-05-17 01:19:29,5,0,5,0
8jxpsi,2018-05-16 19:24:08,91,r/todayilearned,1,2018-05-16 23:52:22,4,2,97,0
8jxpsi,2018-05-16 19:24:08,91,r/todayilearned,1,2018-05-17 00:31:03,5,0,8,0
8jxpsi,2018-05-16 19:24:08,91,r/todayilearned,1,2018-05-17 00:22:56,3,1,36,0
8jxpsi,2018-05-16 19:24:08,91,r/todayilearned,1,2018-05-17 00:11:54,3,4,41,0
8jxpsi,2018-05-16 19:24:08,91,r/todayilearned,1,2018-05-17 00:42:31,4,0,18,0
8jxpsi,2018-05-16 19:24:08,91,r/todayilearned,1,2018-05-17 00:52:21,4,0,4,0
8jxpsi,2018-05-16 19:24:08,91,r/todayilearned,1,2018-05-17 01:04:48,4,0,3,0
8jxpsi,2018-05-16 19:24:08,91,r/todayilearned,1,2018-05-17 01:05:44,3,0,5,0
8jxpsi,2018-05-16 19:24:08,91,r/todayilearned,1,2018-05-17 00:38:12,3,0,3,0
8jxpsi,2018-05-16 19:24:08,91,r/todayilearned,1,2018-05-17 01:01:47,3,0,3,0
8jxpsi,2018-05-16 19:24:08,91,r/todayilearned,1,2018-05-17 00:31:14,3,0,4,0
8jxpsi,2018-05-16 19:24:08,91,r/todayilearned,1,2018-05-16 23:58:59,3,0,2,0
8jxpsi,2018-05-16 19:24:08,91,r/todayilearned,1,2018-05-16 22:10:04,2,4,2541,0
8jxpsi,2018-05-16 19:24:08,91,r/todayilearned,1,2018-05-16 22:20:55,3,2,846,0
8jxpsi,2018-05-16 19:24:08,91,r/todayilearned,1,2018-05-16 22:46:33,4,3,195,0
8jxpsi,2018-05-16 19:24:08,91,r/todayilearned,1,2018-05-16 22:51:57,5,11,140,0
8jxpsi,2018-05-16 19:24:08,91,r/todayilearned,1,2018-05-16 23:10:10,6,2,190,0
8jxpsi,2018-05-16 19:24:08,91,r/todayilearned,1,2018-05-16 23:30:23,7,3,84,0
8jxpsi,2018-05-16 19:24:08,91,r/todayilearned,1,2018-05-16 23:33:10,8,5,184,0
8jxpsi,2018-05-16 19:24:08,91,r/todayilearned,1,2018-05-16 23:40:37,9,0,52,0
8jxpsi,2018-05-16 19:24:08,91,r/todayilearned,1,2018-05-16 23:58:55,9,1,34,0
8jxpsi,2018-05-16 19:24:08,91,r/todayilearned,1,2018-05-17 01:12:19,9,0,5,0
8jxpsi,2018-05-16 19:24:08,91,r/todayilearned,1,2018-05-17 00:05:27,9,0,2,0
8jxpsi,2018-05-16 19:24:08,91,r/todayilearned,1,2018-05-17 00:15:10,8,1,9,0
8jxpsi,2018-05-16 19:24:08,91,r/todayilearned,1,2018-05-17 00:30:28,9,0,6,0
8jxpsi,2018-05-16 19:24:08,91,r/todayilearned,1,2018-05-16 23:49:31,6,2,39,0
8jxpsi,2018-05-16 19:24:08,91,r/todayilearned,1,2018-05-17 00:32:24,7,1,5,0
8jxpsi,2018-05-16 19:24:08,91,r/todayilearned,1,2018-05-16 23:15:37,6,1,28,0
8jxpsi,2018-05-16 19:24:08,91,r/todayilearned,1,2018-05-16 22:58:11,6,1,26,0
8jxpsi,2018-05-16 19:24:08,91,r/todayilearned,1,2018-05-16 23:34:21,7,4,20,0
8jxpsi,2018-05-16 19:24:08,91,r/todayilearned,1,2018-05-16 23:50:49,8,1,11,0
8jxpsi,2018-05-16 19:24:08,91,r/todayilearned,1,2018-05-17 00:05:17,9,0,5,0
8jxpsi,2018-05-16 19:24:08,91,r/todayilearned,1,2018-05-17 00:10:49,8,1,5,0
8jxpsi,2018-05-16 19:24:08,91,r/todayilearned,1,2018-05-17 00:03:06,8,0,3,0
8jxpsi,2018-05-16 19:24:08,91,r/todayilearned,1,2018-05-17 00:07:36,8,0,3,0
8jxpsi,2018-05-16 19:24:08,91,r/todayilearned,1,2018-05-16 23:35:34,6,1,26,0
8jxpsi,2018-05-16 19:24:08,91,r/todayilearned,1,2018-05-17 00:26:34,7,0,8,0
8jxpsi,2018-05-16 19:24:08,91,r/todayilearned,1,2018-05-16 23:19:56,6,4,62,0
8jxpsi,2018-05-16 19:24:08,91,r/todayilearned,1,2018-05-16 23:33:54,7,1,22,0
8jxpsi,2018-05-16 19:24:08,91,r/todayilearned,1,2018-05-16 23:57:59,7,0,7,0
8jxpsi,2018-05-16 19:24:08,91,r/todayilearned,1,2018-05-16 23:33:01,7,2,38,0
8jxpsi,2018-05-16 19:24:08,91,r/todayilearned,1,2018-05-17 00:17:44,8,1,8,0
8jxpsi,2018-05-16 19:24:08,91,r/todayilearned,1,2018-05-16 23:52:31,7,1,2,0
8jxpsi,2018-05-16 19:24:08,91,r/todayilearned,1,2018-05-16 23:21:30,6,0,12,0
8jxpsi,2018-05-16 19:24:08,91,r/todayilearned,1,2018-05-16 23:53:43,6,0,3,0
8jxpsi,2018-05-16 19:24:08,91,r/todayilearned,1,2018-05-17 00:32:44,6,1,3,0
8jxpsi,2018-05-16 19:24:08,91,r/todayilearned,1,2018-05-17 00:07:27,6,0,2,0
8jxpsi,2018-05-16 19:24:08,91,r/todayilearned,1,2018-05-16 23:23:31,5,1,6,0
8jxpsi,2018-05-16 19:24:08,91,r/todayilearned,1,2018-05-16 23:51:06,5,0,2,0
8jxpsi,2018-05-16 19:24:08,91,r/todayilearned,1,2018-05-16 23:56:27,3,0,7,0
8jxpsi,2018-05-16 19:24:08,91,r/todayilearned,1,2018-05-16 23:10:28,3,0,21,0
8jxpsi,2018-05-16 19:24:08,91,r/todayilearned,1,2018-05-16 23:24:52,2,4,118,0
8jxpsi,2018-05-16 19:24:08,91,r/todayilearned,1,2018-05-17 00:10:08,3,1,22,0
8jxpsi,2018-05-16 19:24:08,91,r/todayilearned,1,2018-05-17 00:13:53,4,1,6,0
8jxpsi,2018-05-16 19:24:08,91,r/todayilearned,1,2018-05-17 01:07:37,5,1,7,0
8jxpsi,2018-05-16 19:24:08,91,r/todayilearned,1,2018-05-17 01:14:55,6,0,4,0
8jxpsi,2018-05-16 19:24:08,91,r/todayilearned,1,2018-05-16 23:31:44,3,2,38,0
8jxpsi,2018-05-16 19:24:08,91,r/todayilearned,1,2018-05-16 23:33:32,4,2,96,0
8jxpsi,2018-05-16 19:24:08,91,r/todayilearned,1,2018-05-16 23:34:44,5,1,20,0
8jxpsi,2018-05-16 19:24:08,91,r/todayilearned,1,2018-05-16 23:40:08,6,1,14,0
8jxpsi,2018-05-16 19:24:08,91,r/todayilearned,1,2018-05-16 23:48:41,7,1,30,0
8jxpsi,2018-05-16 19:24:08,91,r/todayilearned,1,2018-05-16 23:50:07,8,1,18,0
8jxpsi,2018-05-16 19:24:08,91,r/todayilearned,1,2018-05-16 23:59:48,9,1,31,0
8jxpsi,2018-05-16 19:24:08,91,r/todayilearned,1,2018-05-16 23:42:16,3,1,8,0
8jxpsi,2018-05-16 19:24:08,91,r/todayilearned,1,2018-05-16 23:44:14,4,0,4,0
8jxpsi,2018-05-16 19:24:08,91,r/todayilearned,1,2018-05-16 23:11:08,2,2,51,0
8jxpsi,2018-05-16 19:24:08,91,r/todayilearned,1,2018-05-16 23:31:26,3,1,20,0
8jxpsi,2018-05-16 19:24:08,91,r/todayilearned,1,2018-05-16 23:52:44,4,0,3,0
8jxpsi,2018-05-16 19:24:08,91,r/todayilearned,1,2018-05-16 23:29:01,2,1,27,0
8jxpsi,2018-05-16 19:24:08,91,r/todayilearned,1,2018-05-16 23:41:12,3,0,15,0
8jxpsi,2018-05-16 19:24:08,91,r/todayilearned,1,2018-05-16 22:49:08,2,4,368,0
8jxpsi,2018-05-16 19:24:08,91,r/todayilearned,1,2018-05-16 23:25:48,3,2,143,0
8jxpsi,2018-05-16 19:24:08,91,r/todayilearned,1,2018-05-16 23:37:56,4,2,48,0
8jxpsi,2018-05-16 19:24:08,91,r/todayilearned,1,2018-05-16 23:49:37,5,1,3,0
8jxpsi,2018-05-16 19:24:08,91,r/todayilearned,1,2018-05-17 00:18:41,5,1,3,0
8jxpsi,2018-05-16 19:24:08,91,r/todayilearned,1,2018-05-16 23:20:57,3,5,177,0
8jxpsi,2018-05-16 19:24:08,91,r/todayilearned,1,2018-05-16 23:26:13,4,6,165,0
8jxpsi,2018-05-16 19:24:08,91,r/todayilearned,1,2018-05-16 23:35:41,5,4,94,0
8jxpsi,2018-05-16 19:24:08,91,r/todayilearned,1,2018-05-16 23:46:25,6,2,22,0
8jxpsi,2018-05-16 19:24:08,91,r/todayilearned,1,2018-05-16 23:59:16,7,1,11,0
8jxpsi,2018-05-16 19:24:08,91,r/todayilearned,1,2018-05-16 23:41:17,6,3,51,0
8jxpsi,2018-05-16 19:24:08,91,r/todayilearned,1,2018-05-16 23:55:30,7,3,13,0
8jxpsi,2018-05-16 19:24:08,91,r/todayilearned,1,2018-05-17 00:20:34,8,0,30,0
8jxpsi,2018-05-16 19:24:08,91,r/todayilearned,1,2018-05-17 01:17:25,8,1,3,0
8jxpsi,2018-05-16 19:24:08,91,r/todayilearned,1,2018-05-17 02:02:44,9,0,3,0
8jxpsi,2018-05-16 19:24:08,91,r/todayilearned,1,2018-05-17 00:43:07,7,1,7,0
8jxpsi,2018-05-16 19:24:08,91,r/todayilearned,1,2018-05-17 00:58:25,8,0,3,0
8jxpsi,2018-05-16 19:24:08,91,r/todayilearned,1,2018-05-16 23:51:51,6,0,2,0
8jxpsi,2018-05-16 19:24:08,91,r/todayilearned,1,2018-05-16 23:34:40,5,6,31,0
8jxpsi,2018-05-16 19:24:08,91,r/todayilearned,1,2018-05-16 23:36:34,6,2,109,0
8jxpsi,2018-05-16 19:24:08,91,r/todayilearned,1,2018-05-16 23:54:47,7,1,19,0
8jxpsi,2018-05-16 19:24:08,91,r/todayilearned,1,2018-05-17 00:13:12,8,1,4,0
8jxpsi,2018-05-16 19:24:08,91,r/todayilearned,1,2018-05-17 00:25:48,9,0,3,0
8jxpsi,2018-05-16 19:24:08,91,r/todayilearned,1,2018-05-16 23:38:45,6,1,28,0
8jxpsi,2018-05-16 19:24:08,91,r/todayilearned,1,2018-05-16 23:42:40,6,0,38,0
8jxpsi,2018-05-16 19:24:08,91,r/todayilearned,1,2018-05-16 23:46:21,6,1,8,0
8jxpsi,2018-05-16 19:24:08,91,r/todayilearned,1,2018-05-16 23:58:12,7,1,3,0
8jxpsi,2018-05-16 19:24:08,91,r/todayilearned,1,2018-05-17 00:45:05,8,0,3,0
8jxpsi,2018-05-16 19:24:08,91,r/todayilearned,1,2018-05-16 23:45:31,6,0,8,0
8jxpsi,2018-05-16 19:24:08,91,r/todayilearned,1,2018-05-16 23:36:41,5,0,8,0
8jxpsi,2018-05-16 19:24:08,91,r/todayilearned,1,2018-05-17 00:20:09,5,0,3,0
8jxpsi,2018-05-16 19:24:08,91,r/todayilearned,1,2018-05-16 23:56:12,5,0,2,0
8jxpsi,2018-05-16 19:24:08,91,r/todayilearned,1,2018-05-17 00:19:20,4,1,4,0
8jxpsi,2018-05-16 19:24:08,91,r/todayilearned,1,2018-05-17 00:20:59,5,1,3,0
8jxpsi,2018-05-16 19:24:08,91,r/todayilearned,1,2018-05-16 23:52:06,4,1,3,0
8jxpsi,2018-05-16 19:24:08,91,r/todayilearned,1,2018-05-16 23:52:12,4,1,2,0
8jxpsi,2018-05-16 19:24:08,91,r/todayilearned,1,2018-05-16 23:27:58,3,0,2,0
8jxpsi,2018-05-16 19:24:08,91,r/todayilearned,1,2018-05-16 23:12:03,2,2,35,0
8jxpsi,2018-05-16 19:24:08,91,r/todayilearned,1,2018-05-17 00:10:25,3,1,20,0
8jxpsi,2018-05-16 19:24:08,91,r/todayilearned,1,2018-05-16 23:56:32,2,2,15,0
8jxpsi,2018-05-16 19:24:08,91,r/todayilearned,1,2018-05-17 01:50:56,3,0,6,0
8jxpsi,2018-05-16 19:24:08,91,r/todayilearned,1,2018-05-17 00:00:55,2,1,13,0
8jxpsi,2018-05-16 19:24:08,91,r/todayilearned,1,2018-05-16 23:14:33,2,3,47,0
8jxpsi,2018-05-16 19:24:08,91,r/todayilearned,1,2018-05-16 23:24:36,3,0,15,0
8jxpsi,2018-05-16 19:24:08,91,r/todayilearned,1,2018-05-16 23:56:42,3,0,3,0
8jxpsi,2018-05-16 19:24:08,91,r/todayilearned,1,2018-05-16 23:28:10,2,1,15,0
8jxpsi,2018-05-16 19:24:08,91,r/todayilearned,1,2018-05-16 23:17:45,2,0,8,0
8jxpsi,2018-05-16 19:24:08,91,r/todayilearned,1,2018-05-17 00:12:27,2,1,6,0
8jxpsi,2018-05-16 19:24:08,91,r/todayilearned,1,2018-05-17 02:17:49,3,0,3,0
8jxpsi,2018-05-16 19:24:08,91,r/todayilearned,1,2018-05-16 23:32:52,2,2,11,0
8jxpsi,2018-05-16 19:24:08,91,r/todayilearned,1,2018-05-17 00:05:08,3,1,5,0
8jxpsi,2018-05-16 19:24:08,91,r/todayilearned,1,2018-05-17 00:58:32,2,0,4,0
8jxpsi,2018-05-16 19:24:08,91,r/todayilearned,1,2018-05-16 23:27:53,2,3,37,0
8jxpsi,2018-05-16 19:24:08,91,r/todayilearned,1,2018-05-17 00:01:30,3,0,8,0
8jxpsi,2018-05-16 19:24:08,91,r/todayilearned,1,2018-05-16 23:47:27,3,1,25,0
8jxpsi,2018-05-16 19:24:08,91,r/todayilearned,1,2018-05-16 23:37:34,3,0,33,0
8jxpsi,2018-05-16 19:24:08,91,r/todayilearned,1,2018-05-17 00:01:21,2,0,3,0
8jxpsi,2018-05-16 19:24:08,91,r/todayilearned,1,2018-05-17 00:39:00,2,0,3,0
8jxpsi,2018-05-16 19:24:08,91,r/todayilearned,1,2018-05-16 23:26:54,2,0,2,0
8jxpsi,2018-05-16 19:24:08,91,r/todayilearned,1,2018-05-16 23:54:56,2,0,2,0
8jxpsi,2018-05-16 19:24:08,91,r/todayilearned,1,2018-05-16 22:49:58,1,3,51,0
8jxpsi,2018-05-16 19:24:08,91,r/todayilearned,1,2018-05-16 23:19:53,2,1,25,0
8jxpsi,2018-05-16 19:24:08,91,r/todayilearned,1,2018-05-16 23:27:33,3,1,20,0
8jxpsi,2018-05-16 19:24:08,91,r/todayilearned,1,2018-05-16 23:38:53,2,1,8,0
8jxpsi,2018-05-16 19:24:08,91,r/todayilearned,1,2018-05-17 00:30:36,3,0,3,0
8jxpsi,2018-05-16 19:24:08,91,r/todayilearned,1,2018-05-17 00:55:55,2,0,3,0
8jxpsi,2018-05-16 19:24:08,91,r/todayilearned,1,2018-05-16 23:01:10,1,2,335,0
8jxpsi,2018-05-16 19:24:08,91,r/todayilearned,1,2018-05-17 01:15:52,2,1,17,0
8jxpsi,2018-05-16 19:24:08,91,r/todayilearned,1,2018-05-17 00:21:51,2,0,21,0
8jxpsi,2018-05-16 19:24:08,91,r/todayilearned,1,2018-05-16 21:03:47,1,1,220,0
8jxpsi,2018-05-16 19:24:08,91,r/todayilearned,1,2018-05-16 23:04:44,2,1,22,0
8jxpsi,2018-05-16 19:24:08,91,r/todayilearned,1,2018-05-16 22:31:37,1,3,73,0
8jxpsi,2018-05-16 19:24:08,91,r/todayilearned,1,2018-05-16 23:11:13,2,2,43,0
8jxpsi,2018-05-16 19:24:08,91,r/todayilearned,1,2018-05-16 23:28:35,3,2,93,0
8jxpsi,2018-05-16 19:24:08,91,r/todayilearned,1,2018-05-16 23:38:14,4,0,19,0
8jxpsi,2018-05-16 19:24:08,91,r/todayilearned,1,2018-05-16 23:34:12,3,2,18,0
8jxpsi,2018-05-16 19:24:08,91,r/todayilearned,1,2018-05-16 23:55:53,4,1,3,0
8jxpsi,2018-05-16 19:24:08,91,r/todayilearned,1,2018-05-16 23:59:38,5,1,2,0
8jxpsi,2018-05-16 19:24:08,91,r/todayilearned,1,2018-05-16 23:43:51,2,0,3,0
8jxpsi,2018-05-16 19:24:08,91,r/todayilearned,1,2018-05-16 23:28:26,1,1,70,0
8jxpsi,2018-05-16 19:24:08,91,r/todayilearned,1,2018-05-17 00:16:39,2,0,10,0
8jxpsi,2018-05-16 19:24:08,91,r/todayilearned,1,2018-05-16 23:38:01,1,0,24,0
8jxpsi,2018-05-16 19:24:08,91,r/todayilearned,1,2018-05-16 23:14:33,1,0,23,0
8jxpsi,2018-05-16 19:24:08,91,r/todayilearned,1,2018-05-16 23:14:51,1,0,20,0
8jxpsi,2018-05-16 19:24:08,91,r/todayilearned,1,2018-05-16 23:42:10,1,0,15,0
8jxpsi,2018-05-16 19:24:08,91,r/todayilearned,1,2018-05-16 23:08:34,1,1,14,0
8jxpsi,2018-05-16 19:24:08,91,r/todayilearned,1,2018-05-17 01:51:09,2,0,3,0
8jxpsi,2018-05-16 19:24:08,91,r/todayilearned,1,2018-05-16 23:36:18,1,0,13,0
8jxpsi,2018-05-16 19:24:08,91,r/todayilearned,1,2018-05-16 22:27:36,1,1,56,0
8jxpsi,2018-05-16 19:24:08,91,r/todayilearned,1,2018-05-16 23:23:42,2,1,25,0
8jxpsi,2018-05-16 19:24:08,91,r/todayilearned,1,2018-05-17 00:18:31,3,0,5,0
8jxpsi,2018-05-16 19:24:08,91,r/todayilearned,1,2018-05-16 22:30:24,1,1,28,0
8jxpsi,2018-05-16 19:24:08,91,r/todayilearned,1,2018-05-16 23:53:16,2,1,30,0
8jxpsi,2018-05-16 19:24:08,91,r/todayilearned,1,2018-05-17 00:28:32,3,0,4,0
8jxpsi,2018-05-16 19:24:08,91,r/todayilearned,1,2018-05-16 23:39:48,1,0,6,0
8jxpsi,2018-05-16 19:24:08,91,r/todayilearned,1,2018-05-16 22:36:04,1,1,17,0
8jxpsi,2018-05-16 19:24:08,91,r/todayilearned,1,2018-05-16 23:39:30,1,0,4,0
8jxpsi,2018-05-16 19:24:08,91,r/todayilearned,1,2018-05-16 23:45:23,1,0,5,0
8jxpsi,2018-05-16 19:24:08,91,r/todayilearned,1,2018-05-16 23:37:18,1,0,3,0
8jxpsi,2018-05-16 19:24:08,91,r/todayilearned,1,2018-05-16 23:51:24,1,0,3,0
8jxpsi,2018-05-16 19:24:08,91,r/todayilearned,1,2018-05-17 00:44:19,1,0,3,0
8jxpsi,2018-05-16 19:24:08,91,r/todayilearned,1,2018-05-16 22:19:57,1,1,8,0
8jxpsi,2018-05-16 19:24:08,91,r/todayilearned,1,2018-05-16 22:56:36,2,0,3,0
8jxpsi,2018-05-16 19:24:08,91,r/todayilearned,1,2018-05-16 21:50:08,1,2,13,0
8jxpsi,2018-05-16 19:24:08,91,r/todayilearned,1,2018-05-16 22:11:39,2,3,41,0
8jxpsi,2018-05-16 19:24:08,91,r/todayilearned,1,2018-05-16 23:26:38,3,1,7,0
8jxpsi,2018-05-16 19:24:08,91,r/todayilearned,1,2018-05-17 00:11:06,4,0,6,0
8jxpsi,2018-05-16 19:24:08,91,r/todayilearned,1,2018-05-16 22:46:09,3,1,14,0
8jxpsi,2018-05-16 19:24:08,91,r/todayilearned,2,2018-05-16 19:29:01,0,7,5613,0
8jxpsi,2018-05-16 19:24:08,91,r/todayilearned,2,2018-05-16 19:31:04,1,6,2091,0
8jxpsi,2018-05-16 19:24:08,91,r/todayilearned,2,2018-05-16 19:33:33,2,12,2895,0
8jxpsi,2018-05-16 19:24:08,91,r/todayilearned,2,2018-05-16 19:35:45,3,9,1849,0
8jxpsi,2018-05-16 19:24:08,91,r/todayilearned,2,2018-05-16 22:41:08,4,5,678,0
8jxpsi,2018-05-16 19:24:08,91,r/todayilearned,2,2018-05-16 23:39:13,5,8,165,0
8jxpsi,2018-05-16 19:24:08,91,r/todayilearned,2,2018-05-16 23:44:46,6,4,208,0
8jxpsi,2018-05-16 19:24:08,91,r/todayilearned,2,2018-05-16 23:57:08,7,4,363,0
8jxpsi,2018-05-16 19:24:08,91,r/todayilearned,2,2018-05-17 00:20:32,8,7,81,0
8jxpsi,2018-05-16 19:24:08,91,r/todayilearned,2,2018-05-17 00:23:15,9,1,247,0
8jxpsi,2018-05-16 19:24:08,91,r/todayilearned,2,2018-05-17 00:31:46,9,1,61,0
8jxpsi,2018-05-16 19:24:08,91,r/todayilearned,2,2018-05-17 00:43:34,9,1,24,0
8jxpsi,2018-05-16 19:24:08,91,r/todayilearned,2,2018-05-17 00:32:44,9,1,51,0
8jxpsi,2018-05-16 19:24:08,91,r/todayilearned,2,2018-05-17 00:32:00,9,0,19,0
8jxpsi,2018-05-16 19:24:08,91,r/todayilearned,2,2018-05-17 01:23:25,9,1,3,0
8jxpsi,2018-05-16 19:24:08,91,r/todayilearned,2,2018-05-17 00:07:14,8,0,30,0
8jxpsi,2018-05-16 19:24:08,91,r/todayilearned,2,2018-05-17 00:30:04,8,0,4,0
8jxpsi,2018-05-16 19:24:08,91,r/todayilearned,2,2018-05-17 00:02:10,7,3,27,0
8jxpsi,2018-05-16 19:24:08,91,r/todayilearned,2,2018-05-17 00:14:21,8,0,13,0
8jxpsi,2018-05-16 19:24:08,91,r/todayilearned,2,2018-05-17 00:33:02,8,1,5,0
8jxpsi,2018-05-16 19:24:08,91,r/todayilearned,2,2018-05-16 23:55:11,7,0,3,0
8jxpsi,2018-05-16 19:24:08,91,r/todayilearned,2,2018-05-16 23:49:35,6,3,64,0
8jxpsi,2018-05-16 19:24:08,91,r/todayilearned,2,2018-05-17 00:00:14,7,1,24,0
8jxpsi,2018-05-16 19:24:08,91,r/todayilearned,2,2018-05-17 00:20:54,7,0,5,0
8jxpsi,2018-05-16 19:24:08,91,r/todayilearned,2,2018-05-17 00:12:10,6,0,9,0
8jxpsi,2018-05-16 19:24:08,91,r/todayilearned,2,2018-05-17 00:17:58,6,0,10,0
8jxpsi,2018-05-16 19:24:08,91,r/todayilearned,2,2018-05-17 00:50:12,6,1,4,0
8jxpsi,2018-05-16 19:24:08,91,r/todayilearned,2,2018-05-17 00:21:17,6,1,3,0
8jxpsi,2018-05-16 19:24:08,91,r/todayilearned,2,2018-05-17 00:22:00,6,1,3,0
8jxpsi,2018-05-16 19:24:08,91,r/todayilearned,2,2018-05-16 23:39:33,5,2,29,0
8jxpsi,2018-05-16 19:24:08,91,r/todayilearned,2,2018-05-17 00:09:02,6,1,5,0
8jxpsi,2018-05-16 19:24:08,91,r/todayilearned,2,2018-05-16 23:55:21,5,0,7,0
8jxpsi,2018-05-16 19:24:08,91,r/todayilearned,2,2018-05-17 00:13:26,5,0,3,0
8jxpsi,2018-05-16 19:24:08,91,r/todayilearned,2,2018-05-16 20:33:57,4,4,137,0
8jxpsi,2018-05-16 19:24:08,91,r/todayilearned,2,2018-05-16 23:53:36,5,1,23,0
8jxpsi,2018-05-16 19:24:08,91,r/todayilearned,2,2018-05-16 22:16:30,5,5,99,0
8jxpsi,2018-05-16 19:24:08,91,r/todayilearned,2,2018-05-16 22:31:29,6,1,179,0
8jxpsi,2018-05-16 19:24:08,91,r/todayilearned,2,2018-05-16 23:42:29,7,3,59,0
8jxpsi,2018-05-16 19:24:08,91,r/todayilearned,2,2018-05-16 23:51:27,8,0,25,0
8jxpsi,2018-05-16 19:24:08,91,r/todayilearned,2,2018-05-17 00:22:41,8,0,6,0
8jxpsi,2018-05-16 19:24:08,91,r/todayilearned,2,2018-05-16 22:29:41,6,2,30,0
8jxpsi,2018-05-16 19:24:08,91,r/todayilearned,2,2018-05-16 23:39:27,7,1,13,0
8jxpsi,2018-05-16 19:24:08,91,r/todayilearned,2,2018-05-16 23:33:09,6,0,2,0
8jxpsi,2018-05-16 19:24:08,91,r/todayilearned,2,2018-05-16 23:36:28,6,0,2,0
8jxpsi,2018-05-16 19:24:08,91,r/todayilearned,2,2018-05-16 23:55:17,5,0,2,0
8jxpsi,2018-05-16 19:24:08,91,r/todayilearned,2,2018-05-16 21:01:19,4,1,16,0
8jxpsi,2018-05-16 19:24:08,91,r/todayilearned,2,2018-05-16 23:29:32,5,0,3,0
8jxpsi,2018-05-16 19:24:08,91,r/todayilearned,2,2018-05-17 00:23:55,4,0,6,0
8jxpsi,2018-05-16 19:24:08,91,r/todayilearned,2,2018-05-17 00:08:15,4,0,5,0
8jxpsi,2018-05-16 19:24:08,91,r/todayilearned,2,2018-05-16 20:18:38,4,1,12,0
8jxpsi,2018-05-16 19:24:08,91,r/todayilearned,2,2018-05-16 23:38:42,4,0,8,0
8jxpsi,2018-05-16 19:24:08,91,r/todayilearned,2,2018-05-16 23:59:36,4,0,7,0
8jxpsi,2018-05-16 19:24:08,91,r/todayilearned,2,2018-05-16 20:58:55,3,2,145,0
8jxpsi,2018-05-16 19:24:08,91,r/todayilearned,2,2018-05-16 23:18:36,4,2,94,0
8jxpsi,2018-05-16 19:24:08,91,r/todayilearned,2,2018-05-17 00:44:31,5,1,23,0
8jxpsi,2018-05-16 19:24:08,91,r/todayilearned,2,2018-05-16 23:39:58,4,0,5,0
8jxpsi,2018-05-16 19:24:08,91,r/todayilearned,2,2018-05-16 19:37:43,3,3,49,0
8jxpsi,2018-05-16 19:24:08,91,r/todayilearned,2,2018-05-16 20:54:51,4,1,7,0
8jxpsi,2018-05-16 19:24:08,91,r/todayilearned,2,2018-05-17 00:01:15,5,1,2,0
8jxpsi,2018-05-16 19:24:08,91,r/todayilearned,2,2018-05-16 21:59:16,4,0,3,0
8jxpsi,2018-05-16 19:24:08,91,r/todayilearned,2,2018-05-16 21:20:50,3,2,30,0
8jxpsi,2018-05-16 19:24:08,91,r/todayilearned,2,2018-05-16 22:32:00,4,2,12,0
8jxpsi,2018-05-16 19:24:08,91,r/todayilearned,2,2018-05-16 22:51:11,5,2,28,0
8jxpsi,2018-05-16 19:24:08,91,r/todayilearned,2,2018-05-16 23:08:18,6,1,6,0
8jxpsi,2018-05-16 19:24:08,91,r/todayilearned,2,2018-05-17 00:00:28,6,0,2,0
8jxpsi,2018-05-16 19:24:08,91,r/todayilearned,2,2018-05-16 22:43:56,5,2,7,0
8jxpsi,2018-05-16 19:24:08,91,r/todayilearned,2,2018-05-16 23:44:43,6,0,3,0
8jxpsi,2018-05-16 19:24:08,91,r/todayilearned,2,2018-05-16 21:47:45,3,1,11,0
8jxpsi,2018-05-16 19:24:08,91,r/todayilearned,2,2018-05-16 20:10:29,3,0,4,0
8jxpsi,2018-05-16 19:24:08,91,r/todayilearned,2,2018-05-16 20:29:23,3,0,3,0
8jxpsi,2018-05-16 19:24:08,91,r/todayilearned,2,2018-05-16 23:19:47,3,0,3,0
8jxpsi,2018-05-16 19:24:08,91,r/todayilearned,2,2018-05-16 23:11:33,3,1,5,0
8jxpsi,2018-05-16 19:24:08,91,r/todayilearned,2,2018-05-16 23:23:10,3,0,2,0
8jxpsi,2018-05-16 19:24:08,91,r/todayilearned,2,2018-05-16 23:41:59,3,0,2,0
8jxpsi,2018-05-16 19:24:08,91,r/todayilearned,2,2018-05-16 22:42:50,2,2,84,0
8jxpsi,2018-05-16 19:24:08,91,r/todayilearned,2,2018-05-16 23:08:34,3,3,81,0
8jxpsi,2018-05-16 19:24:08,91,r/todayilearned,2,2018-05-17 00:25:14,4,0,13,0
8jxpsi,2018-05-16 19:24:08,91,r/todayilearned,2,2018-05-17 00:48:32,4,0,3,0
8jxpsi,2018-05-16 19:24:08,91,r/todayilearned,2,2018-05-16 21:19:28,2,3,133,0
8jxpsi,2018-05-16 19:24:08,91,r/todayilearned,2,2018-05-16 22:59:50,3,3,28,0
8jxpsi,2018-05-16 19:24:08,91,r/todayilearned,2,2018-05-17 00:37:50,4,1,5,0
8jxpsi,2018-05-16 19:24:08,91,r/todayilearned,2,2018-05-17 01:38:46,5,1,13,0
8jxpsi,2018-05-16 19:24:08,91,r/todayilearned,2,2018-05-16 23:16:59,4,1,6,0
8jxpsi,2018-05-16 19:24:08,91,r/todayilearned,2,2018-05-17 01:00:17,3,0,3,0
8jxpsi,2018-05-16 19:24:08,91,r/todayilearned,2,2018-05-17 01:48:06,2,1,3,0
8jxpsi,2018-05-16 19:24:08,91,r/todayilearned,2,2018-05-16 22:18:16,2,1,6,0
8jxpsi,2018-05-16 19:24:08,91,r/todayilearned,2,2018-05-16 22:57:14,1,2,59,0
8jxpsi,2018-05-16 19:24:08,91,r/todayilearned,2,2018-05-17 00:20:42,2,0,8,0
8jxpsi,2018-05-16 19:24:08,91,r/todayilearned,2,2018-05-16 20:35:41,1,4,47,0
8jxpsi,2018-05-16 19:24:08,91,r/todayilearned,2,2018-05-16 22:28:12,2,6,228,1
8jxpsi,2018-05-16 19:24:08,91,r/todayilearned,2,2018-05-16 22:32:16,3,3,98,0
8jxpsi,2018-05-16 19:24:08,91,r/todayilearned,2,2018-05-16 23:52:04,4,3,178,1
8jxpsi,2018-05-16 19:24:08,91,r/todayilearned,2,2018-05-17 00:57:08,5,1,9,0
8jxpsi,2018-05-16 19:24:08,91,r/todayilearned,2,2018-05-17 02:20:12,5,0,6,0
8jxpsi,2018-05-16 19:24:08,91,r/todayilearned,2,2018-05-17 00:03:34,4,0,3,0
8jxpsi,2018-05-16 19:24:08,91,r/todayilearned,2,2018-05-16 23:57:21,3,0,23,0
8jxpsi,2018-05-16 19:24:08,91,r/todayilearned,2,2018-05-16 23:05:43,3,0,12,0
8jxpsi,2018-05-16 19:24:08,91,r/todayilearned,2,2018-05-17 00:26:47,3,0,4,0
8jxpsi,2018-05-16 19:24:08,91,r/todayilearned,2,2018-05-17 00:02:18,3,0,2,0
8jxpsi,2018-05-16 19:24:08,91,r/todayilearned,2,2018-05-16 23:28:32,2,0,7,0
8jxpsi,2018-05-16 19:24:08,91,r/todayilearned,2,2018-05-16 23:46:41,2,0,3,0
8jxpsi,2018-05-16 19:24:08,91,r/todayilearned,2,2018-05-16 21:41:09,1,1,34,0
8jxpsi,2018-05-16 19:24:08,91,r/todayilearned,2,2018-05-16 22:18:02,1,0,12,0
8jxpsi,2018-05-16 19:24:08,91,r/todayilearned,2,2018-05-16 23:57:50,1,0,2,0
8jxpsi,2018-05-16 19:24:08,91,r/todayilearned,3,2018-05-16 19:30:03,0,4,1023,0
8jxpsi,2018-05-16 19:24:08,91,r/todayilearned,3,2018-05-16 22:12:25,1,1,218,0
8jxpsi,2018-05-16 19:24:08,91,r/todayilearned,3,2018-05-16 23:58:20,2,3,79,0
8jxpsi,2018-05-16 19:24:08,91,r/todayilearned,3,2018-05-17 00:27:42,3,2,25,0
8jxpsi,2018-05-16 19:24:08,91,r/todayilearned,3,2018-05-17 00:34:53,4,0,12,0
8jxpsi,2018-05-16 19:24:08,91,r/todayilearned,3,2018-05-17 01:03:51,3,0,3,0
8jxpsi,2018-05-16 19:24:08,91,r/todayilearned,3,2018-05-17 00:04:58,1,0,12,0
8jxpsi,2018-05-16 19:24:08,91,r/todayilearned,3,2018-05-17 01:31:52,1,1,6,0
8jxpsi,2018-05-16 19:24:08,91,r/todayilearned,4,2018-05-16 20:45:17,0,7,2136,0
8jxpsi,2018-05-16 19:24:08,91,r/todayilearned,4,2018-05-16 21:19:43,1,2,627,0
8jxpsi,2018-05-16 19:24:08,91,r/todayilearned,4,2018-05-16 22:05:04,2,2,104,0
8jxpsi,2018-05-16 19:24:08,91,r/todayilearned,4,2018-05-16 22:34:11,3,4,49,0
8jxpsi,2018-05-16 19:24:08,91,r/todayilearned,4,2018-05-16 23:37:54,4,1,35,0
8jxpsi,2018-05-16 19:24:08,91,r/todayilearned,4,2018-05-16 23:58:25,5,1,8,0
8jxpsi,2018-05-16 19:24:08,91,r/todayilearned,4,2018-05-17 00:13:22,4,1,4,0
8jxpsi,2018-05-16 19:24:08,91,r/todayilearned,4,2018-05-17 01:55:18,5,0,3,0
8jxpsi,2018-05-16 19:24:08,91,r/todayilearned,4,2018-05-17 01:11:18,4,1,3,0
8jxpsi,2018-05-16 19:24:08,91,r/todayilearned,4,2018-05-16 22:05:45,1,5,182,0
8jxpsi,2018-05-16 19:24:08,91,r/todayilearned,4,2018-05-16 23:10:42,2,2,73,0
8jxpsi,2018-05-16 19:24:08,91,r/todayilearned,4,2018-05-16 23:48:50,3,3,20,0
8jxpsi,2018-05-16 19:24:08,91,r/todayilearned,4,2018-05-16 23:59:06,4,1,11,0
8jxpsi,2018-05-16 19:24:08,91,r/todayilearned,4,2018-05-17 01:47:52,4,0,5,0
8jxpsi,2018-05-16 19:24:08,91,r/todayilearned,4,2018-05-16 23:36:04,2,2,37,0
8jxpsi,2018-05-16 19:24:08,91,r/todayilearned,4,2018-05-17 01:04:52,3,0,10,0
8jxpsi,2018-05-16 19:24:08,91,r/todayilearned,4,2018-05-17 00:03:02,2,1,5,0
8jxpsi,2018-05-16 19:24:08,91,r/todayilearned,4,2018-05-17 00:14:41,2,0,3,0
8jxpsi,2018-05-16 19:24:08,91,r/todayilearned,4,2018-05-16 23:10:37,1,1,81,0
8jxpsi,2018-05-16 19:24:08,91,r/todayilearned,4,2018-05-17 00:36:16,1,0,6,0
8jxpsi,2018-05-16 19:24:08,91,r/todayilearned,4,2018-05-16 23:58:44,1,1,11,0
8jxpsi,2018-05-16 19:24:08,91,r/todayilearned,4,2018-05-17 00:46:08,2,1,5,0
8jxpsi,2018-05-16 19:24:08,91,r/todayilearned,4,2018-05-17 00:57:52,3,1,8,0
8jxpsi,2018-05-16 19:24:08,91,r/todayilearned,4,2018-05-16 23:45:48,1,0,5,0
8jxpsi,2018-05-16 19:24:08,91,r/todayilearned,5,2018-05-16 21:43:59,0,2,159,0
8jxpsi,2018-05-16 19:24:08,91,r/todayilearned,5,2018-05-17 00:36:56,1,0,41,0
8jxpsi,2018-05-16 19:24:08,91,r/todayilearned,6,2018-05-16 23:07:20,0,2,236,0
8jxpsi,2018-05-16 19:24:08,91,r/todayilearned,6,2018-05-17 00:08:56,1,0,6,0
8jxpsi,2018-05-16 19:24:08,91,r/todayilearned,7,2018-05-16 21:22:47,0,3,173,0
8jxpsi,2018-05-16 19:24:08,91,r/todayilearned,7,2018-05-17 00:43:43,1,0,14,0
8jxpsi,2018-05-16 19:24:08,91,r/todayilearned,7,2018-05-17 01:04:35,1,0,5,0
8jxpsi,2018-05-16 19:24:08,91,r/todayilearned,8,2018-05-17 00:59:29,0,1,47,0
8jxpsi,2018-05-16 19:24:08,91,r/todayilearned,8,2018-05-17 02:08:18,1,0,5,0
8jxpsi,2018-05-16 19:24:08,91,r/todayilearned,9,2018-05-16 23:39:26,0,2,68,0
8jxpsi,2018-05-16 19:24:08,91,r/todayilearned,9,2018-05-16 23:48:19,1,2,42,0
8jxpsi,2018-05-16 19:24:08,91,r/todayilearned,9,2018-05-16 23:57:11,2,1,15,0
8jxpsi,2018-05-16 19:24:08,91,r/todayilearned,9,2018-05-17 00:47:39,3,0,10,0
8jxpsi,2018-05-16 19:24:08,91,r/todayilearned,10,2018-05-16 19:25:12,0,2,89,0
8jxpsi,2018-05-16 19:24:08,91,r/todayilearned,10,2018-05-16 21:10:44,1,2,44,0
8jxpsi,2018-05-16 19:24:08,91,r/todayilearned,10,2018-05-16 23:42:10,2,1,16,0
8jxpsi,2018-05-16 19:24:08,91,r/todayilearned,11,2018-05-16 23:13:52,0,0,60,0
8jxpsi,2018-05-16 19:24:08,91,r/todayilearned,12,2018-05-16 23:14:24,0,2,14,0
8jxpsi,2018-05-16 19:24:08,91,r/todayilearned,12,2018-05-16 23:50:56,1,1,7,0
8jxpsi,2018-05-16 19:24:08,91,r/todayilearned,13,2018-05-16 21:21:58,0,7,995,0
8jxpsi,2018-05-16 19:24:08,91,r/todayilearned,13,2018-05-16 22:44:48,1,2,144,0
8jxpsi,2018-05-16 19:24:08,91,r/todayilearned,13,2018-05-16 23:24:58,2,1,93,0
8jxpsi,2018-05-16 19:24:08,91,r/todayilearned,13,2018-05-17 00:45:35,3,0,32,0
8jxpsi,2018-05-16 19:24:08,91,r/todayilearned,13,2018-05-16 23:23:21,2,1,22,0
8jxpsi,2018-05-16 19:24:08,91,r/todayilearned,13,2018-05-16 23:13:10,1,5,416,1
8jxpsi,2018-05-16 19:24:08,91,r/todayilearned,13,2018-05-17 00:01:54,2,0,10,0
8jxpsi,2018-05-16 19:24:08,91,r/todayilearned,13,2018-05-16 23:25:35,2,1,107,0
8jxpsi,2018-05-16 19:24:08,91,r/todayilearned,13,2018-05-16 23:28:02,3,1,126,0
8jxpsi,2018-05-16 19:24:08,91,r/todayilearned,13,2018-05-16 23:32:58,4,0,9,0
8jxpsi,2018-05-16 19:24:08,91,r/todayilearned,13,2018-05-16 23:18:45,2,2,40,0
8jxpsi,2018-05-16 19:24:08,91,r/todayilearned,13,2018-05-16 23:24:46,3,0,24,0
8jxpsi,2018-05-16 19:24:08,91,r/todayilearned,13,2018-05-17 00:09:54,2,1,7,0
8jxpsi,2018-05-16 19:24:08,91,r/todayilearned,13,2018-05-16 23:16:39,1,1,37,0
8jxpsi,2018-05-16 19:24:08,91,r/todayilearned,13,2018-05-16 23:19:01,1,1,8,0
8jxpsi,2018-05-16 19:24:08,91,r/todayilearned,13,2018-05-17 00:03:55,2,0,2,0
8jxpsi,2018-05-16 19:24:08,91,r/todayilearned,13,2018-05-16 22:10:33,1,3,157,0
8jxpsi,2018-05-16 19:24:08,91,r/todayilearned,13,2018-05-16 23:56:08,2,1,10,0
8jxpsi,2018-05-16 19:24:08,91,r/todayilearned,13,2018-05-16 23:22:42,2,3,49,0
8jxpsi,2018-05-16 19:24:08,91,r/todayilearned,13,2018-05-16 23:29:23,3,1,27,0
8jxpsi,2018-05-16 19:24:08,91,r/todayilearned,13,2018-05-16 23:47:01,4,0,10,0
8jxpsi,2018-05-16 19:24:08,91,r/todayilearned,13,2018-05-16 23:57:06,3,0,7,0
8jxpsi,2018-05-16 19:24:08,91,r/todayilearned,13,2018-05-17 00:08:03,2,0,2,0
8jxpsi,2018-05-16 19:24:08,91,r/todayilearned,13,2018-05-16 23:54:46,1,1,6,0
8jxpsi,2018-05-16 19:24:08,91,r/todayilearned,14,2018-05-16 22:58:36,0,2,18,0
8jxpsi,2018-05-16 19:24:08,91,r/todayilearned,14,2018-05-17 00:50:44,1,0,5,0
8jxpsi,2018-05-16 19:24:08,91,r/todayilearned,14,2018-05-17 01:13:45,1,0,3,0
8jxpsi,2018-05-16 19:24:08,91,r/todayilearned,15,2018-05-16 23:56:44,0,0,12,0
8jxpsi,2018-05-16 19:24:08,91,r/todayilearned,16,2018-05-16 22:58:03,0,0,6,0
8jxpsi,2018-05-16 19:24:08,91,r/todayilearned,17,2018-05-16 20:42:12,0,5,107,0
8jxpsi,2018-05-16 19:24:08,91,r/todayilearned,17,2018-05-16 20:45:20,1,0,42,0
8jxpsi,2018-05-16 19:24:08,91,r/todayilearned,17,2018-05-17 00:56:13,1,0,6,0
8jxpsi,2018-05-16 19:24:08,91,r/todayilearned,17,2018-05-17 01:16:55,1,1,6,0
8jxpsi,2018-05-16 19:24:08,91,r/todayilearned,17,2018-05-17 01:46:42,1,0,3,0
8jxpsi,2018-05-16 19:24:08,91,r/todayilearned,18,2018-05-16 22:36:49,0,1,10,0
8jxpsi,2018-05-16 19:24:08,91,r/todayilearned,18,2018-05-17 03:18:18,1,0,3,0
8jxpsi,2018-05-16 19:24:08,91,r/todayilearned,19,2018-05-16 23:38:54,0,0,6,0
8jxpsi,2018-05-16 19:24:08,91,r/todayilearned,20,2018-05-16 23:38:58,0,0,5,0
8jxpsi,2018-05-16 19:24:08,91,r/todayilearned,21,2018-05-16 21:46:55,0,0,13,0
8jxpsi,2018-05-16 19:24:08,91,r/todayilearned,22,2018-05-17 00:03:54,0,0,4,0
8jxpsi,2018-05-16 19:24:08,91,r/todayilearned,23,2018-05-17 00:51:05,0,0,4,0
8jxpsi,2018-05-16 19:24:08,91,r/todayilearned,24,2018-05-17 02:56:52,0,0,4,0
8jxpsi,2018-05-16 19:24:08,91,r/todayilearned,25,2018-05-17 00:09:52,0,0,9,0
8jxpsi,2018-05-16 19:24:08,91,r/todayilearned,26,2018-05-16 23:40:05,0,0,6,0
8jxpsi,2018-05-16 19:24:08,91,r/todayilearned,27,2018-05-17 00:24:09,0,0,3,0
8jxpsi,2018-05-16 19:24:08,91,r/todayilearned,28,2018-05-17 00:28:11,0,1,3,0
8jxpsi,2018-05-16 19:24:08,91,r/todayilearned,29,2018-05-17 00:34:11,0,0,3,0
8jxpsi,2018-05-16 19:24:08,91,r/todayilearned,30,2018-05-17 00:52:57,0,0,3,0
8jxpsi,2018-05-16 19:24:08,91,r/todayilearned,31,2018-05-17 01:00:25,0,0,3,0
8jxpsi,2018-05-16 19:24:08,91,r/todayilearned,32,2018-05-17 02:55:56,0,0,3,0
8jxpsi,2018-05-16 19:24:08,91,r/todayilearned,33,2018-05-16 19:58:53,0,1,34,0
8jxpsi,2018-05-16 19:24:08,91,r/todayilearned,34,2018-05-16 22:14:09,0,1,11,0
8jxpsi,2018-05-16 19:24:08,91,r/todayilearned,35,2018-05-16 22:05:07,0,0,3,0
8jxpsi,2018-05-16 19:24:08,91,r/todayilearned,36,2018-05-16 20:25:42,0,0,2,0
8jxpsi,2018-05-16 19:24:08,91,r/todayilearned,37,2018-05-16 22:17:51,0,0,2,0
8jxpsi,2018-05-16 19:24:08,91,r/todayilearned,38,2018-05-16 23:06:16,0,0,2,0
8jxpsi,2018-05-16 19:24:08,91,r/todayilearned,39,2018-05-16 23:08:31,0,0,2,0
8jxpsi,2018-05-16 19:24:08,91,r/todayilearned,40,2018-05-16 23:34:18,0,0,2,0
8jxpsi,2018-05-16 19:24:08,91,r/todayilearned,41,2018-05-16 23:50:10,0,1,2,0
8jxpsi,2018-05-16 19:24:08,91,r/todayilearned,41,2018-05-16 23:51:33,1,0,5,0
8jxpsi,2018-05-16 19:24:08,91,r/todayilearned,42,2018-05-16 23:51:48,0,1,2,0
8jwh2f,2018-05-16 16:50:33,92,r/justneckbeardthings,0,2018-05-16 17:42:27,0,14,3244,0
8jwh2f,2018-05-16 16:50:33,92,r/justneckbeardthings,0,2018-05-16 18:33:53,1,4,1022,0
8jwh2f,2018-05-16 16:50:33,92,r/justneckbeardthings,0,2018-05-16 18:47:35,2,2,372,0
8jwh2f,2018-05-16 16:50:33,92,r/justneckbeardthings,0,2018-05-16 18:49:53,3,1,804,0
8jwh2f,2018-05-16 16:50:33,92,r/justneckbeardthings,0,2018-05-16 19:49:55,4,0,350,0
8jwh2f,2018-05-16 16:50:33,92,r/justneckbeardthings,0,2018-05-16 20:46:01,2,2,28,0
8jwh2f,2018-05-16 16:50:33,92,r/justneckbeardthings,0,2018-05-16 20:49:32,3,0,8,0
8jwh2f,2018-05-16 16:50:33,92,r/justneckbeardthings,0,2018-05-17 00:06:16,3,0,2,0
8jwh2f,2018-05-16 16:50:33,92,r/justneckbeardthings,0,2018-05-16 20:28:45,2,1,31,0
8jwh2f,2018-05-16 16:50:33,92,r/justneckbeardthings,0,2018-05-16 20:34:12,3,0,34,0
8jwh2f,2018-05-16 16:50:33,92,r/justneckbeardthings,0,2018-05-17 00:31:38,2,0,3,0
8jwh2f,2018-05-16 16:50:33,92,r/justneckbeardthings,0,2018-05-16 20:17:35,1,0,197,0
8jwh2f,2018-05-16 16:50:33,92,r/justneckbeardthings,0,2018-05-16 20:12:36,1,2,49,0
8jwh2f,2018-05-16 16:50:33,92,r/justneckbeardthings,0,2018-05-16 21:10:40,2,1,20,0
8jwh2f,2018-05-16 16:50:33,92,r/justneckbeardthings,0,2018-05-16 21:26:29,3,0,19,0
8jwh2f,2018-05-16 16:50:33,92,r/justneckbeardthings,0,2018-05-16 20:44:29,2,1,16,0
8jwh2f,2018-05-16 16:50:33,92,r/justneckbeardthings,0,2018-05-16 22:03:28,3,0,1,0
8jwh2f,2018-05-16 16:50:33,92,r/justneckbeardthings,0,2018-05-16 20:52:40,1,2,22,0
8jwh2f,2018-05-16 16:50:33,92,r/justneckbeardthings,0,2018-05-16 21:08:28,2,1,4,0
8jwh2f,2018-05-16 16:50:33,92,r/justneckbeardthings,0,2018-05-16 22:06:35,3,0,5,0
8jwh2f,2018-05-16 16:50:33,92,r/justneckbeardthings,0,2018-05-17 02:17:48,2,1,1,0
8jwh2f,2018-05-16 16:50:33,92,r/justneckbeardthings,0,2018-05-17 03:20:54,3,0,1,0
8jwh2f,2018-05-16 16:50:33,92,r/justneckbeardthings,0,2018-05-16 20:52:29,1,0,2,0
8jwh2f,2018-05-16 16:50:33,92,r/justneckbeardthings,0,2018-05-16 20:40:27,1,0,1,0
8jwh2f,2018-05-16 16:50:33,92,r/justneckbeardthings,0,2018-05-16 21:58:38,1,0,1,0
8jwh2f,2018-05-16 16:50:33,92,r/justneckbeardthings,0,2018-05-16 22:07:12,1,0,1,0
8jwh2f,2018-05-16 16:50:33,92,r/justneckbeardthings,0,2018-05-16 22:42:40,1,0,1,0
8jwh2f,2018-05-16 16:50:33,92,r/justneckbeardthings,0,2018-05-16 23:45:08,1,0,1,0
8jwh2f,2018-05-16 16:50:33,92,r/justneckbeardthings,0,2018-05-17 01:11:30,1,0,1,0
8jwh2f,2018-05-16 16:50:33,92,r/justneckbeardthings,0,2018-05-17 01:46:35,1,0,1,0
8jwh2f,2018-05-16 16:50:33,92,r/justneckbeardthings,0,2018-05-17 03:46:31,1,0,1,0
8jwh2f,2018-05-16 16:50:33,92,r/justneckbeardthings,1,2018-05-16 17:17:37,0,15,6952,0
8jwh2f,2018-05-16 16:50:33,92,r/justneckbeardthings,1,2018-05-16 18:25:01,1,20,4286,0
8jwh2f,2018-05-16 16:50:33,92,r/justneckbeardthings,1,2018-05-16 18:27:52,2,12,1104,0
8jwh2f,2018-05-16 16:50:33,92,r/justneckbeardthings,1,2018-05-16 18:44:44,3,3,661,0
8jwh2f,2018-05-16 16:50:33,92,r/justneckbeardthings,1,2018-05-16 19:20:42,4,4,194,0
8jwh2f,2018-05-16 16:50:33,92,r/justneckbeardthings,1,2018-05-16 19:26:35,5,3,128,0
8jwh2f,2018-05-16 16:50:33,92,r/justneckbeardthings,1,2018-05-16 19:51:01,6,1,54,0
8jwh2f,2018-05-16 16:50:33,92,r/justneckbeardthings,1,2018-05-16 21:01:46,7,1,8,0
8jwh2f,2018-05-16 16:50:33,92,r/justneckbeardthings,1,2018-05-16 21:25:13,8,1,6,0
8jwh2f,2018-05-16 16:50:33,92,r/justneckbeardthings,1,2018-05-17 02:46:38,9,0,2,0
8jwh2f,2018-05-16 16:50:33,92,r/justneckbeardthings,1,2018-05-16 23:19:16,6,0,1,0
8jwh2f,2018-05-16 16:50:33,92,r/justneckbeardthings,1,2018-05-16 20:23:46,5,4,10,0
8jwh2f,2018-05-16 16:50:33,92,r/justneckbeardthings,1,2018-05-16 20:38:30,6,2,42,0
8jwh2f,2018-05-16 16:50:33,92,r/justneckbeardthings,1,2018-05-16 22:10:03,7,0,9,0
8jwh2f,2018-05-16 16:50:33,92,r/justneckbeardthings,1,2018-05-16 21:10:33,7,0,3,0
8jwh2f,2018-05-16 16:50:33,92,r/justneckbeardthings,1,2018-05-16 20:40:05,6,2,25,0
8jwh2f,2018-05-16 16:50:33,92,r/justneckbeardthings,1,2018-05-16 22:57:52,7,0,7,0
8jwh2f,2018-05-16 16:50:33,92,r/justneckbeardthings,1,2018-05-16 21:10:07,7,0,1,0
8jwh2f,2018-05-16 16:50:33,92,r/justneckbeardthings,1,2018-05-16 22:10:58,6,1,2,0
8jwh2f,2018-05-16 16:50:33,92,r/justneckbeardthings,1,2018-05-16 22:31:01,7,0,3,0
8jwh2f,2018-05-16 16:50:33,92,r/justneckbeardthings,1,2018-05-17 00:07:52,6,1,2,0
8jwh2f,2018-05-16 16:50:33,92,r/justneckbeardthings,1,2018-05-17 01:01:37,7,0,2,0
8jwh2f,2018-05-16 16:50:33,92,r/justneckbeardthings,1,2018-05-16 22:07:27,5,0,2,0
8jwh2f,2018-05-16 16:50:33,92,r/justneckbeardthings,1,2018-05-17 01:57:12,5,0,1,0
8jwh2f,2018-05-16 16:50:33,92,r/justneckbeardthings,1,2018-05-16 19:18:07,4,2,53,0
8jwh2f,2018-05-16 16:50:33,92,r/justneckbeardthings,1,2018-05-16 19:47:10,5,1,31,0
8jwh2f,2018-05-16 16:50:33,92,r/justneckbeardthings,1,2018-05-16 20:07:46,6,0,2,0
8jwh2f,2018-05-16 16:50:33,92,r/justneckbeardthings,1,2018-05-16 21:18:41,4,1,1,0
8jwh2f,2018-05-16 16:50:33,92,r/justneckbeardthings,1,2018-05-16 21:27:21,5,0,1,0
8jwh2f,2018-05-16 16:50:33,92,r/justneckbeardthings,1,2018-05-16 19:56:08,3,4,161,0
8jwh2f,2018-05-16 16:50:33,92,r/justneckbeardthings,1,2018-05-16 20:10:24,4,1,43,0
8jwh2f,2018-05-16 16:50:33,92,r/justneckbeardthings,1,2018-05-16 20:18:11,5,1,29,0
8jwh2f,2018-05-16 16:50:33,92,r/justneckbeardthings,1,2018-05-16 20:56:08,6,2,38,0
8jwh2f,2018-05-16 16:50:33,92,r/justneckbeardthings,1,2018-05-16 21:59:27,7,2,23,0
8jwh2f,2018-05-16 16:50:33,92,r/justneckbeardthings,1,2018-05-16 22:22:45,8,0,11,0
8jwh2f,2018-05-16 16:50:33,92,r/justneckbeardthings,1,2018-05-16 22:40:53,8,0,6,0
8jwh2f,2018-05-16 16:50:33,92,r/justneckbeardthings,1,2018-05-16 23:37:03,7,0,3,0
8jwh2f,2018-05-16 16:50:33,92,r/justneckbeardthings,1,2018-05-16 21:17:30,4,2,10,0
8jwh2f,2018-05-16 16:50:33,92,r/justneckbeardthings,1,2018-05-16 21:59:57,5,0,3,0
8jwh2f,2018-05-16 16:50:33,92,r/justneckbeardthings,1,2018-05-16 22:00:52,5,0,3,0
8jwh2f,2018-05-16 16:50:33,92,r/justneckbeardthings,1,2018-05-17 00:36:54,4,0,3,0
8jwh2f,2018-05-16 16:50:33,92,r/justneckbeardthings,1,2018-05-16 22:51:15,4,0,2,0
8jwh2f,2018-05-16 16:50:33,92,r/justneckbeardthings,1,2018-05-16 19:13:16,3,2,38,0
8jwh2f,2018-05-16 16:50:33,92,r/justneckbeardthings,1,2018-05-16 20:09:18,4,0,11,0
8jwh2f,2018-05-16 16:50:33,92,r/justneckbeardthings,1,2018-05-16 22:22:18,4,0,1,0
8jwh2f,2018-05-16 16:50:33,92,r/justneckbeardthings,1,2018-05-16 19:48:40,3,2,13,0
8jwh2f,2018-05-16 16:50:33,92,r/justneckbeardthings,1,2018-05-16 20:08:33,4,0,9,0
8jwh2f,2018-05-16 16:50:33,92,r/justneckbeardthings,1,2018-05-16 20:04:20,4,1,1,0
8jwh2f,2018-05-16 16:50:33,92,r/justneckbeardthings,1,2018-05-16 20:10:54,5,0,1,0
8jwh2f,2018-05-16 16:50:33,92,r/justneckbeardthings,1,2018-05-16 20:57:22,3,1,9,0
8jwh2f,2018-05-16 16:50:33,92,r/justneckbeardthings,1,2018-05-16 21:06:24,4,1,3,0
8jwh2f,2018-05-16 16:50:33,92,r/justneckbeardthings,1,2018-05-16 21:54:26,5,0,1,0
8jwh2f,2018-05-16 16:50:33,92,r/justneckbeardthings,1,2018-05-16 21:17:58,3,0,1,0
8jwh2f,2018-05-16 16:50:33,92,r/justneckbeardthings,1,2018-05-16 21:42:32,3,0,1,0
8jwh2f,2018-05-16 16:50:33,92,r/justneckbeardthings,1,2018-05-16 22:16:37,3,0,1,0
8jwh2f,2018-05-16 16:50:33,92,r/justneckbeardthings,1,2018-05-16 22:43:57,3,0,1,0
8jwh2f,2018-05-16 16:50:33,92,r/justneckbeardthings,1,2018-05-16 23:09:47,3,0,1,0
8jwh2f,2018-05-16 16:50:33,92,r/justneckbeardthings,1,2018-05-16 23:39:50,3,0,1,0
8jwh2f,2018-05-16 16:50:33,92,r/justneckbeardthings,1,2018-05-17 01:14:12,3,0,1,0
8jwh2f,2018-05-16 16:50:33,92,r/justneckbeardthings,1,2018-05-16 19:52:36,2,2,51,0
8jwh2f,2018-05-16 16:50:33,92,r/justneckbeardthings,1,2018-05-16 21:41:09,3,2,43,0
8jwh2f,2018-05-16 16:50:33,92,r/justneckbeardthings,1,2018-05-16 23:35:04,4,0,6,0
8jwh2f,2018-05-16 16:50:33,92,r/justneckbeardthings,1,2018-05-17 01:35:35,4,0,1,0
8jwh2f,2018-05-16 16:50:33,92,r/justneckbeardthings,1,2018-05-16 21:40:28,3,1,7,0
8jwh2f,2018-05-16 16:50:33,92,r/justneckbeardthings,1,2018-05-17 04:08:57,4,0,1,0
8jwh2f,2018-05-16 16:50:33,92,r/justneckbeardthings,1,2018-05-16 18:54:11,2,1,79,0
8jwh2f,2018-05-16 16:50:33,92,r/justneckbeardthings,1,2018-05-16 19:09:18,3,9,106,0
8jwh2f,2018-05-16 16:50:33,92,r/justneckbeardthings,1,2018-05-16 19:20:54,4,1,67,0
8jwh2f,2018-05-16 16:50:33,92,r/justneckbeardthings,1,2018-05-16 20:19:41,5,3,31,0
8jwh2f,2018-05-16 16:50:33,92,r/justneckbeardthings,1,2018-05-16 22:02:04,6,1,7,0
8jwh2f,2018-05-16 16:50:33,92,r/justneckbeardthings,1,2018-05-16 22:13:51,7,0,8,0
8jwh2f,2018-05-16 16:50:33,92,r/justneckbeardthings,1,2018-05-16 20:47:51,6,1,11,0
8jwh2f,2018-05-16 16:50:33,92,r/justneckbeardthings,1,2018-05-16 20:50:39,7,0,4,0
8jwh2f,2018-05-16 16:50:33,92,r/justneckbeardthings,1,2018-05-17 01:19:24,6,0,1,0
8jwh2f,2018-05-16 16:50:33,92,r/justneckbeardthings,1,2018-05-16 19:36:33,4,1,38,0
8jwh2f,2018-05-16 16:50:33,92,r/justneckbeardthings,1,2018-05-16 19:53:01,5,1,40,0
8jwh2f,2018-05-16 16:50:33,92,r/justneckbeardthings,1,2018-05-16 20:46:38,6,1,11,0
8jwh2f,2018-05-16 16:50:33,92,r/justneckbeardthings,1,2018-05-17 05:09:11,7,0,1,0
8jwh2f,2018-05-16 16:50:33,92,r/justneckbeardthings,1,2018-05-16 19:38:13,4,0,14,0
8jwh2f,2018-05-16 16:50:33,92,r/justneckbeardthings,1,2018-05-16 20:02:48,4,1,23,0
8jwh2f,2018-05-16 16:50:33,92,r/justneckbeardthings,1,2018-05-16 20:24:22,5,1,6,0
8jwh2f,2018-05-16 16:50:33,92,r/justneckbeardthings,1,2018-05-16 19:53:12,4,0,9,0
8jwh2f,2018-05-16 16:50:33,92,r/justneckbeardthings,1,2018-05-16 19:53:36,4,0,4,0
8jwh2f,2018-05-16 16:50:33,92,r/justneckbeardthings,1,2018-05-16 21:10:44,4,1,2,0
8jwh2f,2018-05-16 16:50:33,92,r/justneckbeardthings,1,2018-05-16 21:21:44,5,0,2,0
8jwh2f,2018-05-16 16:50:33,92,r/justneckbeardthings,1,2018-05-16 20:17:42,4,0,4,0
8jwh2f,2018-05-16 16:50:33,92,r/justneckbeardthings,1,2018-05-16 23:03:01,4,0,1,0
8jwh2f,2018-05-16 16:50:33,92,r/justneckbeardthings,1,2018-05-16 19:03:11,2,0,33,0
8jwh2f,2018-05-16 16:50:33,92,r/justneckbeardthings,1,2018-05-16 18:29:14,2,0,22,0
8jwh2f,2018-05-16 16:50:33,92,r/justneckbeardthings,1,2018-05-16 20:20:52,2,0,5,0
8jwh2f,2018-05-16 16:50:33,92,r/justneckbeardthings,1,2018-05-16 20:14:24,2,0,5,0
8jwh2f,2018-05-16 16:50:33,92,r/justneckbeardthings,1,2018-05-16 20:16:11,2,0,5,0
8jwh2f,2018-05-16 16:50:33,92,r/justneckbeardthings,1,2018-05-16 19:22:28,2,2,8,0
8jwh2f,2018-05-16 16:50:33,92,r/justneckbeardthings,1,2018-05-16 20:10:08,3,2,29,0
8jwh2f,2018-05-16 16:50:33,92,r/justneckbeardthings,1,2018-05-16 22:43:04,4,0,5,0
8jwh2f,2018-05-16 16:50:33,92,r/justneckbeardthings,1,2018-05-17 04:31:07,4,0,1,0
8jwh2f,2018-05-16 16:50:33,92,r/justneckbeardthings,1,2018-05-16 19:50:43,3,1,12,0
8jwh2f,2018-05-16 16:50:33,92,r/justneckbeardthings,1,2018-05-16 19:57:33,4,1,8,0
8jwh2f,2018-05-16 16:50:33,92,r/justneckbeardthings,1,2018-05-16 20:23:49,5,0,2,0
8jwh2f,2018-05-16 16:50:33,92,r/justneckbeardthings,1,2018-05-16 20:16:07,2,0,2,0
8jwh2f,2018-05-16 16:50:33,92,r/justneckbeardthings,1,2018-05-16 21:22:33,2,1,2,0
8jwh2f,2018-05-16 16:50:33,92,r/justneckbeardthings,1,2018-05-17 02:15:32,3,0,1,0
8jwh2f,2018-05-16 16:50:33,92,r/justneckbeardthings,1,2018-05-16 20:09:45,2,0,1,0
8jwh2f,2018-05-16 16:50:33,92,r/justneckbeardthings,1,2018-05-16 20:21:38,2,0,1,0
8jwh2f,2018-05-16 16:50:33,92,r/justneckbeardthings,1,2018-05-16 21:09:35,2,0,1,0
8jwh2f,2018-05-16 16:50:33,92,r/justneckbeardthings,1,2018-05-16 21:31:27,2,0,1,0
8jwh2f,2018-05-16 16:50:33,92,r/justneckbeardthings,1,2018-05-16 22:50:06,2,0,1,0
8jwh2f,2018-05-16 16:50:33,92,r/justneckbeardthings,1,2018-05-17 00:18:02,2,0,1,0
8jwh2f,2018-05-16 16:50:33,92,r/justneckbeardthings,1,2018-05-17 01:57:01,2,0,1,0
8jwh2f,2018-05-16 16:50:33,92,r/justneckbeardthings,1,2018-05-17 02:45:54,2,0,1,0
8jwh2f,2018-05-16 16:50:33,92,r/justneckbeardthings,1,2018-05-16 18:04:43,1,0,77,0
8jwh2f,2018-05-16 16:50:33,92,r/justneckbeardthings,1,2018-05-16 19:45:04,1,1,18,0
8jwh2f,2018-05-16 16:50:33,92,r/justneckbeardthings,1,2018-05-16 20:44:51,2,0,11,0
8jwh2f,2018-05-16 16:50:33,92,r/justneckbeardthings,1,2018-05-16 19:48:19,1,0,5,0
8jwh2f,2018-05-16 16:50:33,92,r/justneckbeardthings,1,2018-05-16 21:19:58,1,1,3,0
8jwh2f,2018-05-16 16:50:33,92,r/justneckbeardthings,1,2018-05-17 02:39:38,2,0,1,0
8jwh2f,2018-05-16 16:50:33,92,r/justneckbeardthings,1,2018-05-16 20:56:03,1,0,1,0
8jwh2f,2018-05-16 16:50:33,92,r/justneckbeardthings,1,2018-05-16 21:05:37,1,0,1,0
8jwh2f,2018-05-16 16:50:33,92,r/justneckbeardthings,1,2018-05-16 21:06:53,1,0,1,0
8jwh2f,2018-05-16 16:50:33,92,r/justneckbeardthings,1,2018-05-16 22:49:37,1,0,1,0
8jwh2f,2018-05-16 16:50:33,92,r/justneckbeardthings,1,2018-05-16 22:58:48,1,0,1,0
8jwh2f,2018-05-16 16:50:33,92,r/justneckbeardthings,1,2018-05-16 23:16:16,1,0,1,0
8jwh2f,2018-05-16 16:50:33,92,r/justneckbeardthings,1,2018-05-16 23:20:05,1,0,1,0
8jwh2f,2018-05-16 16:50:33,92,r/justneckbeardthings,1,2018-05-17 02:42:07,1,0,1,0
8jwh2f,2018-05-16 16:50:33,92,r/justneckbeardthings,1,2018-05-16 20:09:27,1,1,-1,0
8jwh2f,2018-05-16 16:50:33,92,r/justneckbeardthings,1,2018-05-16 20:36:56,2,0,6,0
8jwh2f,2018-05-16 16:50:33,92,r/justneckbeardthings,2,2018-05-16 17:13:36,0,7,1738,0
8jwh2f,2018-05-16 16:50:33,92,r/justneckbeardthings,2,2018-05-16 17:23:36,1,3,288,0
8jwh2f,2018-05-16 16:50:33,92,r/justneckbeardthings,2,2018-05-16 18:35:57,2,3,310,0
8jwh2f,2018-05-16 16:50:33,92,r/justneckbeardthings,2,2018-05-16 19:52:09,3,0,96,0
8jwh2f,2018-05-16 16:50:33,92,r/justneckbeardthings,2,2018-05-16 20:04:56,3,0,38,0
8jwh2f,2018-05-16 16:50:33,92,r/justneckbeardthings,2,2018-05-16 22:07:35,3,0,4,0
8jwh2f,2018-05-16 16:50:33,92,r/justneckbeardthings,2,2018-05-16 21:58:56,2,0,3,0
8jwh2f,2018-05-16 16:50:33,92,r/justneckbeardthings,2,2018-05-16 18:57:32,1,2,28,0
8jwh2f,2018-05-16 16:50:33,92,r/justneckbeardthings,2,2018-05-16 20:35:22,2,0,22,0
8jwh2f,2018-05-16 16:50:33,92,r/justneckbeardthings,2,2018-05-17 01:37:37,2,0,1,0
8jwh2f,2018-05-16 16:50:33,92,r/justneckbeardthings,2,2018-05-16 20:35:08,1,0,28,0
8jwh2f,2018-05-16 16:50:33,92,r/justneckbeardthings,2,2018-05-16 18:57:29,1,0,22,0
8jwh2f,2018-05-16 16:50:33,92,r/justneckbeardthings,2,2018-05-16 21:29:16,1,0,6,0
8jwh2f,2018-05-16 16:50:33,92,r/justneckbeardthings,2,2018-05-16 20:24:48,1,0,2,0
8jwh2f,2018-05-16 16:50:33,92,r/justneckbeardthings,3,2018-05-16 18:08:15,0,6,1125,0
8jwh2f,2018-05-16 16:50:33,92,r/justneckbeardthings,3,2018-05-16 18:24:07,1,5,298,0
8jwh2f,2018-05-16 16:50:33,92,r/justneckbeardthings,3,2018-05-16 20:47:16,2,9,174,0
8jwh2f,2018-05-16 16:50:33,92,r/justneckbeardthings,3,2018-05-16 21:01:12,3,2,70,0
8jwh2f,2018-05-16 16:50:33,92,r/justneckbeardthings,3,2018-05-17 00:54:56,4,1,7,0
8jwh2f,2018-05-16 16:50:33,92,r/justneckbeardthings,3,2018-05-17 02:01:07,5,0,2,0
8jwh2f,2018-05-16 16:50:33,92,r/justneckbeardthings,3,2018-05-17 02:24:00,4,0,1,0
8jwh2f,2018-05-16 16:50:33,92,r/justneckbeardthings,3,2018-05-16 21:07:15,3,3,38,0
8jwh2f,2018-05-16 16:50:33,92,r/justneckbeardthings,3,2018-05-16 21:44:11,4,0,34,0
8jwh2f,2018-05-16 16:50:33,92,r/justneckbeardthings,3,2018-05-17 01:52:08,4,0,1,0
8jwh2f,2018-05-16 16:50:33,92,r/justneckbeardthings,3,2018-05-17 02:30:20,4,0,1,0
8jwh2f,2018-05-16 16:50:33,92,r/justneckbeardthings,3,2018-05-16 20:51:20,3,1,18,0
8jwh2f,2018-05-16 16:50:33,92,r/justneckbeardthings,3,2018-05-16 23:37:01,4,0,2,0
8jwh2f,2018-05-16 16:50:33,92,r/justneckbeardthings,3,2018-05-16 21:06:40,3,0,4,0
8jwh2f,2018-05-16 16:50:33,92,r/justneckbeardthings,3,2018-05-16 21:39:03,3,0,2,0
8jwh2f,2018-05-16 16:50:33,92,r/justneckbeardthings,3,2018-05-16 21:46:42,3,2,8,0
8jwh2f,2018-05-16 16:50:33,92,r/justneckbeardthings,3,2018-05-17 00:58:37,4,0,7,0
8jwh2f,2018-05-16 16:50:33,92,r/justneckbeardthings,3,2018-05-17 01:24:33,4,1,2,0
8jwh2f,2018-05-16 16:50:33,92,r/justneckbeardthings,3,2018-05-17 02:31:29,5,2,1,0
8jwh2f,2018-05-16 16:50:33,92,r/justneckbeardthings,3,2018-05-17 02:34:48,6,0,2,0
8jwh2f,2018-05-16 16:50:33,92,r/justneckbeardthings,3,2018-05-17 03:29:59,6,1,1,0
8jwh2f,2018-05-16 16:50:33,92,r/justneckbeardthings,3,2018-05-17 04:13:24,7,0,1,0
8jwh2f,2018-05-16 16:50:33,92,r/justneckbeardthings,3,2018-05-17 02:43:32,3,0,1,0
8jwh2f,2018-05-16 16:50:33,92,r/justneckbeardthings,3,2018-05-17 04:30:38,3,0,1,0
8jwh2f,2018-05-16 16:50:33,92,r/justneckbeardthings,3,2018-05-16 22:48:20,2,0,2,0
8jwh2f,2018-05-16 16:50:33,92,r/justneckbeardthings,3,2018-05-16 22:57:03,2,0,1,0
8jwh2f,2018-05-16 16:50:33,92,r/justneckbeardthings,3,2018-05-17 01:30:08,2,0,1,0
8jwh2f,2018-05-16 16:50:33,92,r/justneckbeardthings,3,2018-05-16 19:42:52,2,4,-30,0
8jwh2f,2018-05-16 16:50:33,92,r/justneckbeardthings,3,2018-05-16 19:57:17,3,0,115,0
8jwh2f,2018-05-16 16:50:33,92,r/justneckbeardthings,3,2018-05-16 20:08:07,3,1,33,0
8jwh2f,2018-05-16 16:50:33,92,r/justneckbeardthings,3,2018-05-16 20:11:05,4,1,18,0
8jwh2f,2018-05-16 16:50:33,92,r/justneckbeardthings,3,2018-05-16 20:21:09,5,1,14,0
8jwh2f,2018-05-16 16:50:33,92,r/justneckbeardthings,3,2018-05-16 20:22:23,6,1,19,0
8jwh2f,2018-05-16 16:50:33,92,r/justneckbeardthings,3,2018-05-16 20:22:59,7,0,7,0
8jwh2f,2018-05-16 16:50:33,92,r/justneckbeardthings,3,2018-05-16 21:35:58,3,0,5,0
8jwh2f,2018-05-16 16:50:33,92,r/justneckbeardthings,3,2018-05-16 20:47:20,3,0,2,0
8jwh2f,2018-05-16 16:50:33,92,r/justneckbeardthings,3,2018-05-16 18:26:29,1,1,84,0
8jwh2f,2018-05-16 16:50:33,92,r/justneckbeardthings,3,2018-05-17 00:02:26,2,0,2,0
8jwh2f,2018-05-16 16:50:33,92,r/justneckbeardthings,3,2018-05-16 19:13:14,1,4,41,0
8jwh2f,2018-05-16 16:50:33,92,r/justneckbeardthings,3,2018-05-16 19:56:26,2,0,14,0
8jwh2f,2018-05-16 16:50:33,92,r/justneckbeardthings,3,2018-05-16 20:36:27,2,0,5,0
8jwh2f,2018-05-16 16:50:33,92,r/justneckbeardthings,3,2018-05-16 21:24:21,2,0,1,0
8jwh2f,2018-05-16 16:50:33,92,r/justneckbeardthings,3,2018-05-16 19:50:22,1,0,4,0
8jwh2f,2018-05-16 16:50:33,92,r/justneckbeardthings,3,2018-05-16 21:11:18,1,0,1,0
8jwh2f,2018-05-16 16:50:33,92,r/justneckbeardthings,4,2018-05-16 17:02:00,0,1,787,0
8jwh2f,2018-05-16 16:50:33,92,r/justneckbeardthings,4,2018-05-16 19:12:35,1,3,74,0
8jwh2f,2018-05-16 16:50:33,92,r/justneckbeardthings,4,2018-05-16 20:07:52,2,0,36,0
8jwh2f,2018-05-16 16:50:33,92,r/justneckbeardthings,4,2018-05-16 20:54:28,2,0,1,0
8jwh2f,2018-05-16 16:50:33,92,r/justneckbeardthings,5,2018-05-16 17:30:11,0,4,491,0
8jwh2f,2018-05-16 16:50:33,92,r/justneckbeardthings,5,2018-05-16 18:00:02,1,2,196,0
8jwh2f,2018-05-16 16:50:33,92,r/justneckbeardthings,5,2018-05-16 19:11:17,2,1,62,0
8jwh2f,2018-05-16 16:50:33,92,r/justneckbeardthings,5,2018-05-17 01:26:03,3,1,3,0
8jwh2f,2018-05-16 16:50:33,92,r/justneckbeardthings,5,2018-05-17 01:27:55,4,0,2,0
8jwh2f,2018-05-16 16:50:33,92,r/justneckbeardthings,5,2018-05-16 18:10:43,2,2,32,0
8jwh2f,2018-05-16 16:50:33,92,r/justneckbeardthings,5,2018-05-16 18:16:30,3,2,48,0
8jwh2f,2018-05-16 16:50:33,92,r/justneckbeardthings,5,2018-05-16 19:07:52,4,2,32,0
8jwh2f,2018-05-16 16:50:33,92,r/justneckbeardthings,5,2018-05-16 19:29:16,5,1,19,0
8jwh2f,2018-05-16 16:50:33,92,r/justneckbeardthings,5,2018-05-17 01:22:35,6,0,2,0
8jwh2f,2018-05-16 16:50:33,92,r/justneckbeardthings,5,2018-05-16 19:27:29,5,2,5,0
8jwh2f,2018-05-16 16:50:33,92,r/justneckbeardthings,5,2018-05-16 19:29:47,6,3,17,0
8jwh2f,2018-05-16 16:50:33,92,r/justneckbeardthings,5,2018-05-16 19:36:12,7,0,7,0
8jwh2f,2018-05-16 16:50:33,92,r/justneckbeardthings,5,2018-05-16 20:22:57,7,0,1,0
8jwh2f,2018-05-16 16:50:33,92,r/justneckbeardthings,5,2018-05-16 21:43:54,7,0,1,0
8jwh2f,2018-05-16 16:50:33,92,r/justneckbeardthings,5,2018-05-16 20:36:39,6,1,1,0
8jwh2f,2018-05-16 16:50:33,92,r/justneckbeardthings,5,2018-05-16 21:22:24,7,0,2,0
8jwh2f,2018-05-16 16:50:33,92,r/justneckbeardthings,5,2018-05-16 22:44:05,4,0,2,0
8jwh2f,2018-05-16 16:50:33,92,r/justneckbeardthings,5,2018-05-16 19:14:14,3,0,3,0
8jwh2f,2018-05-16 16:50:33,92,r/justneckbeardthings,5,2018-05-16 18:59:41,1,1,10,0
8jwh2f,2018-05-16 16:50:33,92,r/justneckbeardthings,5,2018-05-16 20:57:39,2,1,5,0
8jwh2f,2018-05-16 16:50:33,92,r/justneckbeardthings,5,2018-05-16 21:11:34,3,1,2,0
8jwh2f,2018-05-16 16:50:33,92,r/justneckbeardthings,5,2018-05-16 21:12:11,4,0,2,0
8jwh2f,2018-05-16 16:50:33,92,r/justneckbeardthings,5,2018-05-16 19:05:51,1,0,9,0
8jwh2f,2018-05-16 16:50:33,92,r/justneckbeardthings,5,2018-05-16 20:38:38,1,0,4,0
8jwh2f,2018-05-16 16:50:33,92,r/justneckbeardthings,6,2018-05-16 17:24:10,0,5,320,0
8jwh2f,2018-05-16 16:50:33,92,r/justneckbeardthings,6,2018-05-16 17:46:24,1,3,197,0
8jwh2f,2018-05-16 16:50:33,92,r/justneckbeardthings,6,2018-05-16 18:09:44,2,3,159,0
8jwh2f,2018-05-16 16:50:33,92,r/justneckbeardthings,6,2018-05-16 18:13:23,3,0,78,0
8jwh2f,2018-05-16 16:50:33,92,r/justneckbeardthings,6,2018-05-16 20:13:57,3,0,21,0
8jwh2f,2018-05-16 16:50:33,92,r/justneckbeardthings,6,2018-05-16 19:43:31,3,0,15,0
8jwh2f,2018-05-16 16:50:33,92,r/justneckbeardthings,6,2018-05-16 18:40:29,2,0,9,0
8jwh2f,2018-05-16 16:50:33,92,r/justneckbeardthings,6,2018-05-16 19:50:09,2,0,5,0
8jwh2f,2018-05-16 16:50:33,92,r/justneckbeardthings,6,2018-05-16 18:20:53,1,2,26,0
8jwh2f,2018-05-16 16:50:33,92,r/justneckbeardthings,6,2018-05-16 19:09:42,2,1,42,0
8jwh2f,2018-05-16 16:50:33,92,r/justneckbeardthings,6,2018-05-16 23:28:11,3,0,1,0
8jwh2f,2018-05-16 16:50:33,92,r/justneckbeardthings,6,2018-05-16 22:14:50,2,0,6,0
8jwh2f,2018-05-16 16:50:33,92,r/justneckbeardthings,6,2018-05-16 20:16:34,1,1,3,0
8jwh2f,2018-05-16 16:50:33,92,r/justneckbeardthings,6,2018-05-16 22:16:02,2,3,4,0
8jwh2f,2018-05-16 16:50:33,92,r/justneckbeardthings,6,2018-05-16 23:49:43,3,0,1,0
8jwh2f,2018-05-16 16:50:33,92,r/justneckbeardthings,6,2018-05-17 01:22:08,3,0,1,0
8jwh2f,2018-05-16 16:50:33,92,r/justneckbeardthings,6,2018-05-17 01:47:02,3,0,1,0
8jwh2f,2018-05-16 16:50:33,92,r/justneckbeardthings,6,2018-05-17 04:33:29,1,0,1,0
8jwh2f,2018-05-16 16:50:33,92,r/justneckbeardthings,7,2018-05-16 18:21:06,0,1,140,0
8jwh2f,2018-05-16 16:50:33,92,r/justneckbeardthings,7,2018-05-16 18:25:21,1,5,70,0
8jwh2f,2018-05-16 16:50:33,92,r/justneckbeardthings,7,2018-05-16 18:38:34,2,2,54,0
8jwh2f,2018-05-16 16:50:33,92,r/justneckbeardthings,7,2018-05-16 23:06:40,3,0,11,0
8jwh2f,2018-05-16 16:50:33,92,r/justneckbeardthings,7,2018-05-16 18:43:50,3,3,-13,0
8jwh2f,2018-05-16 16:50:33,92,r/justneckbeardthings,7,2018-05-16 19:45:54,4,2,25,0
8jwh2f,2018-05-16 16:50:33,92,r/justneckbeardthings,7,2018-05-16 20:40:04,5,2,16,0
8jwh2f,2018-05-16 16:50:33,92,r/justneckbeardthings,7,2018-05-16 20:59:09,6,0,7,0
8jwh2f,2018-05-16 16:50:33,92,r/justneckbeardthings,7,2018-05-16 22:27:52,6,0,2,0
8jwh2f,2018-05-16 16:50:33,92,r/justneckbeardthings,7,2018-05-16 21:08:52,5,0,0,0
8jwh2f,2018-05-16 16:50:33,92,r/justneckbeardthings,7,2018-05-16 20:18:44,4,0,3,0
8jwh2f,2018-05-16 16:50:33,92,r/justneckbeardthings,7,2018-05-16 22:38:36,4,0,1,0
8jwh2f,2018-05-16 16:50:33,92,r/justneckbeardthings,7,2018-05-16 20:44:04,2,1,15,0
8jwh2f,2018-05-16 16:50:33,92,r/justneckbeardthings,7,2018-05-16 22:02:17,3,0,9,0
8jwh2f,2018-05-16 16:50:33,92,r/justneckbeardthings,7,2018-05-17 00:20:12,2,0,2,0
8jwh2f,2018-05-16 16:50:33,92,r/justneckbeardthings,7,2018-05-17 02:33:44,2,0,1,0
8jwh2f,2018-05-16 16:50:33,92,r/justneckbeardthings,7,2018-05-16 21:14:25,2,0,-1,0
8jwh2f,2018-05-16 16:50:33,92,r/justneckbeardthings,8,2018-05-16 19:15:11,0,2,74,0
8jwh2f,2018-05-16 16:50:33,92,r/justneckbeardthings,8,2018-05-16 20:13:26,1,0,26,0
8jwh2f,2018-05-16 16:50:33,92,r/justneckbeardthings,8,2018-05-16 20:40:41,1,0,9,0
8jwh2f,2018-05-16 16:50:33,92,r/justneckbeardthings,9,2018-05-16 17:16:15,0,3,84,0
8jwh2f,2018-05-16 16:50:33,92,r/justneckbeardthings,9,2018-05-16 17:59:02,1,1,82,0
8jwh2f,2018-05-16 16:50:33,92,r/justneckbeardthings,9,2018-05-16 18:28:54,2,1,71,0
8jwh2f,2018-05-16 16:50:33,92,r/justneckbeardthings,9,2018-05-17 01:41:06,3,0,2,0
8jwh2f,2018-05-16 16:50:33,92,r/justneckbeardthings,9,2018-05-16 20:30:54,1,0,10,0
8jwh2f,2018-05-16 16:50:33,92,r/justneckbeardthings,9,2018-05-16 19:47:58,1,0,3,0
8jwh2f,2018-05-16 16:50:33,92,r/justneckbeardthings,10,2018-05-16 18:49:12,0,0,35,0
8jwh2f,2018-05-16 16:50:33,92,r/justneckbeardthings,11,2018-05-16 19:30:38,0,5,112,0
8jwh2f,2018-05-16 16:50:33,92,r/justneckbeardthings,11,2018-05-16 19:45:57,1,2,104,0
8jwh2f,2018-05-16 16:50:33,92,r/justneckbeardthings,11,2018-05-16 20:20:05,2,0,19,0
8jwh2f,2018-05-16 16:50:33,92,r/justneckbeardthings,11,2018-05-17 01:54:18,2,1,2,0
8jwh2f,2018-05-16 16:50:33,92,r/justneckbeardthings,11,2018-05-17 03:15:51,3,0,1,0
8jwh2f,2018-05-16 16:50:33,92,r/justneckbeardthings,11,2018-05-16 21:50:08,1,0,19,0
8jwh2f,2018-05-16 16:50:33,92,r/justneckbeardthings,11,2018-05-16 21:50:15,1,0,3,0
8jwh2f,2018-05-16 16:50:33,92,r/justneckbeardthings,11,2018-05-16 22:08:34,1,1,0,0
8jwh2f,2018-05-16 16:50:33,92,r/justneckbeardthings,11,2018-05-16 20:37:10,1,0,-1,0
8jwh2f,2018-05-16 16:50:33,92,r/justneckbeardthings,12,2018-05-16 18:02:42,0,1,48,0
8jwh2f,2018-05-16 16:50:33,92,r/justneckbeardthings,12,2018-05-16 18:46:55,1,1,30,0
8jwh2f,2018-05-16 16:50:33,92,r/justneckbeardthings,12,2018-05-16 18:54:12,2,0,15,0
8jwh2f,2018-05-16 16:50:33,92,r/justneckbeardthings,13,2018-05-16 20:35:00,0,1,14,0
8jwh2f,2018-05-16 16:50:33,92,r/justneckbeardthings,13,2018-05-16 20:53:35,1,0,7,0
8jwh2f,2018-05-16 16:50:33,92,r/justneckbeardthings,14,2018-05-16 19:46:52,0,0,7,0
8jwh2f,2018-05-16 16:50:33,92,r/justneckbeardthings,15,2018-05-16 21:21:37,0,0,8,0
8jwh2f,2018-05-16 16:50:33,92,r/justneckbeardthings,16,2018-05-16 20:34:46,0,0,14,0
8jwh2f,2018-05-16 16:50:33,92,r/justneckbeardthings,17,2018-05-16 19:37:19,0,1,16,0
8jwh2f,2018-05-16 16:50:33,92,r/justneckbeardthings,17,2018-05-17 01:14:15,1,0,3,0
8jwh2f,2018-05-16 16:50:33,92,r/justneckbeardthings,18,2018-05-16 17:39:09,0,1,19,0
8jwh2f,2018-05-16 16:50:33,92,r/justneckbeardthings,18,2018-05-16 22:41:26,1,0,2,0
8jwh2f,2018-05-16 16:50:33,92,r/justneckbeardthings,19,2018-05-16 19:24:31,0,0,5,0
8jwh2f,2018-05-16 16:50:33,92,r/justneckbeardthings,20,2018-05-16 19:48:58,0,1,5,0
8jwh2f,2018-05-16 16:50:33,92,r/justneckbeardthings,20,2018-05-16 21:28:34,1,0,3,0
8jwh2f,2018-05-16 16:50:33,92,r/justneckbeardthings,21,2018-05-16 18:17:31,0,2,25,0
8jwh2f,2018-05-16 16:50:33,92,r/justneckbeardthings,21,2018-05-16 18:24:59,1,2,1,0
8jwh2f,2018-05-16 16:50:33,92,r/justneckbeardthings,21,2018-05-16 18:28:12,2,0,17,0
8jwh2f,2018-05-16 16:50:33,92,r/justneckbeardthings,21,2018-05-16 22:20:55,2,0,4,0
8jwh2f,2018-05-16 16:50:33,92,r/justneckbeardthings,22,2018-05-16 18:54:15,0,0,4,0
8jwh2f,2018-05-16 16:50:33,92,r/justneckbeardthings,23,2018-05-16 19:56:56,0,1,5,0
8jwh2f,2018-05-16 16:50:33,92,r/justneckbeardthings,23,2018-05-16 19:59:30,1,1,3,0
8jwh2f,2018-05-16 16:50:33,92,r/justneckbeardthings,23,2018-05-17 04:29:24,2,0,1,0
8jwh2f,2018-05-16 16:50:33,92,r/justneckbeardthings,24,2018-05-16 19:58:53,0,1,4,0
8jwh2f,2018-05-16 16:50:33,92,r/justneckbeardthings,24,2018-05-16 21:18:40,1,1,3,0
8jwh2f,2018-05-16 16:50:33,92,r/justneckbeardthings,24,2018-05-17 00:34:25,2,0,1,0
8jwh2f,2018-05-16 16:50:33,92,r/justneckbeardthings,25,2018-05-16 21:07:19,0,0,5,0
8jwh2f,2018-05-16 16:50:33,92,r/justneckbeardthings,26,2018-05-16 22:28:50,0,0,4,0
8jwh2f,2018-05-16 16:50:33,92,r/justneckbeardthings,27,2018-05-16 22:36:22,0,0,8,0
8jwh2f,2018-05-16 16:50:33,92,r/justneckbeardthings,28,2018-05-16 19:49:08,0,4,23,0
8jwh2f,2018-05-16 16:50:33,92,r/justneckbeardthings,28,2018-05-16 20:38:30,1,0,15,0
8jwh2f,2018-05-16 16:50:33,92,r/justneckbeardthings,28,2018-05-16 20:44:47,1,2,12,0
8jwh2f,2018-05-16 16:50:33,92,r/justneckbeardthings,28,2018-05-16 22:23:30,2,0,0,0
8jwh2f,2018-05-16 16:50:33,92,r/justneckbeardthings,28,2018-05-16 21:02:29,1,0,7,0
8jwh2f,2018-05-16 16:50:33,92,r/justneckbeardthings,28,2018-05-17 00:49:28,1,0,1,0
8jwh2f,2018-05-16 16:50:33,92,r/justneckbeardthings,29,2018-05-16 18:46:41,0,0,3,0
8jwh2f,2018-05-16 16:50:33,92,r/justneckbeardthings,30,2018-05-16 18:47:37,0,0,3,0
8jwh2f,2018-05-16 16:50:33,92,r/justneckbeardthings,31,2018-05-16 19:46:59,0,0,3,0
8jwh2f,2018-05-16 16:50:33,92,r/justneckbeardthings,32,2018-05-16 20:02:06,0,1,3,0
8jwh2f,2018-05-16 16:50:33,92,r/justneckbeardthings,32,2018-05-16 23:29:30,1,1,2,0
8jwh2f,2018-05-16 16:50:33,92,r/justneckbeardthings,32,2018-05-17 02:41:22,2,0,1,0
8jwh2f,2018-05-16 16:50:33,92,r/justneckbeardthings,33,2018-05-16 20:06:37,0,0,3,0
8jwh2f,2018-05-16 16:50:33,92,r/justneckbeardthings,34,2018-05-16 20:21:28,0,0,3,0
8jwh2f,2018-05-16 16:50:33,92,r/justneckbeardthings,35,2018-05-16 20:52:57,0,0,3,0
8jwh2f,2018-05-16 16:50:33,92,r/justneckbeardthings,36,2018-05-16 21:23:12,0,0,3,0
8jwh2f,2018-05-16 16:50:33,92,r/justneckbeardthings,37,2018-05-17 03:14:04,0,0,3,0
8jwh2f,2018-05-16 16:50:33,92,r/justneckbeardthings,38,2018-05-16 20:59:38,0,0,6,0
8jwh2f,2018-05-16 16:50:33,92,r/justneckbeardthings,39,2018-05-16 20:32:23,0,2,7,0
8jwh2f,2018-05-16 16:50:33,92,r/justneckbeardthings,39,2018-05-16 23:04:31,1,1,1,0
8jwh2f,2018-05-16 16:50:33,92,r/justneckbeardthings,39,2018-05-16 23:52:30,2,1,1,0
8jwh2f,2018-05-16 16:50:33,92,r/justneckbeardthings,39,2018-05-16 23:57:20,3,1,1,0
8jwh2f,2018-05-16 16:50:33,92,r/justneckbeardthings,39,2018-05-16 23:58:26,4,1,1,0
8jwh2f,2018-05-16 16:50:33,92,r/justneckbeardthings,39,2018-05-17 00:14:17,5,1,1,0
8jwh2f,2018-05-16 16:50:33,92,r/justneckbeardthings,39,2018-05-17 00:18:57,6,1,1,0
8jwh2f,2018-05-16 16:50:33,92,r/justneckbeardthings,39,2018-05-17 00:26:28,7,0,1,0
8jwh2f,2018-05-16 16:50:33,92,r/justneckbeardthings,39,2018-05-16 22:45:50,1,0,0,0
8jwh2f,2018-05-16 16:50:33,92,r/justneckbeardthings,40,2018-05-16 19:49:34,0,1,13,0
8jwh2f,2018-05-16 16:50:33,92,r/justneckbeardthings,40,2018-05-16 20:40:32,1,2,4,0
8jwh2f,2018-05-16 16:50:33,92,r/justneckbeardthings,40,2018-05-16 20:47:14,2,2,3,0
8jwh2f,2018-05-16 16:50:33,92,r/justneckbeardthings,40,2018-05-16 23:49:10,3,1,2,0
8jwh2f,2018-05-16 16:50:33,92,r/justneckbeardthings,40,2018-05-16 23:55:08,4,0,2,0
8jwh2f,2018-05-16 16:50:33,92,r/justneckbeardthings,40,2018-05-16 20:49:18,3,1,3,0
8jwh2f,2018-05-16 16:50:33,92,r/justneckbeardthings,40,2018-05-16 21:21:27,4,1,4,0
8jwh2f,2018-05-16 16:50:33,92,r/justneckbeardthings,40,2018-05-16 21:23:30,5,0,2,0
8jwh2f,2018-05-16 16:50:33,92,r/justneckbeardthings,41,2018-05-16 18:55:14,0,0,2,0
8jwh2f,2018-05-16 16:50:33,92,r/justneckbeardthings,42,2018-05-16 19:31:23,0,0,2,0
8jwh2f,2018-05-16 16:50:33,92,r/justneckbeardthings,43,2018-05-16 19:33:37,0,1,2,0
8jwh2f,2018-05-16 16:50:33,92,r/justneckbeardthings,43,2018-05-16 23:56:24,1,0,1,0
8jwh2f,2018-05-16 16:50:33,92,r/justneckbeardthings,44,2018-05-16 19:49:50,0,0,2,0
8jwh2f,2018-05-16 16:50:33,92,r/justneckbeardthings,45,2018-05-16 20:01:07,0,0,2,0
8jwh2f,2018-05-16 16:50:33,92,r/justneckbeardthings,46,2018-05-16 20:31:02,0,0,2,0
8jwh2f,2018-05-16 16:50:33,92,r/justneckbeardthings,47,2018-05-16 20:47:20,0,0,2,0
8jwh2f,2018-05-16 16:50:33,92,r/justneckbeardthings,48,2018-05-16 21:13:37,0,0,2,0
8jwh2f,2018-05-16 16:50:33,92,r/justneckbeardthings,49,2018-05-16 21:21:26,0,0,2,0
8jwh2f,2018-05-16 16:50:33,92,r/justneckbeardthings,50,2018-05-16 21:24:02,0,0,2,0
8jwh2f,2018-05-16 16:50:33,92,r/justneckbeardthings,51,2018-05-16 21:28:53,0,0,2,0
8jwh2f,2018-05-16 16:50:33,92,r/justneckbeardthings,52,2018-05-16 22:08:56,0,0,2,0
8jwh2f,2018-05-16 16:50:33,92,r/justneckbeardthings,53,2018-05-16 22:17:17,0,0,2,0
8jwh2f,2018-05-16 16:50:33,92,r/justneckbeardthings,54,2018-05-16 23:02:57,0,0,2,0
8jwh2f,2018-05-16 16:50:33,92,r/justneckbeardthings,55,2018-05-16 23:51:01,0,0,2,0
8jwh2f,2018-05-16 16:50:33,92,r/justneckbeardthings,56,2018-05-17 00:29:05,0,0,2,0
8jwh2f,2018-05-16 16:50:33,92,r/justneckbeardthings,57,2018-05-17 00:41:49,0,0,2,0
8jwh2f,2018-05-16 16:50:33,92,r/justneckbeardthings,58,2018-05-17 01:48:41,0,0,2,0
8jwh2f,2018-05-16 16:50:33,92,r/justneckbeardthings,59,2018-05-17 02:50:07,0,0,2,0
8jwh2f,2018-05-16 16:50:33,92,r/justneckbeardthings,60,2018-05-17 03:09:51,0,0,2,0
8jwh2f,2018-05-16 16:50:33,92,r/justneckbeardthings,61,2018-05-17 03:12:43,0,0,2,0
8jwh2f,2018-05-16 16:50:33,92,r/justneckbeardthings,62,2018-05-16 20:22:38,0,0,5,0
8jwh2f,2018-05-16 16:50:33,92,r/justneckbeardthings,63,2018-05-16 18:24:09,0,0,2,0
8jwh2f,2018-05-16 16:50:33,92,r/justneckbeardthings,64,2018-05-16 19:32:10,0,1,1,0
8jwh2f,2018-05-16 16:50:33,92,r/justneckbeardthings,64,2018-05-16 20:50:13,1,1,3,0
8jwh2f,2018-05-16 16:50:33,92,r/justneckbeardthings,64,2018-05-17 03:31:09,2,0,1,0
8jwh2f,2018-05-16 16:50:33,92,r/justneckbeardthings,65,2018-05-16 20:07:10,0,1,7,0
8jwh2f,2018-05-16 16:50:33,92,r/justneckbeardthings,65,2018-05-17 03:25:00,1,0,1,0
8jwh2f,2018-05-16 16:50:33,92,r/justneckbeardthings,66,2018-05-16 22:18:53,0,0,2,0
8jwh2f,2018-05-16 16:50:33,92,r/justneckbeardthings,67,2018-05-16 21:04:38,0,2,2,0
8jwh2f,2018-05-16 16:50:33,92,r/justneckbeardthings,67,2018-05-16 23:06:24,1,1,6,0
8jwh2f,2018-05-16 16:50:33,92,r/justneckbeardthings,67,2018-05-17 01:57:34,2,0,2,0
8jwh2f,2018-05-16 16:50:33,92,r/justneckbeardthings,67,2018-05-16 22:49:42,1,0,1,0
8jwh2f,2018-05-16 16:50:33,92,r/justneckbeardthings,68,2018-05-16 20:35:01,0,0,2,0
8jwh2f,2018-05-16 16:50:33,92,r/justneckbeardthings,69,2018-05-16 20:39:53,0,0,2,0
8jwh2f,2018-05-16 16:50:33,92,r/justneckbeardthings,70,2018-05-16 20:25:54,0,3,-3,0
8jwh2f,2018-05-16 16:50:33,92,r/justneckbeardthings,70,2018-05-16 20:45:09,1,1,16,0
8jwh2f,2018-05-16 16:50:33,92,r/justneckbeardthings,70,2018-05-16 21:31:52,1,1,-9,0
8jwh2f,2018-05-16 16:50:33,92,r/justneckbeardthings,70,2018-05-16 22:35:11,2,1,3,0
8jwh2f,2018-05-16 16:50:33,92,r/justneckbeardthings,71,2018-05-16 20:06:50,0,0,1,0
8jwh2f,2018-05-16 16:50:33,92,r/justneckbeardthings,72,2018-05-16 20:53:48,0,0,3,0
8jwh2f,2018-05-16 16:50:33,92,r/justneckbeardthings,73,2018-05-16 21:17:11,0,0,1,0
8jwh2f,2018-05-16 16:50:33,92,r/justneckbeardthings,74,2018-05-16 18:40:58,0,0,1,0
8jwh2f,2018-05-16 16:50:33,92,r/justneckbeardthings,75,2018-05-16 18:45:39,0,0,1,0
8jwh2f,2018-05-16 16:50:33,92,r/justneckbeardthings,76,2018-05-16 19:33:06,0,0,1,0
8jwh2f,2018-05-16 16:50:33,92,r/justneckbeardthings,77,2018-05-16 19:35:21,0,0,1,0
8jwh2f,2018-05-16 16:50:33,92,r/justneckbeardthings,78,2018-05-16 19:46:45,0,0,1,0
8jwh2f,2018-05-16 16:50:33,92,r/justneckbeardthings,79,2018-05-16 19:52:50,0,0,1,0
8jwh2f,2018-05-16 16:50:33,92,r/justneckbeardthings,80,2018-05-16 20:06:36,0,0,1,0
8jwh2f,2018-05-16 16:50:33,92,r/justneckbeardthings,81,2018-05-16 21:04:10,0,0,1,0
8jwh2f,2018-05-16 16:50:33,92,r/justneckbeardthings,82,2018-05-16 21:11:42,0,0,1,0
8jwh2f,2018-05-16 16:50:33,92,r/justneckbeardthings,83,2018-05-16 21:36:16,0,0,1,0
8jwh2f,2018-05-16 16:50:33,92,r/justneckbeardthings,84,2018-05-16 21:41:43,0,0,1,0
8jwh2f,2018-05-16 16:50:33,92,r/justneckbeardthings,85,2018-05-16 21:42:01,0,0,1,0
8jwh2f,2018-05-16 16:50:33,92,r/justneckbeardthings,86,2018-05-16 21:42:48,0,0,1,0
8jwh2f,2018-05-16 16:50:33,92,r/justneckbeardthings,87,2018-05-16 21:55:26,0,0,1,0
8jwh2f,2018-05-16 16:50:33,92,r/justneckbeardthings,88,2018-05-16 22:23:14,0,0,1,0
8jwh2f,2018-05-16 16:50:33,92,r/justneckbeardthings,89,2018-05-16 22:28:01,0,0,1,0
8jwh2f,2018-05-16 16:50:33,92,r/justneckbeardthings,90,2018-05-16 22:29:34,0,0,1,0
8jwh2f,2018-05-16 16:50:33,92,r/justneckbeardthings,91,2018-05-16 22:36:14,0,0,1,0
8jwh2f,2018-05-16 16:50:33,92,r/justneckbeardthings,92,2018-05-16 22:43:32,0,0,1,0
8jwh2f,2018-05-16 16:50:33,92,r/justneckbeardthings,93,2018-05-16 22:44:40,0,0,1,0
8jwh2f,2018-05-16 16:50:33,92,r/justneckbeardthings,94,2018-05-16 22:47:22,0,0,1,0
8jwh2f,2018-05-16 16:50:33,92,r/justneckbeardthings,95,2018-05-16 22:50:13,0,0,1,0
8jwh2f,2018-05-16 16:50:33,92,r/justneckbeardthings,96,2018-05-16 22:58:31,0,0,1,0
8jwh2f,2018-05-16 16:50:33,92,r/justneckbeardthings,97,2018-05-16 22:58:40,0,0,1,0
8jwh2f,2018-05-16 16:50:33,92,r/justneckbeardthings,98,2018-05-16 23:11:25,0,0,1,0
8jwh2f,2018-05-16 16:50:33,92,r/justneckbeardthings,99,2018-05-16 23:16:28,0,0,1,0
8jwh2f,2018-05-16 16:50:33,92,r/justneckbeardthings,100,2018-05-16 23:23:40,0,0,1,0
8jwh2f,2018-05-16 16:50:33,92,r/justneckbeardthings,101,2018-05-16 23:29:14,0,0,1,0
8jwh2f,2018-05-16 16:50:33,92,r/justneckbeardthings,102,2018-05-16 23:30:08,0,0,1,0
8jwh2f,2018-05-16 16:50:33,92,r/justneckbeardthings,103,2018-05-16 23:34:03,0,0,1,0
8jwh2f,2018-05-16 16:50:33,92,r/justneckbeardthings,104,2018-05-16 23:36:33,0,0,1,0
8jwh2f,2018-05-16 16:50:33,92,r/justneckbeardthings,105,2018-05-16 23:39:32,0,0,1,0
8jwh2f,2018-05-16 16:50:33,92,r/justneckbeardthings,106,2018-05-16 23:40:09,0,0,1,0
8jwh2f,2018-05-16 16:50:33,92,r/justneckbeardthings,107,2018-05-16 23:45:44,0,0,1,0
8jwh2f,2018-05-16 16:50:33,92,r/justneckbeardthings,108,2018-05-16 23:48:53,0,0,1,0
8jwh2f,2018-05-16 16:50:33,92,r/justneckbeardthings,109,2018-05-16 23:50:26,0,1,1,0
8jwh2f,2018-05-16 16:50:33,92,r/justneckbeardthings,109,2018-05-17 02:32:00,1,0,3,0
8jwh2f,2018-05-16 16:50:33,92,r/justneckbeardthings,110,2018-05-16 23:50:36,0,0,1,0
8jwh2f,2018-05-16 16:50:33,92,r/justneckbeardthings,111,2018-05-16 23:53:23,0,0,1,0
8jwh2f,2018-05-16 16:50:33,92,r/justneckbeardthings,112,2018-05-16 23:56:01,0,0,1,0
8jwh2f,2018-05-16 16:50:33,92,r/justneckbeardthings,113,2018-05-17 00:03:14,0,0,1,0
8jwh2f,2018-05-16 16:50:33,92,r/justneckbeardthings,114,2018-05-17 00:15:40,0,0,1,0
8jwh2f,2018-05-16 16:50:33,92,r/justneckbeardthings,115,2018-05-17 00:36:08,0,0,1,0
8jwh2f,2018-05-16 16:50:33,92,r/justneckbeardthings,116,2018-05-17 00:44:48,0,0,1,0
8jwh2f,2018-05-16 16:50:33,92,r/justneckbeardthings,117,2018-05-17 01:13:24,0,0,1,0
8jwh2f,2018-05-16 16:50:33,92,r/justneckbeardthings,118,2018-05-17 01:31:53,0,0,1,0
8jwh2f,2018-05-16 16:50:33,92,r/justneckbeardthings,119,2018-05-17 01:47:14,0,0,1,0
8jwh2f,2018-05-16 16:50:33,92,r/justneckbeardthings,120,2018-05-17 02:01:18,0,0,1,0
8jwh2f,2018-05-16 16:50:33,92,r/justneckbeardthings,121,2018-05-17 02:02:12,0,0,1,0
8jwh2f,2018-05-16 16:50:33,92,r/justneckbeardthings,122,2018-05-17 02:23:52,0,0,1,0
8jwh2f,2018-05-16 16:50:33,92,r/justneckbeardthings,123,2018-05-17 03:03:46,0,0,1,0
8jwh2f,2018-05-16 16:50:33,92,r/justneckbeardthings,124,2018-05-17 03:31:05,0,0,1,0
8jwh2f,2018-05-16 16:50:33,92,r/justneckbeardthings,125,2018-05-17 03:59:07,0,0,1,0
8jwh2f,2018-05-16 16:50:33,92,r/justneckbeardthings,126,2018-05-16 20:46:57,0,1,-4,0
8jwh2f,2018-05-16 16:50:33,92,r/justneckbeardthings,126,2018-05-16 22:36:32,1,1,2,0
8jwh2f,2018-05-16 16:50:33,92,r/justneckbeardthings,127,2018-05-16 18:42:17,0,0,-1,0
8jwh2f,2018-05-16 16:50:33,92,r/justneckbeardthings,128,2018-05-16 19:49:24,0,0,-2,0
8jwh2f,2018-05-16 16:50:33,92,r/justneckbeardthings,129,2018-05-16 19:21:01,0,3,-9,0
8jwh2f,2018-05-16 16:50:33,92,r/justneckbeardthings,129,2018-05-16 22:29:20,1,0,5,0
8jwh2f,2018-05-16 16:50:33,92,r/justneckbeardthings,129,2018-05-16 22:28:55,1,0,5,0
8jwh2f,2018-05-16 16:50:33,92,r/justneckbeardthings,129,2018-05-16 20:08:12,1,1,6,0
8jwh2f,2018-05-16 16:50:33,92,r/justneckbeardthings,129,2018-05-16 21:36:48,2,2,0,0
8jwh2f,2018-05-16 16:50:33,92,r/justneckbeardthings,129,2018-05-16 22:16:20,3,0,10,0
8jwh2f,2018-05-16 16:50:33,92,r/justneckbeardthings,129,2018-05-16 21:57:42,3,0,5,0
8jwh2f,2018-05-16 16:50:33,92,r/justneckbeardthings,130,2018-05-16 18:34:58,0,0,1,0
8jwh2f,2018-05-16 16:50:33,92,r/justneckbeardthings,131,2018-05-16 20:34:40,0,0,1,0
8jwh2f,2018-05-16 16:50:33,92,r/justneckbeardthings,132,2018-05-16 20:49:01,0,0,1,0
8jwh2f,2018-05-16 16:50:33,92,r/justneckbeardthings,133,2018-05-16 21:14:57,0,0,1,0
8jwh2f,2018-05-16 16:50:33,92,r/justneckbeardthings,134,2018-05-16 21:29:51,0,0,1,0
8jwh2f,2018-05-16 16:50:33,92,r/justneckbeardthings,135,2018-05-16 19:46:03,0,2,-28,0
8jwh2f,2018-05-16 16:50:33,92,r/justneckbeardthings,135,2018-05-16 20:25:24,1,1,26,0
8jx4on,2018-05-16 18:10:05,93,r/INEEEEDIT,0,2018-05-16 18:27:05,0,6,2560,0
8jx4on,2018-05-16 18:10:05,93,r/INEEEEDIT,0,2018-05-16 19:41:12,1,5,804,0
8jx4on,2018-05-16 18:10:05,93,r/INEEEEDIT,0,2018-05-16 20:32:23,2,4,321,0
8jx4on,2018-05-16 18:10:05,93,r/INEEEEDIT,0,2018-05-17 01:27:33,3,3,30,0
8jx4on,2018-05-16 18:10:05,93,r/INEEEEDIT,0,2018-05-17 01:33:52,4,0,16,0
8jx4on,2018-05-16 18:10:05,93,r/INEEEEDIT,0,2018-05-17 02:28:21,4,2,16,0
8jx4on,2018-05-16 18:10:05,93,r/INEEEEDIT,0,2018-05-17 03:29:36,5,1,1,0
8jx4on,2018-05-16 18:10:05,93,r/INEEEEDIT,0,2018-05-17 03:38:20,6,0,3,0
8jx4on,2018-05-16 18:10:05,93,r/INEEEEDIT,0,2018-05-17 04:34:56,5,0,1,0
8jx4on,2018-05-16 18:10:05,93,r/INEEEEDIT,0,2018-05-17 04:18:00,4,0,1,0
8jx4on,2018-05-16 18:10:05,93,r/INEEEEDIT,0,2018-05-17 02:33:36,3,1,11,0
8jx4on,2018-05-16 18:10:05,93,r/INEEEEDIT,0,2018-05-17 02:36:57,4,0,6,0
8jx4on,2018-05-16 18:10:05,93,r/INEEEEDIT,0,2018-05-17 02:55:42,3,0,5,0
8jx4on,2018-05-16 18:10:05,93,r/INEEEEDIT,0,2018-05-17 04:06:32,3,0,1,0
8jx4on,2018-05-16 18:10:05,93,r/INEEEEDIT,0,2018-05-16 21:34:56,2,8,71,0
8jx4on,2018-05-16 18:10:05,93,r/INEEEEDIT,0,2018-05-16 22:37:07,3,1,14,0
8jx4on,2018-05-16 18:10:05,93,r/INEEEEDIT,0,2018-05-16 23:10:19,4,0,16,0
8jx4on,2018-05-16 18:10:05,93,r/INEEEEDIT,0,2018-05-16 21:38:38,3,2,39,0
8jx4on,2018-05-16 18:10:05,93,r/INEEEEDIT,0,2018-05-16 22:39:32,4,1,10,0
8jx4on,2018-05-16 18:10:05,93,r/INEEEEDIT,0,2018-05-16 23:53:57,5,0,9,0
8jx4on,2018-05-16 18:10:05,93,r/INEEEEDIT,0,2018-05-17 03:43:01,4,0,1,0
8jx4on,2018-05-16 18:10:05,93,r/INEEEEDIT,0,2018-05-16 22:55:29,3,1,6,0
8jx4on,2018-05-16 18:10:05,93,r/INEEEEDIT,0,2018-05-16 23:07:22,4,0,4,0
8jx4on,2018-05-16 18:10:05,93,r/INEEEEDIT,0,2018-05-16 22:22:50,3,1,2,0
8jx4on,2018-05-16 18:10:05,93,r/INEEEEDIT,0,2018-05-17 01:23:35,4,0,1,0
8jx4on,2018-05-16 18:10:05,93,r/INEEEEDIT,0,2018-05-17 01:06:52,3,0,1,0
8jx4on,2018-05-16 18:10:05,93,r/INEEEEDIT,0,2018-05-17 01:23:56,3,0,1,0
8jx4on,2018-05-16 18:10:05,93,r/INEEEEDIT,0,2018-05-17 01:46:13,3,0,1,0
8jx4on,2018-05-16 18:10:05,93,r/INEEEEDIT,0,2018-05-17 03:16:29,3,0,1,0
8jx4on,2018-05-16 18:10:05,93,r/INEEEEDIT,0,2018-05-16 22:46:46,2,0,3,0
8jx4on,2018-05-16 18:10:05,93,r/INEEEEDIT,0,2018-05-17 00:59:49,2,0,2,0
8jx4on,2018-05-16 18:10:05,93,r/INEEEEDIT,0,2018-05-17 00:41:12,2,0,1,0
8jx4on,2018-05-16 18:10:05,93,r/INEEEEDIT,0,2018-05-17 02:07:58,1,0,3,0
8jx4on,2018-05-16 18:10:05,93,r/INEEEEDIT,0,2018-05-16 22:28:09,1,0,2,0
8jx4on,2018-05-16 18:10:05,93,r/INEEEEDIT,0,2018-05-17 02:22:47,1,0,2,0
8jx4on,2018-05-16 18:10:05,93,r/INEEEEDIT,0,2018-05-17 02:50:47,1,0,1,0
8jx4on,2018-05-16 18:10:05,93,r/INEEEEDIT,0,2018-05-16 21:58:58,1,2,-12,0
8jx4on,2018-05-16 18:10:05,93,r/INEEEEDIT,0,2018-05-16 22:20:43,2,1,8,0
8jx4on,2018-05-16 18:10:05,93,r/INEEEEDIT,0,2018-05-16 22:27:55,3,3,-3,0
8jx4on,2018-05-16 18:10:05,93,r/INEEEEDIT,0,2018-05-16 22:35:47,4,1,5,0
8jx4on,2018-05-16 18:10:05,93,r/INEEEEDIT,0,2018-05-16 23:15:05,5,0,2,0
8jx4on,2018-05-16 18:10:05,93,r/INEEEEDIT,0,2018-05-16 22:32:39,4,1,2,0
8jx4on,2018-05-16 18:10:05,93,r/INEEEEDIT,0,2018-05-16 22:33:51,5,0,0,0
8jx4on,2018-05-16 18:10:05,93,r/INEEEEDIT,0,2018-05-16 23:54:54,4,0,1,0
8jx4on,2018-05-16 18:10:05,93,r/INEEEEDIT,0,2018-05-17 04:59:03,2,0,1,0
8jx4on,2018-05-16 18:10:05,93,r/INEEEEDIT,1,2018-05-16 18:44:18,0,24,791,0
8jx4on,2018-05-16 18:10:05,93,r/INEEEEDIT,1,2018-05-16 18:56:32,1,1,165,0
8jx4on,2018-05-16 18:10:05,93,r/INEEEEDIT,1,2018-05-16 23:32:22,2,1,24,0
8jx4on,2018-05-16 18:10:05,93,r/INEEEEDIT,1,2018-05-17 00:10:00,3,0,11,0
8jx4on,2018-05-16 18:10:05,93,r/INEEEEDIT,1,2018-05-16 19:40:47,1,1,33,0
8jx4on,2018-05-16 18:10:05,93,r/INEEEEDIT,1,2018-05-16 20:22:29,2,1,13,0
8jx4on,2018-05-16 18:10:05,93,r/INEEEEDIT,1,2018-05-16 22:51:14,3,2,9,0
8jx4on,2018-05-16 18:10:05,93,r/INEEEEDIT,1,2018-05-16 22:52:22,4,0,2,0
8jx4on,2018-05-16 18:10:05,93,r/INEEEEDIT,1,2018-05-16 22:56:25,4,0,2,0
8jx4on,2018-05-16 18:10:05,93,r/INEEEEDIT,1,2018-05-16 19:17:56,1,0,47,0
8jx4on,2018-05-16 18:10:05,93,r/INEEEEDIT,1,2018-05-16 21:51:19,1,0,21,0
8jx4on,2018-05-16 18:10:05,93,r/INEEEEDIT,1,2018-05-16 20:33:43,1,0,9,0
8jx4on,2018-05-16 18:10:05,93,r/INEEEEDIT,1,2018-05-16 22:49:44,1,0,6,0
8jx4on,2018-05-16 18:10:05,93,r/INEEEEDIT,1,2018-05-16 22:00:55,1,0,3,0
8jx4on,2018-05-16 18:10:05,93,r/INEEEEDIT,1,2018-05-16 22:10:09,1,0,3,0
8jx4on,2018-05-16 18:10:05,93,r/INEEEEDIT,1,2018-05-16 22:16:06,1,0,3,0
8jx4on,2018-05-16 18:10:05,93,r/INEEEEDIT,1,2018-05-16 22:07:44,1,1,1,0
8jx4on,2018-05-16 18:10:05,93,r/INEEEEDIT,1,2018-05-17 01:12:41,2,0,2,0
8jx4on,2018-05-16 18:10:05,93,r/INEEEEDIT,1,2018-05-16 22:54:15,1,0,1,0
8jx4on,2018-05-16 18:10:05,93,r/INEEEEDIT,1,2018-05-16 23:30:52,1,0,1,0
8jx4on,2018-05-16 18:10:05,93,r/INEEEEDIT,1,2018-05-16 23:44:38,1,0,1,0
8jx4on,2018-05-16 18:10:05,93,r/INEEEEDIT,1,2018-05-16 23:56:45,1,0,1,0
8jx4on,2018-05-16 18:10:05,93,r/INEEEEDIT,1,2018-05-17 00:45:37,1,0,1,0
8jx4on,2018-05-16 18:10:05,93,r/INEEEEDIT,1,2018-05-17 01:23:04,1,0,1,0
8jx4on,2018-05-16 18:10:05,93,r/INEEEEDIT,1,2018-05-17 01:38:20,1,0,1,0
8jx4on,2018-05-16 18:10:05,93,r/INEEEEDIT,1,2018-05-17 03:16:41,1,0,1,0
8jx4on,2018-05-16 18:10:05,93,r/INEEEEDIT,1,2018-05-17 03:24:26,1,0,1,0
8jx4on,2018-05-16 18:10:05,93,r/INEEEEDIT,1,2018-05-17 04:10:27,1,0,1,0
8jx4on,2018-05-16 18:10:05,93,r/INEEEEDIT,1,2018-05-16 22:25:42,1,0,1,0
8jx4on,2018-05-16 18:10:05,93,r/INEEEEDIT,1,2018-05-16 22:29:56,1,0,1,0
8jx4on,2018-05-16 18:10:05,93,r/INEEEEDIT,1,2018-05-16 23:02:33,1,0,0,0
8jx4on,2018-05-16 18:10:05,93,r/INEEEEDIT,1,2018-05-16 22:31:59,1,0,-1,0
8jx4on,2018-05-16 18:10:05,93,r/INEEEEDIT,2,2018-05-16 20:01:15,0,6,75,0
8jx4on,2018-05-16 18:10:05,93,r/INEEEEDIT,2,2018-05-16 21:17:54,1,0,13,0
8jx4on,2018-05-16 18:10:05,93,r/INEEEEDIT,2,2018-05-16 22:47:32,1,1,14,0
8jx4on,2018-05-16 18:10:05,93,r/INEEEEDIT,2,2018-05-17 03:42:36,2,0,1,0
8jx4on,2018-05-16 18:10:05,93,r/INEEEEDIT,2,2018-05-16 22:48:24,1,0,9,0
8jx4on,2018-05-16 18:10:05,93,r/INEEEEDIT,2,2018-05-16 23:47:17,1,0,8,0
8jx4on,2018-05-16 18:10:05,93,r/INEEEEDIT,2,2018-05-17 01:14:07,1,1,4,0
8jx4on,2018-05-16 18:10:05,93,r/INEEEEDIT,2,2018-05-17 01:50:04,2,0,3,0
8jx4on,2018-05-16 18:10:05,93,r/INEEEEDIT,2,2018-05-17 03:28:08,1,0,2,0
8jx4on,2018-05-16 18:10:05,93,r/INEEEEDIT,3,2018-05-16 20:14:35,0,1,58,0
8jx4on,2018-05-16 18:10:05,93,r/INEEEEDIT,3,2018-05-16 22:53:49,1,0,10,0
8jx4on,2018-05-16 18:10:05,93,r/INEEEEDIT,4,2018-05-16 18:42:07,0,3,81,0
8jx4on,2018-05-16 18:10:05,93,r/INEEEEDIT,4,2018-05-16 20:10:14,1,1,89,0
8jx4on,2018-05-16 18:10:05,93,r/INEEEEDIT,4,2018-05-16 22:23:08,2,2,27,0
8jx4on,2018-05-16 18:10:05,93,r/INEEEEDIT,4,2018-05-16 22:33:42,3,0,3,0
8jx4on,2018-05-16 18:10:05,93,r/INEEEEDIT,4,2018-05-17 00:51:41,3,0,1,0
8jx4on,2018-05-16 18:10:05,93,r/INEEEEDIT,4,2018-05-16 19:53:59,1,2,15,0
8jx4on,2018-05-16 18:10:05,93,r/INEEEEDIT,4,2018-05-16 19:59:46,2,0,16,0
8jx4on,2018-05-16 18:10:05,93,r/INEEEEDIT,4,2018-05-17 00:51:30,2,0,2,0
8jx4on,2018-05-16 18:10:05,93,r/INEEEEDIT,4,2018-05-16 22:23:17,1,0,4,0
8jx4on,2018-05-16 18:10:05,93,r/INEEEEDIT,5,2018-05-16 19:41:14,0,7,217,0
8jx4on,2018-05-16 18:10:05,93,r/INEEEEDIT,5,2018-05-16 20:11:31,1,2,71,0
8jx4on,2018-05-16 18:10:05,93,r/INEEEEDIT,5,2018-05-16 21:56:55,2,0,26,0
8jx4on,2018-05-16 18:10:05,93,r/INEEEEDIT,5,2018-05-16 22:41:38,2,0,0,0
8jx4on,2018-05-16 18:10:05,93,r/INEEEEDIT,5,2018-05-16 19:59:53,1,2,50,0
8jx4on,2018-05-16 18:10:05,93,r/INEEEEDIT,5,2018-05-17 02:06:42,2,0,4,0
8jx4on,2018-05-16 18:10:05,93,r/INEEEEDIT,5,2018-05-17 02:08:02,2,0,1,0
8jx4on,2018-05-16 18:10:05,93,r/INEEEEDIT,5,2018-05-16 20:11:34,1,0,20,0
8jx4on,2018-05-16 18:10:05,93,r/INEEEEDIT,5,2018-05-16 21:05:56,1,1,9,0
8jx4on,2018-05-16 18:10:05,93,r/INEEEEDIT,5,2018-05-17 00:44:22,2,1,3,0
8jx4on,2018-05-16 18:10:05,93,r/INEEEEDIT,5,2018-05-17 01:17:36,3,0,1,0
8jx4on,2018-05-16 18:10:05,93,r/INEEEEDIT,5,2018-05-17 02:17:07,1,0,2,0
8jx4on,2018-05-16 18:10:05,93,r/INEEEEDIT,5,2018-05-16 19:52:12,1,0,1,0
8jx4on,2018-05-16 18:10:05,93,r/INEEEEDIT,5,2018-05-16 23:58:20,1,0,1,0
8jx4on,2018-05-16 18:10:05,93,r/INEEEEDIT,6,2018-05-16 22:26:24,0,0,14,0
8jx4on,2018-05-16 18:10:05,93,r/INEEEEDIT,7,2018-05-16 20:53:02,0,1,8,0
8jx4on,2018-05-16 18:10:05,93,r/INEEEEDIT,7,2018-05-16 23:20:49,1,1,3,0
8jx4on,2018-05-16 18:10:05,93,r/INEEEEDIT,7,2018-05-17 01:11:40,2,0,3,0
8jx4on,2018-05-16 18:10:05,93,r/INEEEEDIT,8,2018-05-16 20:58:59,0,0,4,0
8jx4on,2018-05-16 18:10:05,93,r/INEEEEDIT,9,2018-05-16 19:47:41,0,0,9,0
8jx4on,2018-05-16 18:10:05,93,r/INEEEEDIT,10,2018-05-16 19:07:35,0,0,7,0
8jx4on,2018-05-16 18:10:05,93,r/INEEEEDIT,11,2018-05-16 19:58:50,0,0,3,0
8jx4on,2018-05-16 18:10:05,93,r/INEEEEDIT,12,2018-05-16 20:26:31,0,0,3,0
8jx4on,2018-05-16 18:10:05,93,r/INEEEEDIT,13,2018-05-16 21:09:04,0,0,3,0
8jx4on,2018-05-16 18:10:05,93,r/INEEEEDIT,14,2018-05-16 22:16:52,0,0,3,0
8jx4on,2018-05-16 18:10:05,93,r/INEEEEDIT,15,2018-05-16 19:20:44,0,0,2,0
8jx4on,2018-05-16 18:10:05,93,r/INEEEEDIT,16,2018-05-16 20:55:26,0,0,2,0
8jx4on,2018-05-16 18:10:05,93,r/INEEEEDIT,17,2018-05-16 22:12:48,0,0,2,0
8jx4on,2018-05-16 18:10:05,93,r/INEEEEDIT,18,2018-05-16 20:47:37,0,0,3,0
8jx4on,2018-05-16 18:10:05,93,r/INEEEEDIT,19,2018-05-16 19:50:59,0,0,1,0
8jx4on,2018-05-16 18:10:05,93,r/INEEEEDIT,20,2018-05-16 19:53:25,0,0,1,0
8jx4on,2018-05-16 18:10:05,93,r/INEEEEDIT,21,2018-05-16 19:54:14,0,0,1,0
8jx4on,2018-05-16 18:10:05,93,r/INEEEEDIT,22,2018-05-16 19:59:00,0,0,1,0
8jx4on,2018-05-16 18:10:05,93,r/INEEEEDIT,23,2018-05-16 20:05:19,0,0,1,0
8jx4on,2018-05-16 18:10:05,93,r/INEEEEDIT,24,2018-05-16 20:17:18,0,0,1,0
8jx4on,2018-05-16 18:10:05,93,r/INEEEEDIT,25,2018-05-16 20:31:21,0,0,1,0
8jx4on,2018-05-16 18:10:05,93,r/INEEEEDIT,26,2018-05-16 20:58:29,0,0,1,0
8jx4on,2018-05-16 18:10:05,93,r/INEEEEDIT,27,2018-05-16 21:07:01,0,0,1,0
8jx4on,2018-05-16 18:10:05,93,r/INEEEEDIT,28,2018-05-16 21:15:40,0,0,1,0
8jx4on,2018-05-16 18:10:05,93,r/INEEEEDIT,29,2018-05-16 21:17:12,0,0,1,0
8jx4on,2018-05-16 18:10:05,93,r/INEEEEDIT,30,2018-05-16 21:20:48,0,0,1,0
8jx4on,2018-05-16 18:10:05,93,r/INEEEEDIT,31,2018-05-16 21:32:32,0,0,1,0
8jx4on,2018-05-16 18:10:05,93,r/INEEEEDIT,32,2018-05-16 21:40:33,0,0,1,0
8jx4on,2018-05-16 18:10:05,93,r/INEEEEDIT,33,2018-05-16 21:41:15,0,0,1,0
8jx4on,2018-05-16 18:10:05,93,r/INEEEEDIT,34,2018-05-16 21:46:47,0,0,1,0
8jx4on,2018-05-16 18:10:05,93,r/INEEEEDIT,35,2018-05-16 21:47:38,0,0,1,0
8jx4on,2018-05-16 18:10:05,93,r/INEEEEDIT,36,2018-05-16 21:55:54,0,0,1,0
8jx4on,2018-05-16 18:10:05,93,r/INEEEEDIT,37,2018-05-16 22:02:06,0,0,1,0
8jx4on,2018-05-16 18:10:05,93,r/INEEEEDIT,38,2018-05-16 22:10:53,0,0,1,0
8jx4on,2018-05-16 18:10:05,93,r/INEEEEDIT,39,2018-05-16 22:21:03,0,0,1,0
8jx4on,2018-05-16 18:10:05,93,r/INEEEEDIT,40,2018-05-16 22:21:22,0,0,1,0
8jx4on,2018-05-16 18:10:05,93,r/INEEEEDIT,41,2018-05-16 22:22:04,0,0,1,0
8jx4on,2018-05-16 18:10:05,93,r/INEEEEDIT,42,2018-05-16 22:22:13,0,0,1,0
8jx4on,2018-05-16 18:10:05,93,r/INEEEEDIT,43,2018-05-16 22:22:22,0,0,1,0
8jx4on,2018-05-16 18:10:05,93,r/INEEEEDIT,44,2018-05-16 22:31:43,0,0,1,0
8jx4on,2018-05-16 18:10:05,93,r/INEEEEDIT,45,2018-05-16 22:39:19,0,0,1,0
8jx4on,2018-05-16 18:10:05,93,r/INEEEEDIT,46,2018-05-16 22:46:22,0,0,1,0
8jx4on,2018-05-16 18:10:05,93,r/INEEEEDIT,47,2018-05-16 22:47:30,0,0,1,0
8jx4on,2018-05-16 18:10:05,93,r/INEEEEDIT,48,2018-05-16 22:55:16,0,0,1,0
8jx4on,2018-05-16 18:10:05,93,r/INEEEEDIT,49,2018-05-16 23:09:14,0,0,1,0
8jx4on,2018-05-16 18:10:05,93,r/INEEEEDIT,50,2018-05-16 23:12:30,0,0,1,0
8jx4on,2018-05-16 18:10:05,93,r/INEEEEDIT,51,2018-05-16 23:12:52,0,1,1,0
8jx4on,2018-05-16 18:10:05,93,r/INEEEEDIT,51,2018-05-16 23:41:36,1,0,2,0
8jx4on,2018-05-16 18:10:05,93,r/INEEEEDIT,52,2018-05-16 23:24:42,0,1,1,0
8jx4on,2018-05-16 18:10:05,93,r/INEEEEDIT,52,2018-05-17 00:30:07,1,0,1,0
8jx4on,2018-05-16 18:10:05,93,r/INEEEEDIT,53,2018-05-16 23:30:21,0,0,1,0
8jx4on,2018-05-16 18:10:05,93,r/INEEEEDIT,54,2018-05-16 23:33:05,0,0,1,0
8jx4on,2018-05-16 18:10:05,93,r/INEEEEDIT,55,2018-05-16 23:35:56,0,0,1,0
8jx4on,2018-05-16 18:10:05,93,r/INEEEEDIT,56,2018-05-16 23:37:35,0,0,1,0
8jx4on,2018-05-16 18:10:05,93,r/INEEEEDIT,57,2018-05-16 23:41:22,0,0,1,0
8jx4on,2018-05-16 18:10:05,93,r/INEEEEDIT,58,2018-05-16 23:41:32,0,0,1,0
8jx4on,2018-05-16 18:10:05,93,r/INEEEEDIT,59,2018-05-16 23:42:16,0,0,1,0
8jx4on,2018-05-16 18:10:05,93,r/INEEEEDIT,60,2018-05-16 23:43:01,0,0,1,0
8jx4on,2018-05-16 18:10:05,93,r/INEEEEDIT,61,2018-05-16 23:46:33,0,0,1,0
8jx4on,2018-05-16 18:10:05,93,r/INEEEEDIT,62,2018-05-16 23:48:24,0,0,1,0
8jx4on,2018-05-16 18:10:05,93,r/INEEEEDIT,63,2018-05-16 23:51:21,0,0,1,0
8jx4on,2018-05-16 18:10:05,93,r/INEEEEDIT,64,2018-05-16 23:54:38,0,0,1,0
8jx4on,2018-05-16 18:10:05,93,r/INEEEEDIT,65,2018-05-16 23:54:56,0,0,1,0
8jx4on,2018-05-16 18:10:05,93,r/INEEEEDIT,66,2018-05-17 00:06:13,0,0,1,0
8jx4on,2018-05-16 18:10:05,93,r/INEEEEDIT,67,2018-05-17 00:06:48,0,0,1,0
8jx4on,2018-05-16 18:10:05,93,r/INEEEEDIT,68,2018-05-17 00:08:22,0,0,1,0
8jx4on,2018-05-16 18:10:05,93,r/INEEEEDIT,69,2018-05-17 00:12:44,0,0,1,0
8jx4on,2018-05-16 18:10:05,93,r/INEEEEDIT,70,2018-05-17 00:23:36,0,0,1,0
8jx4on,2018-05-16 18:10:05,93,r/INEEEEDIT,71,2018-05-17 00:32:20,0,0,1,0
8jx4on,2018-05-16 18:10:05,93,r/INEEEEDIT,72,2018-05-17 00:39:46,0,0,1,0
8jx4on,2018-05-16 18:10:05,93,r/INEEEEDIT,73,2018-05-17 00:40:15,0,0,1,0
8jx4on,2018-05-16 18:10:05,93,r/INEEEEDIT,74,2018-05-17 00:40:44,0,0,1,0
8jx4on,2018-05-16 18:10:05,93,r/INEEEEDIT,75,2018-05-17 00:43:44,0,0,1,0
8jx4on,2018-05-16 18:10:05,93,r/INEEEEDIT,76,2018-05-17 00:45:27,0,0,1,0
8jx4on,2018-05-16 18:10:05,93,r/INEEEEDIT,77,2018-05-17 00:47:49,0,0,1,0
8jx4on,2018-05-16 18:10:05,93,r/INEEEEDIT,78,2018-05-17 00:50:25,0,0,1,0
8jx4on,2018-05-16 18:10:05,93,r/INEEEEDIT,79,2018-05-17 00:54:35,0,0,1,0
8jx4on,2018-05-16 18:10:05,93,r/INEEEEDIT,80,2018-05-17 00:55:05,0,0,1,0
8jx4on,2018-05-16 18:10:05,93,r/INEEEEDIT,81,2018-05-17 00:57:24,0,0,1,0
8jx4on,2018-05-16 18:10:05,93,r/INEEEEDIT,82,2018-05-17 00:59:12,0,0,1,0
8jx4on,2018-05-16 18:10:05,93,r/INEEEEDIT,83,2018-05-17 00:59:56,0,0,1,0
8jx4on,2018-05-16 18:10:05,93,r/INEEEEDIT,84,2018-05-17 01:19:33,0,0,1,0
8jx4on,2018-05-16 18:10:05,93,r/INEEEEDIT,85,2018-05-17 01:19:44,0,0,1,0
8jx4on,2018-05-16 18:10:05,93,r/INEEEEDIT,86,2018-05-17 01:21:48,0,0,1,0
8jx4on,2018-05-16 18:10:05,93,r/INEEEEDIT,87,2018-05-17 01:25:33,0,0,1,0
8jx4on,2018-05-16 18:10:05,93,r/INEEEEDIT,88,2018-05-17 01:25:51,0,0,1,0
8jx4on,2018-05-16 18:10:05,93,r/INEEEEDIT,89,2018-05-17 01:27:56,0,0,1,0
8jx4on,2018-05-16 18:10:05,93,r/INEEEEDIT,90,2018-05-17 01:28:35,0,0,1,0
8jx4on,2018-05-16 18:10:05,93,r/INEEEEDIT,91,2018-05-17 01:29:53,0,0,1,0
8jx4on,2018-05-16 18:10:05,93,r/INEEEEDIT,92,2018-05-17 01:31:20,0,0,1,0
8jx4on,2018-05-16 18:10:05,93,r/INEEEEDIT,93,2018-05-17 01:35:51,0,0,1,0
8jx4on,2018-05-16 18:10:05,93,r/INEEEEDIT,94,2018-05-17 01:36:45,0,0,1,0
8jx4on,2018-05-16 18:10:05,93,r/INEEEEDIT,95,2018-05-17 01:43:53,0,0,1,0
8jx4on,2018-05-16 18:10:05,93,r/INEEEEDIT,96,2018-05-17 01:46:50,0,0,1,0
8jx4on,2018-05-16 18:10:05,93,r/INEEEEDIT,97,2018-05-17 01:52:55,0,0,1,0
8jx4on,2018-05-16 18:10:05,93,r/INEEEEDIT,98,2018-05-17 01:53:12,0,0,1,0
8jx4on,2018-05-16 18:10:05,93,r/INEEEEDIT,99,2018-05-17 01:53:27,0,0,1,0
8jx4on,2018-05-16 18:10:05,93,r/INEEEEDIT,100,2018-05-17 01:59:09,0,0,1,0
8jx4on,2018-05-16 18:10:05,93,r/INEEEEDIT,101,2018-05-17 02:07:59,0,0,1,0
8jx4on,2018-05-16 18:10:05,93,r/INEEEEDIT,102,2018-05-17 02:22:30,0,0,1,0
8jx4on,2018-05-16 18:10:05,93,r/INEEEEDIT,103,2018-05-17 02:41:15,0,0,1,0
8jx4on,2018-05-16 18:10:05,93,r/INEEEEDIT,104,2018-05-17 02:41:59,0,0,1,0
8jx4on,2018-05-16 18:10:05,93,r/INEEEEDIT,105,2018-05-17 02:56:57,0,0,1,0
8jx4on,2018-05-16 18:10:05,93,r/INEEEEDIT,106,2018-05-17 03:04:38,0,0,1,0
8jx4on,2018-05-16 18:10:05,93,r/INEEEEDIT,107,2018-05-17 03:06:22,0,0,1,0
8jx4on,2018-05-16 18:10:05,93,r/INEEEEDIT,108,2018-05-17 03:11:12,0,0,1,0
8jx4on,2018-05-16 18:10:05,93,r/INEEEEDIT,109,2018-05-17 03:16:05,0,0,1,0
8jx4on,2018-05-16 18:10:05,93,r/INEEEEDIT,110,2018-05-17 03:23:20,0,0,1,0
8jx4on,2018-05-16 18:10:05,93,r/INEEEEDIT,111,2018-05-17 03:38:34,0,0,1,0
8jx4on,2018-05-16 18:10:05,93,r/INEEEEDIT,112,2018-05-17 03:44:34,0,0,1,0
8jx4on,2018-05-16 18:10:05,93,r/INEEEEDIT,113,2018-05-17 03:44:35,0,0,1,0
8jx4on,2018-05-16 18:10:05,93,r/INEEEEDIT,114,2018-05-17 03:52:51,0,0,1,0
8jx4on,2018-05-16 18:10:05,93,r/INEEEEDIT,115,2018-05-17 03:59:58,0,0,1,0
8jx4on,2018-05-16 18:10:05,93,r/INEEEEDIT,116,2018-05-17 04:28:49,0,0,1,0
8jx4on,2018-05-16 18:10:05,93,r/INEEEEDIT,117,2018-05-17 04:31:02,0,0,1,0
8jx4on,2018-05-16 18:10:05,93,r/INEEEEDIT,118,2018-05-17 04:35:53,0,0,1,0
8jx4on,2018-05-16 18:10:05,93,r/INEEEEDIT,119,2018-05-17 04:56:43,0,0,1,0
8jx4on,2018-05-16 18:10:05,93,r/INEEEEDIT,120,2018-05-17 04:58:07,0,0,1,0
8jx4on,2018-05-16 18:10:05,93,r/INEEEEDIT,121,2018-05-17 05:04:18,0,0,1,0
8jx4on,2018-05-16 18:10:05,93,r/INEEEEDIT,122,2018-05-16 22:23:07,0,0,1,0
8jzs5z,2018-05-17 00:08:07,94,r/CozyPlaces,0,2018-05-17 00:23:35,0,3,653,0
8jzs5z,2018-05-17 00:08:07,94,r/CozyPlaces,0,2018-05-17 02:29:02,1,1,117,0
8jzs5z,2018-05-17 00:08:07,94,r/CozyPlaces,0,2018-05-17 02:43:46,2,3,36,0
8jzs5z,2018-05-17 00:08:07,94,r/CozyPlaces,0,2018-05-17 02:44:06,3,1,46,0
8jzs5z,2018-05-17 00:08:07,94,r/CozyPlaces,0,2018-05-17 03:17:19,4,1,17,0
8jzs5z,2018-05-17 00:08:07,94,r/CozyPlaces,0,2018-05-17 04:53:19,5,0,0,0
8jzs5z,2018-05-17 00:08:07,94,r/CozyPlaces,0,2018-05-17 03:14:49,3,1,17,0
8jzs5z,2018-05-17 00:08:07,94,r/CozyPlaces,0,2018-05-17 03:23:05,4,3,5,0
8jzs5z,2018-05-17 00:08:07,94,r/CozyPlaces,0,2018-05-17 04:26:37,5,0,6,0
8jzs5z,2018-05-17 00:08:07,94,r/CozyPlaces,0,2018-05-17 04:23:08,5,0,4,0
8jzs5z,2018-05-17 00:08:07,94,r/CozyPlaces,0,2018-05-17 04:47:02,5,0,1,0
8jzs5z,2018-05-17 00:08:07,94,r/CozyPlaces,0,2018-05-17 03:08:20,3,0,4,0
8jzs5z,2018-05-17 00:08:07,94,r/CozyPlaces,0,2018-05-17 04:43:21,1,0,4,0
8jzs5z,2018-05-17 00:08:07,94,r/CozyPlaces,0,2018-05-17 04:06:18,1,1,-12,0
8jzs5z,2018-05-17 00:08:07,94,r/CozyPlaces,0,2018-05-17 04:37:19,2,0,7,0
8jzs5z,2018-05-17 00:08:07,94,r/CozyPlaces,1,2018-05-17 02:49:33,0,1,112,0
8jzs5z,2018-05-17 00:08:07,94,r/CozyPlaces,1,2018-05-17 04:47:02,1,0,5,0
8jzs5z,2018-05-17 00:08:07,94,r/CozyPlaces,2,2018-05-17 02:38:56,0,5,86,0
8jzs5z,2018-05-17 00:08:07,94,r/CozyPlaces,2,2018-05-17 03:52:29,1,2,15,0
8jzs5z,2018-05-17 00:08:07,94,r/CozyPlaces,2,2018-05-17 05:18:08,2,0,1,0
8jzs5z,2018-05-17 00:08:07,94,r/CozyPlaces,2,2018-05-17 05:19:49,2,0,1,0
8jzs5z,2018-05-17 00:08:07,94,r/CozyPlaces,2,2018-05-17 04:51:02,1,0,5,0
8jzs5z,2018-05-17 00:08:07,94,r/CozyPlaces,2,2018-05-17 04:51:40,1,0,3,0
8jzs5z,2018-05-17 00:08:07,94,r/CozyPlaces,2,2018-05-17 04:58:43,1,0,2,0
8jzs5z,2018-05-17 00:08:07,94,r/CozyPlaces,2,2018-05-17 04:51:43,1,0,0,0
8jzs5z,2018-05-17 00:08:07,94,r/CozyPlaces,3,2018-05-17 02:49:11,0,5,275,0
8jzs5z,2018-05-17 00:08:07,94,r/CozyPlaces,3,2018-05-17 03:03:55,1,1,54,0
8jzs5z,2018-05-17 00:08:07,94,r/CozyPlaces,3,2018-05-17 04:21:41,2,1,10,0
8jzs5z,2018-05-17 00:08:07,94,r/CozyPlaces,3,2018-05-17 04:47:36,3,1,2,0
8jzs5z,2018-05-17 00:08:07,94,r/CozyPlaces,3,2018-05-17 05:07:30,4,0,2,0
8jzs5z,2018-05-17 00:08:07,94,r/CozyPlaces,3,2018-05-17 03:07:31,1,1,19,0
8jzs5z,2018-05-17 00:08:07,94,r/CozyPlaces,3,2018-05-17 03:13:19,2,1,16,0
8jzs5z,2018-05-17 00:08:07,94,r/CozyPlaces,3,2018-05-17 03:38:08,3,0,10,0
8jzs5z,2018-05-17 00:08:07,94,r/CozyPlaces,3,2018-05-17 04:31:11,1,0,4,0
8jzs5z,2018-05-17 00:08:07,94,r/CozyPlaces,3,2018-05-17 05:00:23,1,0,1,0
8jzs5z,2018-05-17 00:08:07,94,r/CozyPlaces,3,2018-05-17 05:04:47,1,0,1,0
8jzs5z,2018-05-17 00:08:07,94,r/CozyPlaces,4,2018-05-17 04:02:24,0,1,48,0
8jzs5z,2018-05-17 00:08:07,94,r/CozyPlaces,4,2018-05-17 05:21:41,1,0,1,0
8jzs5z,2018-05-17 00:08:07,94,r/CozyPlaces,5,2018-05-17 02:13:53,0,1,32,0
8jzs5z,2018-05-17 00:08:07,94,r/CozyPlaces,5,2018-05-17 04:22:11,1,0,13,0
8jzs5z,2018-05-17 00:08:07,94,r/CozyPlaces,6,2018-05-17 01:55:47,0,2,96,0
8jzs5z,2018-05-17 00:08:07,94,r/CozyPlaces,6,2018-05-17 04:15:00,1,0,10,0
8jzs5z,2018-05-17 00:08:07,94,r/CozyPlaces,6,2018-05-17 04:09:49,1,0,9,0
8jzs5z,2018-05-17 00:08:07,94,r/CozyPlaces,7,2018-05-17 00:09:09,0,2,30,0
8jzs5z,2018-05-17 00:08:07,94,r/CozyPlaces,7,2018-05-17 00:46:38,1,0,27,0
8jzs5z,2018-05-17 00:08:07,94,r/CozyPlaces,7,2018-05-17 04:46:38,1,0,3,0
8jzs5z,2018-05-17 00:08:07,94,r/CozyPlaces,8,2018-05-17 03:14:39,0,0,15,0
8jzs5z,2018-05-17 00:08:07,94,r/CozyPlaces,9,2018-05-17 00:11:59,0,1,29,0
8jzs5z,2018-05-17 00:08:07,94,r/CozyPlaces,9,2018-05-17 03:50:55,1,0,3,0
8jzs5z,2018-05-17 00:08:07,94,r/CozyPlaces,10,2018-05-17 01:15:27,0,0,29,0
8jzs5z,2018-05-17 00:08:07,94,r/CozyPlaces,11,2018-05-17 00:57:06,0,1,53,0
8jzs5z,2018-05-17 00:08:07,94,r/CozyPlaces,11,2018-05-17 02:09:18,1,2,43,0
8jzs5z,2018-05-17 00:08:07,94,r/CozyPlaces,11,2018-05-17 03:33:15,2,1,8,0
8jzs5z,2018-05-17 00:08:07,94,r/CozyPlaces,11,2018-05-17 05:04:46,3,0,1,0
8jzs5z,2018-05-17 00:08:07,94,r/CozyPlaces,11,2018-05-17 04:39:36,2,0,3,0
8jzs5z,2018-05-17 00:08:07,94,r/CozyPlaces,12,2018-05-17 03:14:45,0,0,9,0
8jzs5z,2018-05-17 00:08:07,94,r/CozyPlaces,13,2018-05-17 03:24:24,0,0,9,0
8jzs5z,2018-05-17 00:08:07,94,r/CozyPlaces,14,2018-05-17 04:08:55,0,2,9,0
8jzs5z,2018-05-17 00:08:07,94,r/CozyPlaces,14,2018-05-17 04:28:50,1,0,1,0
8jzs5z,2018-05-17 00:08:07,94,r/CozyPlaces,14,2018-05-17 04:40:47,1,1,1,0
8jzs5z,2018-05-17 00:08:07,94,r/CozyPlaces,14,2018-05-17 04:42:22,2,0,2,0
8jzs5z,2018-05-17 00:08:07,94,r/CozyPlaces,15,2018-05-17 00:37:59,0,0,16,0
8jzs5z,2018-05-17 00:08:07,94,r/CozyPlaces,16,2018-05-17 04:05:32,0,0,7,0
8jzs5z,2018-05-17 00:08:07,94,r/CozyPlaces,17,2018-05-17 00:14:54,0,0,7,0
8jzs5z,2018-05-17 00:08:07,94,r/CozyPlaces,18,2018-05-17 00:23:25,0,0,11,0
8jzs5z,2018-05-17 00:08:07,94,r/CozyPlaces,19,2018-05-17 00:48:03,0,1,11,0
8jzs5z,2018-05-17 00:08:07,94,r/CozyPlaces,19,2018-05-17 00:49:38,1,1,5,0
8jzs5z,2018-05-17 00:08:07,94,r/CozyPlaces,19,2018-05-17 00:51:06,2,1,8,0
8jzs5z,2018-05-17 00:08:07,94,r/CozyPlaces,19,2018-05-17 00:55:30,3,0,11,0
8jzs5z,2018-05-17 00:08:07,94,r/CozyPlaces,20,2018-05-17 01:03:27,0,0,4,0
8jzs5z,2018-05-17 00:08:07,94,r/CozyPlaces,21,2018-05-17 03:05:12,0,1,6,0
8jzs5z,2018-05-17 00:08:07,94,r/CozyPlaces,21,2018-05-17 04:18:44,1,0,1,0
8jzs5z,2018-05-17 00:08:07,94,r/CozyPlaces,22,2018-05-17 04:12:47,0,0,5,0
8jzs5z,2018-05-17 00:08:07,94,r/CozyPlaces,23,2018-05-17 04:25:08,0,0,5,0
8jzs5z,2018-05-17 00:08:07,94,r/CozyPlaces,24,2018-05-17 02:47:41,0,0,4,0
8jzs5z,2018-05-17 00:08:07,94,r/CozyPlaces,25,2018-05-17 02:51:04,0,0,4,0
8jzs5z,2018-05-17 00:08:07,94,r/CozyPlaces,26,2018-05-17 02:51:52,0,0,4,0
8jzs5z,2018-05-17 00:08:07,94,r/CozyPlaces,27,2018-05-17 02:57:36,0,0,4,0
8jzs5z,2018-05-17 00:08:07,94,r/CozyPlaces,28,2018-05-17 03:28:32,0,0,4,0
8jzs5z,2018-05-17 00:08:07,94,r/CozyPlaces,29,2018-05-17 03:34:42,0,0,5,0
8jzs5z,2018-05-17 00:08:07,94,r/CozyPlaces,30,2018-05-17 04:23:00,0,0,4,0
8jzs5z,2018-05-17 00:08:07,94,r/CozyPlaces,31,2018-05-17 02:52:51,0,0,3,0
8jzs5z,2018-05-17 00:08:07,94,r/CozyPlaces,32,2018-05-17 03:10:13,0,0,3,0
8jzs5z,2018-05-17 00:08:07,94,r/CozyPlaces,33,2018-05-17 04:10:55,0,0,3,0
8jzs5z,2018-05-17 00:08:07,94,r/CozyPlaces,34,2018-05-17 04:13:19,0,0,3,0
8jzs5z,2018-05-17 00:08:07,94,r/CozyPlaces,35,2018-05-17 04:20:49,0,0,3,0
8jzs5z,2018-05-17 00:08:07,94,r/CozyPlaces,36,2018-05-17 04:23:58,0,0,3,0
8jzs5z,2018-05-17 00:08:07,94,r/CozyPlaces,37,2018-05-17 02:08:17,0,0,2,0
8jzs5z,2018-05-17 00:08:07,94,r/CozyPlaces,38,2018-05-17 02:27:34,0,0,2,0
8jzs5z,2018-05-17 00:08:07,94,r/CozyPlaces,39,2018-05-17 02:39:24,0,0,2,0
8jzs5z,2018-05-17 00:08:07,94,r/CozyPlaces,40,2018-05-17 02:48:24,0,0,2,0
8jzs5z,2018-05-17 00:08:07,94,r/CozyPlaces,41,2018-05-17 03:09:59,0,0,2,0
8jzs5z,2018-05-17 00:08:07,94,r/CozyPlaces,42,2018-05-17 04:09:35,0,0,2,0
8jzs5z,2018-05-17 00:08:07,94,r/CozyPlaces,43,2018-05-17 04:19:19,0,0,2,0
8jzs5z,2018-05-17 00:08:07,94,r/CozyPlaces,44,2018-05-17 04:30:20,0,0,2,0
8jzs5z,2018-05-17 00:08:07,94,r/CozyPlaces,45,2018-05-17 04:31:58,0,0,2,0
8jzs5z,2018-05-17 00:08:07,94,r/CozyPlaces,46,2018-05-17 04:39:18,0,0,2,0
8jzs5z,2018-05-17 00:08:07,94,r/CozyPlaces,47,2018-05-17 04:39:55,0,0,2,0
8jzs5z,2018-05-17 00:08:07,94,r/CozyPlaces,48,2018-05-17 04:46:36,0,0,2,0
8jzs5z,2018-05-17 00:08:07,94,r/CozyPlaces,49,2018-05-17 04:58:26,0,0,2,0
8jzs5z,2018-05-17 00:08:07,94,r/CozyPlaces,50,2018-05-17 05:06:33,0,0,2,0
8jzs5z,2018-05-17 00:08:07,94,r/CozyPlaces,51,2018-05-17 03:33:30,0,0,2,0
8jzs5z,2018-05-17 00:08:07,94,r/CozyPlaces,52,2018-05-17 03:08:41,0,0,1,0
8jzs5z,2018-05-17 00:08:07,94,r/CozyPlaces,53,2018-05-17 03:39:34,0,0,1,0
8jzs5z,2018-05-17 00:08:07,94,r/CozyPlaces,54,2018-05-17 03:51:42,0,0,1,0
8jzs5z,2018-05-17 00:08:07,94,r/CozyPlaces,55,2018-05-17 03:54:12,0,0,1,0
8jzs5z,2018-05-17 00:08:07,94,r/CozyPlaces,56,2018-05-17 04:00:35,0,0,1,0
8jzs5z,2018-05-17 00:08:07,94,r/CozyPlaces,57,2018-05-17 04:16:27,0,0,1,0
8jzs5z,2018-05-17 00:08:07,94,r/CozyPlaces,58,2018-05-17 04:36:25,0,0,1,0
8jzs5z,2018-05-17 00:08:07,94,r/CozyPlaces,59,2018-05-17 04:43:26,0,0,1,0
8jzs5z,2018-05-17 00:08:07,94,r/CozyPlaces,60,2018-05-17 04:45:21,0,0,1,0
8jzs5z,2018-05-17 00:08:07,94,r/CozyPlaces,61,2018-05-17 04:49:04,0,0,1,0
8jzs5z,2018-05-17 00:08:07,94,r/CozyPlaces,62,2018-05-17 04:51:06,0,0,1,0
8jzs5z,2018-05-17 00:08:07,94,r/CozyPlaces,63,2018-05-17 04:52:52,0,0,1,0
8jzs5z,2018-05-17 00:08:07,94,r/CozyPlaces,64,2018-05-17 05:00:16,0,0,1,0
8jzs5z,2018-05-17 00:08:07,94,r/CozyPlaces,65,2018-05-17 05:01:05,0,0,1,0
8jzs5z,2018-05-17 00:08:07,94,r/CozyPlaces,66,2018-05-17 05:03:12,0,0,1,0
8jzs5z,2018-05-17 00:08:07,94,r/CozyPlaces,67,2018-05-17 05:03:20,0,0,1,0
8jzs5z,2018-05-17 00:08:07,94,r/CozyPlaces,68,2018-05-17 05:06:32,0,0,1,0
8jzs5z,2018-05-17 00:08:07,94,r/CozyPlaces,69,2018-05-17 05:12:03,0,0,1,0
8jzs5z,2018-05-17 00:08:07,94,r/CozyPlaces,70,2018-05-17 05:15:04,0,0,1,0
8jzs5z,2018-05-17 00:08:07,94,r/CozyPlaces,71,2018-05-17 05:18:35,0,0,1,0
8jzs5z,2018-05-17 00:08:07,94,r/CozyPlaces,72,2018-05-17 05:20:03,0,0,1,0
8jzs5z,2018-05-17 00:08:07,94,r/CozyPlaces,73,2018-05-17 05:20:29,0,0,1,0
8jzs5z,2018-05-17 00:08:07,94,r/CozyPlaces,74,2018-05-17 04:32:38,0,0,0,0
8jzs5z,2018-05-17 00:08:07,94,r/CozyPlaces,75,2018-05-17 05:05:09,0,0,0,0
8jy05j,2018-05-16 20:00:15,95,r/Showerthoughts,0,2018-05-16 20:26:38,0,18,5349,0
8jy05j,2018-05-16 20:00:15,95,r/Showerthoughts,0,2018-05-16 20:28:06,1,12,3184,0
8jy05j,2018-05-16 20:00:15,95,r/Showerthoughts,0,2018-05-16 21:49:28,2,3,805,0
8jy05j,2018-05-16 20:00:15,95,r/Showerthoughts,0,2018-05-17 00:04:30,3,3,126,0
8jy05j,2018-05-16 20:00:15,95,r/Showerthoughts,0,2018-05-17 00:05:51,4,2,152,0
8jy05j,2018-05-16 20:00:15,95,r/Showerthoughts,0,2018-05-17 00:06:27,5,3,81,0
8jy05j,2018-05-16 20:00:15,95,r/Showerthoughts,0,2018-05-17 00:12:55,6,2,51,0
8jy05j,2018-05-16 20:00:15,95,r/Showerthoughts,0,2018-05-17 00:13:27,7,3,31,0
8jy05j,2018-05-16 20:00:15,95,r/Showerthoughts,0,2018-05-17 00:15:25,8,1,42,0
8jy05j,2018-05-16 20:00:15,95,r/Showerthoughts,0,2018-05-17 00:16:53,9,1,-6,0
8jy05j,2018-05-16 20:00:15,95,r/Showerthoughts,0,2018-05-17 03:33:51,8,0,1,0
8jy05j,2018-05-16 20:00:15,95,r/Showerthoughts,0,2018-05-17 03:42:12,8,0,1,0
8jy05j,2018-05-16 20:00:15,95,r/Showerthoughts,0,2018-05-17 03:13:07,7,0,2,0
8jy05j,2018-05-16 20:00:15,95,r/Showerthoughts,0,2018-05-17 01:01:03,6,3,22,0
8jy05j,2018-05-16 20:00:15,95,r/Showerthoughts,0,2018-05-17 01:06:55,7,0,8,0
8jy05j,2018-05-16 20:00:15,95,r/Showerthoughts,0,2018-05-17 02:11:07,7,0,4,0
8jy05j,2018-05-16 20:00:15,95,r/Showerthoughts,0,2018-05-17 02:54:17,7,0,1,0
8jy05j,2018-05-16 20:00:15,95,r/Showerthoughts,0,2018-05-17 02:09:14,6,0,3,0
8jy05j,2018-05-16 20:00:15,95,r/Showerthoughts,0,2018-05-17 00:36:04,5,0,5,0
8jy05j,2018-05-16 20:00:15,95,r/Showerthoughts,0,2018-05-17 00:32:01,4,1,2,0
8jy05j,2018-05-16 20:00:15,95,r/Showerthoughts,0,2018-05-17 00:32:13,5,0,2,0
8jy05j,2018-05-16 20:00:15,95,r/Showerthoughts,0,2018-05-17 00:15:00,4,0,2,0
8jy05j,2018-05-16 20:00:15,95,r/Showerthoughts,0,2018-05-17 00:42:46,3,0,5,0
8jy05j,2018-05-16 20:00:15,95,r/Showerthoughts,0,2018-05-17 04:28:44,3,0,1,0
8jy05j,2018-05-16 20:00:15,95,r/Showerthoughts,0,2018-05-17 00:03:43,2,1,7,0
8jy05j,2018-05-16 20:00:15,95,r/Showerthoughts,0,2018-05-17 00:14:09,3,1,6,0
8jy05j,2018-05-16 20:00:15,95,r/Showerthoughts,0,2018-05-17 00:44:47,4,1,8,0
8jy05j,2018-05-16 20:00:15,95,r/Showerthoughts,0,2018-05-17 00:45:39,5,0,1,0
8jy05j,2018-05-16 20:00:15,95,r/Showerthoughts,0,2018-05-17 00:20:48,2,1,4,0
8jy05j,2018-05-16 20:00:15,95,r/Showerthoughts,0,2018-05-17 01:10:23,3,0,3,0
8jy05j,2018-05-16 20:00:15,95,r/Showerthoughts,0,2018-05-16 23:45:12,2,1,8,0
8jy05j,2018-05-16 20:00:15,95,r/Showerthoughts,0,2018-05-16 23:52:03,3,1,42,0
8jy05j,2018-05-16 20:00:15,95,r/Showerthoughts,0,2018-05-16 23:59:57,4,1,15,0
8jy05j,2018-05-16 20:00:15,95,r/Showerthoughts,0,2018-05-17 00:04:29,5,0,12,0
8jy05j,2018-05-16 20:00:15,95,r/Showerthoughts,0,2018-05-17 00:33:37,2,1,2,0
8jy05j,2018-05-16 20:00:15,95,r/Showerthoughts,0,2018-05-17 01:42:14,3,0,1,0
8jy05j,2018-05-16 20:00:15,95,r/Showerthoughts,0,2018-05-17 01:17:05,2,0,2,0
8jy05j,2018-05-16 20:00:15,95,r/Showerthoughts,0,2018-05-17 01:32:11,2,0,2,0
8jy05j,2018-05-16 20:00:15,95,r/Showerthoughts,0,2018-05-17 01:48:47,2,0,2,0
8jy05j,2018-05-16 20:00:15,95,r/Showerthoughts,0,2018-05-17 02:14:55,2,0,2,0
8jy05j,2018-05-16 20:00:15,95,r/Showerthoughts,0,2018-05-17 00:06:45,2,1,1,0
8jy05j,2018-05-16 20:00:15,95,r/Showerthoughts,0,2018-05-17 02:57:58,3,0,1,0
8jy05j,2018-05-16 20:00:15,95,r/Showerthoughts,0,2018-05-17 00:31:06,2,0,1,0
8jy05j,2018-05-16 20:00:15,95,r/Showerthoughts,0,2018-05-17 01:23:37,2,0,1,0
8jy05j,2018-05-16 20:00:15,95,r/Showerthoughts,0,2018-05-16 23:37:55,1,1,15,0
8jy05j,2018-05-16 20:00:15,95,r/Showerthoughts,0,2018-05-17 02:09:30,2,0,2,0
8jy05j,2018-05-16 20:00:15,95,r/Showerthoughts,0,2018-05-16 23:31:15,1,0,6,0
8jy05j,2018-05-16 20:00:15,95,r/Showerthoughts,0,2018-05-16 23:56:46,1,1,6,0
8jy05j,2018-05-16 20:00:15,95,r/Showerthoughts,0,2018-05-17 01:03:10,2,2,1,0
8jy05j,2018-05-16 20:00:15,95,r/Showerthoughts,0,2018-05-17 02:32:28,3,2,2,0
8jy05j,2018-05-16 20:00:15,95,r/Showerthoughts,0,2018-05-17 02:32:53,4,0,1,0
8jy05j,2018-05-16 20:00:15,95,r/Showerthoughts,0,2018-05-17 03:24:44,4,0,1,0
8jy05j,2018-05-16 20:00:15,95,r/Showerthoughts,0,2018-05-17 01:50:03,3,0,1,0
8jy05j,2018-05-16 20:00:15,95,r/Showerthoughts,0,2018-05-17 00:44:34,1,0,4,0
8jy05j,2018-05-16 20:00:15,95,r/Showerthoughts,0,2018-05-17 00:38:15,1,0,4,0
8jy05j,2018-05-16 20:00:15,95,r/Showerthoughts,0,2018-05-17 01:02:28,1,0,3,0
8jy05j,2018-05-16 20:00:15,95,r/Showerthoughts,0,2018-05-17 00:10:30,1,0,1,0
8jy05j,2018-05-16 20:00:15,95,r/Showerthoughts,0,2018-05-17 00:11:56,1,0,1,0
8jy05j,2018-05-16 20:00:15,95,r/Showerthoughts,0,2018-05-17 00:21:29,1,0,1,0
8jy05j,2018-05-16 20:00:15,95,r/Showerthoughts,0,2018-05-17 01:09:27,1,0,1,0
8jy05j,2018-05-16 20:00:15,95,r/Showerthoughts,0,2018-05-17 02:23:38,1,0,1,0
8jy05j,2018-05-16 20:00:15,95,r/Showerthoughts,0,2018-05-17 02:39:00,1,0,1,0
8jy05j,2018-05-16 20:00:15,95,r/Showerthoughts,0,2018-05-17 03:05:11,1,0,1,0
8jy05j,2018-05-16 20:00:15,95,r/Showerthoughts,0,2018-05-17 03:45:34,1,0,1,0
8jy05j,2018-05-16 20:00:15,95,r/Showerthoughts,0,2018-05-17 03:47:28,1,0,1,0
8jy05j,2018-05-16 20:00:15,95,r/Showerthoughts,0,2018-05-17 05:18:41,1,0,1,0
8jy05j,2018-05-16 20:00:15,95,r/Showerthoughts,0,2018-05-17 00:46:36,1,0,0,0
8jy05j,2018-05-16 20:00:15,95,r/Showerthoughts,1,2018-05-16 20:30:12,0,11,1320,0
8jy05j,2018-05-16 20:00:15,95,r/Showerthoughts,1,2018-05-16 20:51:26,1,4,1602,0
8jy05j,2018-05-16 20:00:15,95,r/Showerthoughts,1,2018-05-16 23:12:42,2,2,644,0
8jy05j,2018-05-16 20:00:15,95,r/Showerthoughts,1,2018-05-16 23:52:09,3,3,552,0
8jy05j,2018-05-16 20:00:15,95,r/Showerthoughts,1,2018-05-17 00:29:27,4,1,135,0
8jy05j,2018-05-16 20:00:15,95,r/Showerthoughts,1,2018-05-17 01:38:55,5,1,33,0
8jy05j,2018-05-16 20:00:15,95,r/Showerthoughts,1,2018-05-17 02:55:30,6,0,4,0
8jy05j,2018-05-16 20:00:15,95,r/Showerthoughts,1,2018-05-17 00:51:14,4,3,77,0
8jy05j,2018-05-16 20:00:15,95,r/Showerthoughts,1,2018-05-17 01:32:37,5,0,45,0
8jy05j,2018-05-16 20:00:15,95,r/Showerthoughts,1,2018-05-17 02:31:14,5,1,32,0
8jy05j,2018-05-16 20:00:15,95,r/Showerthoughts,1,2018-05-17 03:22:07,6,0,6,0
8jy05j,2018-05-16 20:00:15,95,r/Showerthoughts,1,2018-05-17 01:44:27,5,0,5,0
8jy05j,2018-05-16 20:00:15,95,r/Showerthoughts,1,2018-05-17 01:04:56,4,2,62,0
8jy05j,2018-05-16 20:00:15,95,r/Showerthoughts,1,2018-05-17 01:44:17,5,0,28,0
8jy05j,2018-05-16 20:00:15,95,r/Showerthoughts,1,2018-05-17 01:44:28,5,1,24,0
8jy05j,2018-05-16 20:00:15,95,r/Showerthoughts,1,2018-05-17 03:13:52,6,0,3,0
8jy05j,2018-05-16 20:00:15,95,r/Showerthoughts,1,2018-05-16 23:51:31,3,0,24,0
8jy05j,2018-05-16 20:00:15,95,r/Showerthoughts,1,2018-05-16 23:26:56,2,5,91,0
8jy05j,2018-05-16 20:00:15,95,r/Showerthoughts,1,2018-05-17 00:40:11,3,1,15,0
8jy05j,2018-05-16 20:00:15,95,r/Showerthoughts,1,2018-05-17 02:32:38,4,0,2,0
8jy05j,2018-05-16 20:00:15,95,r/Showerthoughts,1,2018-05-17 02:43:27,3,0,3,0
8jy05j,2018-05-16 20:00:15,95,r/Showerthoughts,1,2018-05-17 01:15:32,3,0,2,0
8jy05j,2018-05-16 20:00:15,95,r/Showerthoughts,1,2018-05-17 02:08:34,3,0,2,0
8jy05j,2018-05-16 20:00:15,95,r/Showerthoughts,1,2018-05-17 03:41:56,3,0,1,0
8jy05j,2018-05-16 20:00:15,95,r/Showerthoughts,1,2018-05-16 23:52:30,2,1,32,0
8jy05j,2018-05-16 20:00:15,95,r/Showerthoughts,1,2018-05-17 00:20:12,3,2,-6,0
8jy05j,2018-05-16 20:00:15,95,r/Showerthoughts,1,2018-05-17 00:39:08,4,0,2,0
8jy05j,2018-05-16 20:00:15,95,r/Showerthoughts,1,2018-05-17 04:02:54,4,0,1,0
8jy05j,2018-05-16 20:00:15,95,r/Showerthoughts,1,2018-05-17 03:12:19,2,1,1,0
8jy05j,2018-05-16 20:00:15,95,r/Showerthoughts,1,2018-05-17 03:52:55,3,0,1,0
8jy05j,2018-05-16 20:00:15,95,r/Showerthoughts,1,2018-05-17 00:07:34,1,3,33,0
8jy05j,2018-05-16 20:00:15,95,r/Showerthoughts,1,2018-05-17 00:26:13,2,8,67,0
8jy05j,2018-05-16 20:00:15,95,r/Showerthoughts,1,2018-05-17 01:04:24,3,4,17,0
8jy05j,2018-05-16 20:00:15,95,r/Showerthoughts,1,2018-05-17 02:13:31,4,0,4,0
8jy05j,2018-05-16 20:00:15,95,r/Showerthoughts,1,2018-05-17 02:13:38,4,0,3,0
8jy05j,2018-05-16 20:00:15,95,r/Showerthoughts,1,2018-05-17 02:20:28,4,0,2,0
8jy05j,2018-05-16 20:00:15,95,r/Showerthoughts,1,2018-05-17 03:28:59,4,0,1,0
8jy05j,2018-05-16 20:00:15,95,r/Showerthoughts,1,2018-05-17 00:40:47,3,0,21,0
8jy05j,2018-05-16 20:00:15,95,r/Showerthoughts,1,2018-05-17 00:45:54,3,0,11,0
8jy05j,2018-05-16 20:00:15,95,r/Showerthoughts,1,2018-05-17 02:18:11,3,1,7,0
8jy05j,2018-05-16 20:00:15,95,r/Showerthoughts,1,2018-05-17 02:28:24,4,1,3,0
8jy05j,2018-05-16 20:00:15,95,r/Showerthoughts,1,2018-05-17 03:02:54,5,0,1,0
8jy05j,2018-05-16 20:00:15,95,r/Showerthoughts,1,2018-05-17 02:09:27,3,0,3,0
8jy05j,2018-05-16 20:00:15,95,r/Showerthoughts,1,2018-05-17 01:07:11,3,0,5,0
8jy05j,2018-05-16 20:00:15,95,r/Showerthoughts,1,2018-05-17 02:14:16,3,0,1,0
8jy05j,2018-05-16 20:00:15,95,r/Showerthoughts,1,2018-05-17 02:51:12,3,0,1,0
8jy05j,2018-05-16 20:00:15,95,r/Showerthoughts,1,2018-05-17 01:41:29,2,0,16,0
8jy05j,2018-05-16 20:00:15,95,r/Showerthoughts,1,2018-05-17 00:07:42,2,0,2,0
8jy05j,2018-05-16 20:00:15,95,r/Showerthoughts,1,2018-05-16 23:33:43,1,2,22,0
8jy05j,2018-05-16 20:00:15,95,r/Showerthoughts,1,2018-05-17 00:28:15,2,0,2,0
8jy05j,2018-05-16 20:00:15,95,r/Showerthoughts,1,2018-05-17 02:36:43,2,0,1,0
8jy05j,2018-05-16 20:00:15,95,r/Showerthoughts,1,2018-05-16 23:27:31,1,0,9,0
8jy05j,2018-05-16 20:00:15,95,r/Showerthoughts,1,2018-05-16 23:57:15,1,0,3,0
8jy05j,2018-05-16 20:00:15,95,r/Showerthoughts,1,2018-05-17 00:12:40,1,0,2,0
8jy05j,2018-05-16 20:00:15,95,r/Showerthoughts,1,2018-05-17 01:05:42,1,0,1,0
8jy05j,2018-05-16 20:00:15,95,r/Showerthoughts,1,2018-05-17 01:07:47,1,0,1,0
8jy05j,2018-05-16 20:00:15,95,r/Showerthoughts,1,2018-05-17 01:17:13,1,1,1,0
8jy05j,2018-05-16 20:00:15,95,r/Showerthoughts,1,2018-05-17 01:17:21,2,0,1,0
8jy05j,2018-05-16 20:00:15,95,r/Showerthoughts,1,2018-05-17 02:42:08,1,0,1,0
8jy05j,2018-05-16 20:00:15,95,r/Showerthoughts,1,2018-05-17 02:49:40,1,0,1,0
8jy05j,2018-05-16 20:00:15,95,r/Showerthoughts,2,2018-05-16 22:49:52,0,6,465,0
8jy05j,2018-05-16 20:00:15,95,r/Showerthoughts,2,2018-05-16 23:49:08,1,3,204,0
8jy05j,2018-05-16 20:00:15,95,r/Showerthoughts,2,2018-05-16 23:56:15,2,3,133,0
8jy05j,2018-05-16 20:00:15,95,r/Showerthoughts,2,2018-05-17 00:01:06,3,4,84,0
8jy05j,2018-05-16 20:00:15,95,r/Showerthoughts,2,2018-05-17 01:08:13,4,3,50,0
8jy05j,2018-05-16 20:00:15,95,r/Showerthoughts,2,2018-05-17 01:15:24,5,2,23,0
8jy05j,2018-05-16 20:00:15,95,r/Showerthoughts,2,2018-05-17 01:30:00,6,0,4,0
8jy05j,2018-05-16 20:00:15,95,r/Showerthoughts,2,2018-05-17 01:17:53,6,0,-1,0
8jy05j,2018-05-16 20:00:15,95,r/Showerthoughts,2,2018-05-17 01:16:13,5,0,5,0
8jy05j,2018-05-16 20:00:15,95,r/Showerthoughts,2,2018-05-17 02:44:27,5,0,1,0
8jy05j,2018-05-16 20:00:15,95,r/Showerthoughts,2,2018-05-17 02:41:41,4,0,1,0
8jy05j,2018-05-16 20:00:15,95,r/Showerthoughts,2,2018-05-17 03:16:37,4,0,1,0
8jy05j,2018-05-16 20:00:15,95,r/Showerthoughts,2,2018-05-17 05:11:30,4,0,1,0
8jy05j,2018-05-16 20:00:15,95,r/Showerthoughts,2,2018-05-17 00:17:02,3,2,7,0
8jy05j,2018-05-16 20:00:15,95,r/Showerthoughts,2,2018-05-17 00:25:07,4,1,12,0
8jy05j,2018-05-16 20:00:15,95,r/Showerthoughts,2,2018-05-17 02:26:26,5,0,1,0
8jy05j,2018-05-16 20:00:15,95,r/Showerthoughts,2,2018-05-17 01:03:22,4,0,2,0
8jy05j,2018-05-16 20:00:15,95,r/Showerthoughts,2,2018-05-17 01:52:09,3,0,1,0
8jy05j,2018-05-16 20:00:15,95,r/Showerthoughts,2,2018-05-17 03:17:26,2,0,1,0
8jy05j,2018-05-16 20:00:15,95,r/Showerthoughts,2,2018-05-17 04:55:11,2,0,1,0
8jy05j,2018-05-16 20:00:15,95,r/Showerthoughts,2,2018-05-17 00:19:47,1,1,19,0
8jy05j,2018-05-16 20:00:15,95,r/Showerthoughts,2,2018-05-17 02:54:21,2,0,1,0
8jy05j,2018-05-16 20:00:15,95,r/Showerthoughts,2,2018-05-17 01:08:48,1,0,1,0
8jy05j,2018-05-16 20:00:15,95,r/Showerthoughts,2,2018-05-17 02:29:11,1,0,1,0
8jy05j,2018-05-16 20:00:15,95,r/Showerthoughts,2,2018-05-17 02:33:49,1,0,1,0
8jy05j,2018-05-16 20:00:15,95,r/Showerthoughts,2,2018-05-17 03:15:27,1,0,1,0
8jy05j,2018-05-16 20:00:15,95,r/Showerthoughts,3,2018-05-16 20:22:27,0,2,67,0
8jy05j,2018-05-16 20:00:15,95,r/Showerthoughts,3,2018-05-16 23:04:22,1,1,26,0
8jy05j,2018-05-16 20:00:15,95,r/Showerthoughts,3,2018-05-17 00:02:09,2,1,15,0
8jy05j,2018-05-16 20:00:15,95,r/Showerthoughts,3,2018-05-17 00:23:04,3,0,8,0
8jy05j,2018-05-16 20:00:15,95,r/Showerthoughts,3,2018-05-17 03:46:04,1,0,2,0
8jy05j,2018-05-16 20:00:15,95,r/Showerthoughts,4,2018-05-16 23:36:56,0,6,63,0
8jy05j,2018-05-16 20:00:15,95,r/Showerthoughts,4,2018-05-17 00:14:16,1,2,40,0
8jy05j,2018-05-16 20:00:15,95,r/Showerthoughts,4,2018-05-17 00:30:19,2,1,18,0
8jy05j,2018-05-16 20:00:15,95,r/Showerthoughts,4,2018-05-17 00:35:44,3,1,21,0
8jy05j,2018-05-16 20:00:15,95,r/Showerthoughts,4,2018-05-17 03:27:41,4,1,2,0
8jy05j,2018-05-16 20:00:15,95,r/Showerthoughts,4,2018-05-17 03:27:59,5,1,1,0
8jy05j,2018-05-16 20:00:15,95,r/Showerthoughts,4,2018-05-17 03:34:57,6,1,1,0
8jy05j,2018-05-16 20:00:15,95,r/Showerthoughts,4,2018-05-17 03:35:34,7,0,3,0
8jy05j,2018-05-16 20:00:15,95,r/Showerthoughts,4,2018-05-17 02:50:36,2,0,1,0
8jy05j,2018-05-16 20:00:15,95,r/Showerthoughts,4,2018-05-17 01:08:04,1,0,14,0
8jy05j,2018-05-16 20:00:15,95,r/Showerthoughts,4,2018-05-17 01:27:27,1,0,3,0
8jy05j,2018-05-16 20:00:15,95,r/Showerthoughts,4,2018-05-17 01:40:06,1,1,1,0
8jy05j,2018-05-16 20:00:15,95,r/Showerthoughts,4,2018-05-17 03:29:45,2,0,1,0
8jy05j,2018-05-16 20:00:15,95,r/Showerthoughts,4,2018-05-17 02:37:44,1,0,1,0
8jy05j,2018-05-16 20:00:15,95,r/Showerthoughts,4,2018-05-17 02:57:52,1,0,1,0
8jy05j,2018-05-16 20:00:15,95,r/Showerthoughts,5,2018-05-16 23:50:48,0,1,32,0
8jy05j,2018-05-16 20:00:15,95,r/Showerthoughts,5,2018-05-17 01:04:38,1,2,20,0
8jy05j,2018-05-16 20:00:15,95,r/Showerthoughts,5,2018-05-17 03:04:27,2,1,2,0
8jy05j,2018-05-16 20:00:15,95,r/Showerthoughts,5,2018-05-17 04:17:53,3,0,1,0
8jy05j,2018-05-16 20:00:15,95,r/Showerthoughts,5,2018-05-17 04:21:48,2,0,1,0
8jy05j,2018-05-16 20:00:15,95,r/Showerthoughts,6,2018-05-16 21:23:16,0,3,186,0
8jy05j,2018-05-16 20:00:15,95,r/Showerthoughts,6,2018-05-16 23:16:27,1,3,96,0
8jy05j,2018-05-16 20:00:15,95,r/Showerthoughts,6,2018-05-16 23:30:01,2,3,15,0
8jy05j,2018-05-16 20:00:15,95,r/Showerthoughts,6,2018-05-16 23:34:50,3,1,38,0
8jy05j,2018-05-16 20:00:15,95,r/Showerthoughts,6,2018-05-16 23:48:00,4,1,9,0
8jy05j,2018-05-16 20:00:15,95,r/Showerthoughts,6,2018-05-17 00:05:24,5,1,13,0
8jy05j,2018-05-16 20:00:15,95,r/Showerthoughts,6,2018-05-17 00:21:51,6,1,8,0
8jy05j,2018-05-16 20:00:15,95,r/Showerthoughts,6,2018-05-17 00:22:42,7,1,6,0
8jy05j,2018-05-16 20:00:15,95,r/Showerthoughts,6,2018-05-17 00:22:51,8,3,17,0
8jy05j,2018-05-16 20:00:15,95,r/Showerthoughts,6,2018-05-17 00:37:18,9,0,11,0
8jy05j,2018-05-16 20:00:15,95,r/Showerthoughts,6,2018-05-17 00:57:17,9,0,4,0
8jy05j,2018-05-16 20:00:15,95,r/Showerthoughts,6,2018-05-17 00:25:50,9,1,0,0
8jy05j,2018-05-16 20:00:15,95,r/Showerthoughts,6,2018-05-17 01:24:41,3,0,2,0
8jy05j,2018-05-16 20:00:15,95,r/Showerthoughts,6,2018-05-17 03:06:55,3,0,1,0
8jy05j,2018-05-16 20:00:15,95,r/Showerthoughts,6,2018-05-17 00:37:09,2,0,2,0
8jy05j,2018-05-16 20:00:15,95,r/Showerthoughts,6,2018-05-17 01:12:52,2,0,1,0
8jy05j,2018-05-16 20:00:15,95,r/Showerthoughts,6,2018-05-16 23:31:18,1,1,13,0
8jy05j,2018-05-16 20:00:15,95,r/Showerthoughts,6,2018-05-17 01:57:08,2,1,1,0
8jy05j,2018-05-16 20:00:15,95,r/Showerthoughts,6,2018-05-17 02:53:44,3,0,0,0
8jy05j,2018-05-16 20:00:15,95,r/Showerthoughts,6,2018-05-17 00:52:35,1,2,-1,0
8jy05j,2018-05-16 20:00:15,95,r/Showerthoughts,6,2018-05-17 01:59:37,2,0,1,0
8jy05j,2018-05-16 20:00:15,95,r/Showerthoughts,6,2018-05-17 01:00:18,2,1,0,0
8jy05j,2018-05-16 20:00:15,95,r/Showerthoughts,6,2018-05-17 01:05:28,3,0,1,0
8jy05j,2018-05-16 20:00:15,95,r/Showerthoughts,7,2018-05-16 20:49:19,0,3,15,0
8jy05j,2018-05-16 20:00:15,95,r/Showerthoughts,7,2018-05-16 21:00:34,1,1,3,0
8jy05j,2018-05-16 20:00:15,95,r/Showerthoughts,7,2018-05-16 21:03:17,2,1,5,0
8jy05j,2018-05-16 20:00:15,95,r/Showerthoughts,7,2018-05-16 21:16:52,3,0,3,0
8jy05j,2018-05-16 20:00:15,95,r/Showerthoughts,7,2018-05-16 22:45:37,1,2,1,0
8jy05j,2018-05-16 20:00:15,95,r/Showerthoughts,7,2018-05-16 23:06:53,2,0,4,0
8jy05j,2018-05-16 20:00:15,95,r/Showerthoughts,7,2018-05-16 23:14:53,2,0,3,0
8jy05j,2018-05-16 20:00:15,95,r/Showerthoughts,7,2018-05-17 04:25:05,1,0,1,0
8jy05j,2018-05-16 20:00:15,95,r/Showerthoughts,8,2018-05-16 23:04:42,0,0,8,0
8jy05j,2018-05-16 20:00:15,95,r/Showerthoughts,9,2018-05-17 01:17:02,0,0,5,0
8jy05j,2018-05-16 20:00:15,95,r/Showerthoughts,10,2018-05-16 23:29:47,0,1,8,0
8jy05j,2018-05-16 20:00:15,95,r/Showerthoughts,10,2018-05-17 04:35:26,1,1,1,0
8jy05j,2018-05-16 20:00:15,95,r/Showerthoughts,10,2018-05-17 04:54:18,2,0,1,0
8jy05j,2018-05-16 20:00:15,95,r/Showerthoughts,11,2018-05-16 22:59:20,0,0,3,0
8jy05j,2018-05-16 20:00:15,95,r/Showerthoughts,12,2018-05-16 23:29:51,0,1,3,0
8jy05j,2018-05-16 20:00:15,95,r/Showerthoughts,12,2018-05-17 03:15:48,1,0,1,0
8jy05j,2018-05-16 20:00:15,95,r/Showerthoughts,13,2018-05-17 00:44:53,0,0,3,0
8jy05j,2018-05-16 20:00:15,95,r/Showerthoughts,14,2018-05-17 01:16:35,0,0,3,0
8jy05j,2018-05-16 20:00:15,95,r/Showerthoughts,15,2018-05-17 01:32:17,0,0,3,0
8jy05j,2018-05-16 20:00:15,95,r/Showerthoughts,16,2018-05-17 01:43:57,0,0,3,0
8jy05j,2018-05-16 20:00:15,95,r/Showerthoughts,17,2018-05-17 02:27:11,0,0,3,0
8jy05j,2018-05-16 20:00:15,95,r/Showerthoughts,18,2018-05-16 23:31:59,0,2,4,0
8jy05j,2018-05-16 20:00:15,95,r/Showerthoughts,18,2018-05-16 23:41:12,1,0,5,0
8jy05j,2018-05-16 20:00:15,95,r/Showerthoughts,18,2018-05-17 00:12:52,1,1,5,0
8jy05j,2018-05-16 20:00:15,95,r/Showerthoughts,18,2018-05-17 00:14:02,2,0,1,0
8jy05j,2018-05-16 20:00:15,95,r/Showerthoughts,19,2018-05-16 23:37:14,0,0,2,0
8jy05j,2018-05-16 20:00:15,95,r/Showerthoughts,20,2018-05-16 23:50:26,0,1,2,0
8jy05j,2018-05-16 20:00:15,95,r/Showerthoughts,20,2018-05-17 01:28:59,1,0,1,0
8jy05j,2018-05-16 20:00:15,95,r/Showerthoughts,21,2018-05-16 23:51:58,0,0,2,0
8jy05j,2018-05-16 20:00:15,95,r/Showerthoughts,22,2018-05-16 23:57:27,0,0,2,0
8jy05j,2018-05-16 20:00:15,95,r/Showerthoughts,23,2018-05-16 23:58:21,0,0,2,0
8jy05j,2018-05-16 20:00:15,95,r/Showerthoughts,24,2018-05-17 00:09:20,0,0,2,0
8jy05j,2018-05-16 20:00:15,95,r/Showerthoughts,25,2018-05-17 00:10:12,0,0,2,0
8jy05j,2018-05-16 20:00:15,95,r/Showerthoughts,26,2018-05-17 00:23:57,0,1,2,0
8jy05j,2018-05-16 20:00:15,95,r/Showerthoughts,26,2018-05-17 03:35:42,1,0,1,0
8jy05j,2018-05-16 20:00:15,95,r/Showerthoughts,27,2018-05-17 00:24:00,0,0,2,0
8jy05j,2018-05-16 20:00:15,95,r/Showerthoughts,28,2018-05-17 00:26:05,0,1,2,0
8jy05j,2018-05-16 20:00:15,95,r/Showerthoughts,28,2018-05-17 03:35:22,1,0,1,0
8jy05j,2018-05-16 20:00:15,95,r/Showerthoughts,29,2018-05-17 00:31:15,0,1,2,0
8jy05j,2018-05-16 20:00:15,95,r/Showerthoughts,29,2018-05-17 01:12:36,1,0,1,0
8jy05j,2018-05-16 20:00:15,95,r/Showerthoughts,30,2018-05-17 00:32:12,0,0,2,0
8jy05j,2018-05-16 20:00:15,95,r/Showerthoughts,31,2018-05-17 00:40:53,0,0,2,0
8jy05j,2018-05-16 20:00:15,95,r/Showerthoughts,32,2018-05-17 00:42:15,0,0,2,0
8jy05j,2018-05-16 20:00:15,95,r/Showerthoughts,33,2018-05-17 00:44:19,0,0,2,0
8jy05j,2018-05-16 20:00:15,95,r/Showerthoughts,34,2018-05-17 00:46:57,0,0,2,0
8jy05j,2018-05-16 20:00:15,95,r/Showerthoughts,35,2018-05-17 00:48:55,0,0,2,0
8jy05j,2018-05-16 20:00:15,95,r/Showerthoughts,36,2018-05-17 00:55:36,0,0,2,0
8jy05j,2018-05-16 20:00:15,95,r/Showerthoughts,37,2018-05-17 01:02:05,0,0,2,0
8jy05j,2018-05-16 20:00:15,95,r/Showerthoughts,38,2018-05-17 01:04:54,0,0,2,0
8jy05j,2018-05-16 20:00:15,95,r/Showerthoughts,39,2018-05-17 01:06:24,0,0,2,0
8jy05j,2018-05-16 20:00:15,95,r/Showerthoughts,40,2018-05-17 01:09:17,0,0,2,0
8jy05j,2018-05-16 20:00:15,95,r/Showerthoughts,41,2018-05-17 01:10:53,0,0,2,0
8jy05j,2018-05-16 20:00:15,95,r/Showerthoughts,42,2018-05-17 01:22:20,0,0,2,0
8jy05j,2018-05-16 20:00:15,95,r/Showerthoughts,43,2018-05-17 01:32:16,0,0,2,0
8jy05j,2018-05-16 20:00:15,95,r/Showerthoughts,44,2018-05-17 01:33:47,0,0,2,0
8jy05j,2018-05-16 20:00:15,95,r/Showerthoughts,45,2018-05-17 01:46:19,0,0,2,0
8jy05j,2018-05-16 20:00:15,95,r/Showerthoughts,46,2018-05-17 01:46:25,0,0,2,0
8jy05j,2018-05-16 20:00:15,95,r/Showerthoughts,47,2018-05-17 01:47:05,0,1,2,0
8jy05j,2018-05-16 20:00:15,95,r/Showerthoughts,47,2018-05-17 03:24:16,1,0,2,0
8jy05j,2018-05-16 20:00:15,95,r/Showerthoughts,48,2018-05-17 01:47:53,0,0,2,0
8jy05j,2018-05-16 20:00:15,95,r/Showerthoughts,49,2018-05-17 01:56:10,0,1,2,0
8jy05j,2018-05-16 20:00:15,95,r/Showerthoughts,49,2018-05-17 03:23:20,1,0,1,0
8jy05j,2018-05-16 20:00:15,95,r/Showerthoughts,50,2018-05-17 01:56:38,0,0,2,0
8jy05j,2018-05-16 20:00:15,95,r/Showerthoughts,51,2018-05-17 02:00:04,0,0,2,0
8jy05j,2018-05-16 20:00:15,95,r/Showerthoughts,52,2018-05-17 02:02:39,0,0,2,0
8jy05j,2018-05-16 20:00:15,95,r/Showerthoughts,53,2018-05-17 02:14:08,0,0,2,0
8jy05j,2018-05-16 20:00:15,95,r/Showerthoughts,54,2018-05-17 02:15:58,0,0,2,0
8jy05j,2018-05-16 20:00:15,95,r/Showerthoughts,55,2018-05-17 02:16:53,0,0,2,0
8jy05j,2018-05-16 20:00:15,95,r/Showerthoughts,56,2018-05-17 02:20:47,0,0,2,0
8jy05j,2018-05-16 20:00:15,95,r/Showerthoughts,57,2018-05-17 02:27:56,0,0,2,0
8jy05j,2018-05-16 20:00:15,95,r/Showerthoughts,58,2018-05-17 02:27:59,0,0,2,0
8jy05j,2018-05-16 20:00:15,95,r/Showerthoughts,59,2018-05-17 02:28:38,0,0,2,0
8jy05j,2018-05-16 20:00:15,95,r/Showerthoughts,60,2018-05-17 02:30:23,0,0,2,0
8jy05j,2018-05-16 20:00:15,95,r/Showerthoughts,61,2018-05-17 02:30:27,0,0,2,0
8jy05j,2018-05-16 20:00:15,95,r/Showerthoughts,62,2018-05-17 02:33:58,0,0,2,0
8jy05j,2018-05-16 20:00:15,95,r/Showerthoughts,63,2018-05-17 02:45:33,0,0,2,0
8jy05j,2018-05-16 20:00:15,95,r/Showerthoughts,64,2018-05-17 02:46:20,0,0,2,0
8jy05j,2018-05-16 20:00:15,95,r/Showerthoughts,65,2018-05-17 02:47:04,0,0,2,0
8jy05j,2018-05-16 20:00:15,95,r/Showerthoughts,66,2018-05-17 02:50:41,0,0,2,0
8jy05j,2018-05-16 20:00:15,95,r/Showerthoughts,67,2018-05-17 03:10:17,0,0,2,0
8jy05j,2018-05-16 20:00:15,95,r/Showerthoughts,68,2018-05-17 03:14:51,0,0,2,0
8jy05j,2018-05-16 20:00:15,95,r/Showerthoughts,69,2018-05-17 03:15:06,0,0,2,0
8jy05j,2018-05-16 20:00:15,95,r/Showerthoughts,70,2018-05-17 03:43:31,0,0,2,0
8jy05j,2018-05-16 20:00:15,95,r/Showerthoughts,71,2018-05-17 04:08:40,0,1,2,0
8jy05j,2018-05-16 20:00:15,95,r/Showerthoughts,71,2018-05-17 04:27:19,1,0,1,0
8jy05j,2018-05-16 20:00:15,95,r/Showerthoughts,72,2018-05-16 23:49:10,0,0,2,0
8jy05j,2018-05-16 20:00:15,95,r/Showerthoughts,73,2018-05-17 00:00:32,0,0,2,0
8jy05j,2018-05-16 20:00:15,95,r/Showerthoughts,74,2018-05-16 23:26:16,0,0,1,0
8jy05j,2018-05-16 20:00:15,95,r/Showerthoughts,75,2018-05-16 23:31:05,0,0,1,0
8jy05j,2018-05-16 20:00:15,95,r/Showerthoughts,76,2018-05-16 23:36:54,0,0,1,0
8jy05j,2018-05-16 20:00:15,95,r/Showerthoughts,77,2018-05-16 23:39:06,0,0,1,0
8jy05j,2018-05-16 20:00:15,95,r/Showerthoughts,78,2018-05-16 23:41:58,0,0,1,0
8jy05j,2018-05-16 20:00:15,95,r/Showerthoughts,79,2018-05-16 23:43:34,0,0,1,0
8jy05j,2018-05-16 20:00:15,95,r/Showerthoughts,80,2018-05-16 23:48:26,0,1,1,0
8jy05j,2018-05-16 20:00:15,95,r/Showerthoughts,80,2018-05-17 00:15:19,1,0,1,0
8jy05j,2018-05-16 20:00:15,95,r/Showerthoughts,81,2018-05-16 23:51:09,0,0,1,0
8jy05j,2018-05-16 20:00:15,95,r/Showerthoughts,82,2018-05-16 23:56:39,0,0,1,0
8jy05j,2018-05-16 20:00:15,95,r/Showerthoughts,83,2018-05-17 00:01:13,0,0,1,0
8jy05j,2018-05-16 20:00:15,95,r/Showerthoughts,84,2018-05-17 00:01:16,0,0,1,0
8jy05j,2018-05-16 20:00:15,95,r/Showerthoughts,85,2018-05-17 00:05:23,0,0,1,0
8jy05j,2018-05-16 20:00:15,95,r/Showerthoughts,86,2018-05-17 00:05:56,0,0,1,0
8jy05j,2018-05-16 20:00:15,95,r/Showerthoughts,87,2018-05-17 00:07:17,0,0,1,0
8jy05j,2018-05-16 20:00:15,95,r/Showerthoughts,88,2018-05-17 00:08:36,0,0,1,0
8jy05j,2018-05-16 20:00:15,95,r/Showerthoughts,89,2018-05-17 00:08:42,0,0,1,0
8jy05j,2018-05-16 20:00:15,95,r/Showerthoughts,90,2018-05-17 00:09:00,0,0,1,0
8jy05j,2018-05-16 20:00:15,95,r/Showerthoughts,91,2018-05-17 00:09:03,0,0,1,0
8jy05j,2018-05-16 20:00:15,95,r/Showerthoughts,92,2018-05-17 00:11:14,0,0,1,0
8jy05j,2018-05-16 20:00:15,95,r/Showerthoughts,93,2018-05-17 00:11:36,0,0,1,0
8jy05j,2018-05-16 20:00:15,95,r/Showerthoughts,94,2018-05-17 00:12:23,0,0,1,0
8jy05j,2018-05-16 20:00:15,95,r/Showerthoughts,95,2018-05-17 00:12:26,0,0,1,0
8jy05j,2018-05-16 20:00:15,95,r/Showerthoughts,96,2018-05-17 00:15:49,0,0,1,0
8jy05j,2018-05-16 20:00:15,95,r/Showerthoughts,97,2018-05-17 00:17:53,0,0,1,0
8jy05j,2018-05-16 20:00:15,95,r/Showerthoughts,98,2018-05-17 00:18:23,0,0,1,0
8jy05j,2018-05-16 20:00:15,95,r/Showerthoughts,99,2018-05-17 00:19:52,0,0,1,0
8jy05j,2018-05-16 20:00:15,95,r/Showerthoughts,100,2018-05-17 00:21:49,0,0,1,0
8jy05j,2018-05-16 20:00:15,95,r/Showerthoughts,101,2018-05-17 00:21:57,0,0,1,0
8jy05j,2018-05-16 20:00:15,95,r/Showerthoughts,102,2018-05-17 00:22:53,0,0,1,0
8jy05j,2018-05-16 20:00:15,95,r/Showerthoughts,103,2018-05-17 00:22:59,0,0,1,0
8jy05j,2018-05-16 20:00:15,95,r/Showerthoughts,104,2018-05-17 00:23:37,0,0,1,0
8jy05j,2018-05-16 20:00:15,95,r/Showerthoughts,105,2018-05-17 00:25:51,0,0,1,0
8jy05j,2018-05-16 20:00:15,95,r/Showerthoughts,106,2018-05-17 00:26:29,0,0,1,0
8jy05j,2018-05-16 20:00:15,95,r/Showerthoughts,107,2018-05-17 00:28:05,0,0,1,0
8jy05j,2018-05-16 20:00:15,95,r/Showerthoughts,108,2018-05-17 00:28:45,0,0,1,0
8jy05j,2018-05-16 20:00:15,95,r/Showerthoughts,109,2018-05-17 00:29:02,0,0,1,0
8jy05j,2018-05-16 20:00:15,95,r/Showerthoughts,110,2018-05-17 00:29:53,0,0,1,0
8jy05j,2018-05-16 20:00:15,95,r/Showerthoughts,111,2018-05-17 00:32:55,0,0,1,0
8jy05j,2018-05-16 20:00:15,95,r/Showerthoughts,112,2018-05-17 00:32:59,0,0,1,0
8jy05j,2018-05-16 20:00:15,95,r/Showerthoughts,113,2018-05-17 00:33:25,0,0,1,0
8jy05j,2018-05-16 20:00:15,95,r/Showerthoughts,114,2018-05-17 00:34:21,0,1,1,0
8jy05j,2018-05-16 20:00:15,95,r/Showerthoughts,114,2018-05-17 03:04:15,1,0,1,0
8jy05j,2018-05-16 20:00:15,95,r/Showerthoughts,115,2018-05-17 00:34:41,0,0,1,0
8jy05j,2018-05-16 20:00:15,95,r/Showerthoughts,116,2018-05-17 00:35:39,0,0,1,0
8jy05j,2018-05-16 20:00:15,95,r/Showerthoughts,117,2018-05-17 00:36:33,0,0,1,0
8jy05j,2018-05-16 20:00:15,95,r/Showerthoughts,118,2018-05-17 00:37:44,0,0,1,0
8jy05j,2018-05-16 20:00:15,95,r/Showerthoughts,119,2018-05-17 00:38:02,0,0,1,0
8jy05j,2018-05-16 20:00:15,95,r/Showerthoughts,120,2018-05-17 00:38:08,0,0,1,0
8jy05j,2018-05-16 20:00:15,95,r/Showerthoughts,121,2018-05-17 00:41:08,0,0,1,0
8jy05j,2018-05-16 20:00:15,95,r/Showerthoughts,122,2018-05-17 00:41:13,0,0,1,0
8jy05j,2018-05-16 20:00:15,95,r/Showerthoughts,123,2018-05-17 00:42:24,0,0,1,0
8jy05j,2018-05-16 20:00:15,95,r/Showerthoughts,124,2018-05-17 00:44:02,0,0,1,0
8jy05j,2018-05-16 20:00:15,95,r/Showerthoughts,125,2018-05-17 00:44:18,0,0,1,0
8jy05j,2018-05-16 20:00:15,95,r/Showerthoughts,126,2018-05-17 00:44:31,0,0,1,0
8jy05j,2018-05-16 20:00:15,95,r/Showerthoughts,127,2018-05-17 00:44:46,0,0,1,0
8jy05j,2018-05-16 20:00:15,95,r/Showerthoughts,128,2018-05-17 00:46:01,0,0,1,0
8jy05j,2018-05-16 20:00:15,95,r/Showerthoughts,129,2018-05-17 00:48:50,0,0,1,0
8jy05j,2018-05-16 20:00:15,95,r/Showerthoughts,130,2018-05-17 00:51:42,0,0,1,0
8jy05j,2018-05-16 20:00:15,95,r/Showerthoughts,131,2018-05-17 00:52:25,0,0,1,0
8jy05j,2018-05-16 20:00:15,95,r/Showerthoughts,132,2018-05-17 00:53:02,0,0,1,0
8jy05j,2018-05-16 20:00:15,95,r/Showerthoughts,133,2018-05-17 00:58:45,0,0,1,0
8jy05j,2018-05-16 20:00:15,95,r/Showerthoughts,134,2018-05-17 00:59:14,0,0,1,0
8jy05j,2018-05-16 20:00:15,95,r/Showerthoughts,135,2018-05-17 01:00:09,0,0,1,0
8jy05j,2018-05-16 20:00:15,95,r/Showerthoughts,136,2018-05-17 01:03:10,0,1,1,0
8jy05j,2018-05-16 20:00:15,95,r/Showerthoughts,136,2018-05-17 01:29:37,1,0,2,0
8jy05j,2018-05-16 20:00:15,95,r/Showerthoughts,137,2018-05-17 01:05:26,0,1,1,0
8jy05j,2018-05-16 20:00:15,95,r/Showerthoughts,137,2018-05-17 01:05:37,1,0,1,0
8jy05j,2018-05-16 20:00:15,95,r/Showerthoughts,138,2018-05-17 01:05:57,0,0,1,0
8jy05j,2018-05-16 20:00:15,95,r/Showerthoughts,139,2018-05-17 01:07:39,0,0,1,0
8jy05j,2018-05-16 20:00:15,95,r/Showerthoughts,140,2018-05-17 01:08:16,0,0,1,0
8jy05j,2018-05-16 20:00:15,95,r/Showerthoughts,141,2018-05-17 01:08:34,0,0,1,0
8jy05j,2018-05-16 20:00:15,95,r/Showerthoughts,142,2018-05-17 01:09:40,0,0,1,0
8jy05j,2018-05-16 20:00:15,95,r/Showerthoughts,143,2018-05-17 01:10:25,0,0,1,0
8jy05j,2018-05-16 20:00:15,95,r/Showerthoughts,144,2018-05-17 01:10:47,0,0,1,0
8jy05j,2018-05-16 20:00:15,95,r/Showerthoughts,145,2018-05-17 01:15:19,0,0,1,0
8jy05j,2018-05-16 20:00:15,95,r/Showerthoughts,146,2018-05-17 01:18:01,0,0,1,0
8jy05j,2018-05-16 20:00:15,95,r/Showerthoughts,147,2018-05-17 01:18:27,0,0,1,0
8jy05j,2018-05-16 20:00:15,95,r/Showerthoughts,148,2018-05-17 01:20:05,0,0,1,0
8jy05j,2018-05-16 20:00:15,95,r/Showerthoughts,149,2018-05-17 01:20:38,0,0,1,0
8jy05j,2018-05-16 20:00:15,95,r/Showerthoughts,150,2018-05-17 01:20:51,0,0,1,0
8jy05j,2018-05-16 20:00:15,95,r/Showerthoughts,151,2018-05-17 01:23:54,0,1,1,0
8jy05j,2018-05-16 20:00:15,95,r/Showerthoughts,151,2018-05-17 03:27:31,1,0,1,0
8jy05j,2018-05-16 20:00:15,95,r/Showerthoughts,152,2018-05-17 01:24:10,0,0,1,0
8jy05j,2018-05-16 20:00:15,95,r/Showerthoughts,153,2018-05-17 01:25:48,0,0,1,0
8jy05j,2018-05-16 20:00:15,95,r/Showerthoughts,154,2018-05-17 01:27:08,0,0,1,0
8jy05j,2018-05-16 20:00:15,95,r/Showerthoughts,155,2018-05-17 01:27:27,0,0,1,0
8jy05j,2018-05-16 20:00:15,95,r/Showerthoughts,156,2018-05-17 01:29:04,0,1,1,0
8jy05j,2018-05-16 20:00:15,95,r/Showerthoughts,156,2018-05-17 01:34:22,1,1,1,0
8jy05j,2018-05-16 20:00:15,95,r/Showerthoughts,156,2018-05-17 03:26:04,2,0,2,0
8jy05j,2018-05-16 20:00:15,95,r/Showerthoughts,157,2018-05-17 01:32:11,0,0,1,0
8jy05j,2018-05-16 20:00:15,95,r/Showerthoughts,158,2018-05-17 01:34:48,0,0,1,0
8jy05j,2018-05-16 20:00:15,95,r/Showerthoughts,159,2018-05-17 01:38:50,0,0,1,0
8jy05j,2018-05-16 20:00:15,95,r/Showerthoughts,160,2018-05-17 01:39:25,0,0,1,0
8jy05j,2018-05-16 20:00:15,95,r/Showerthoughts,161,2018-05-17 01:40:04,0,0,1,0
8jy05j,2018-05-16 20:00:15,95,r/Showerthoughts,162,2018-05-17 01:41:28,0,0,1,0
8jy05j,2018-05-16 20:00:15,95,r/Showerthoughts,163,2018-05-17 01:46:12,0,0,1,0
8jy05j,2018-05-16 20:00:15,95,r/Showerthoughts,164,2018-05-17 01:54:42,0,0,1,0
8jy05j,2018-05-16 20:00:15,95,r/Showerthoughts,165,2018-05-17 01:56:02,0,0,1,0
8jy05j,2018-05-16 20:00:15,95,r/Showerthoughts,166,2018-05-17 01:58:17,0,0,1,0
8jy05j,2018-05-16 20:00:15,95,r/Showerthoughts,167,2018-05-17 01:58:25,0,0,1,0
8jy05j,2018-05-16 20:00:15,95,r/Showerthoughts,168,2018-05-17 02:01:34,0,0,1,0
8jy05j,2018-05-16 20:00:15,95,r/Showerthoughts,169,2018-05-17 02:07:25,0,0,1,0
8jy05j,2018-05-16 20:00:15,95,r/Showerthoughts,170,2018-05-17 02:07:53,0,0,1,0
8jy05j,2018-05-16 20:00:15,95,r/Showerthoughts,171,2018-05-17 02:08:13,0,0,1,0
8jy05j,2018-05-16 20:00:15,95,r/Showerthoughts,172,2018-05-17 02:08:40,0,0,1,0
8jy05j,2018-05-16 20:00:15,95,r/Showerthoughts,173,2018-05-17 02:10:14,0,0,1,0
8jy05j,2018-05-16 20:00:15,95,r/Showerthoughts,174,2018-05-17 02:12:05,0,0,1,0
8jy05j,2018-05-16 20:00:15,95,r/Showerthoughts,175,2018-05-17 02:13:06,0,0,1,0
8jy05j,2018-05-16 20:00:15,95,r/Showerthoughts,176,2018-05-17 02:21:31,0,0,1,0
8jy05j,2018-05-16 20:00:15,95,r/Showerthoughts,177,2018-05-17 02:23:02,0,0,1,0
8jy05j,2018-05-16 20:00:15,95,r/Showerthoughts,178,2018-05-17 02:25:27,0,0,1,0
8jy05j,2018-05-16 20:00:15,95,r/Showerthoughts,179,2018-05-17 02:26:17,0,0,1,0
8jy05j,2018-05-16 20:00:15,95,r/Showerthoughts,180,2018-05-17 02:28:22,0,0,1,0
8jy05j,2018-05-16 20:00:15,95,r/Showerthoughts,181,2018-05-17 02:33:26,0,0,1,0
8jy05j,2018-05-16 20:00:15,95,r/Showerthoughts,182,2018-05-17 02:33:51,0,0,1,0
8jy05j,2018-05-16 20:00:15,95,r/Showerthoughts,183,2018-05-17 02:36:58,0,0,1,0
8jy05j,2018-05-16 20:00:15,95,r/Showerthoughts,184,2018-05-17 02:37:58,0,0,1,0
8jy05j,2018-05-16 20:00:15,95,r/Showerthoughts,185,2018-05-17 02:44:02,0,0,1,0
8jy05j,2018-05-16 20:00:15,95,r/Showerthoughts,186,2018-05-17 02:47:08,0,0,1,0
8jy05j,2018-05-16 20:00:15,95,r/Showerthoughts,187,2018-05-17 02:49:59,0,0,1,0
8jy05j,2018-05-16 20:00:15,95,r/Showerthoughts,188,2018-05-17 02:50:00,0,0,1,0
8jy05j,2018-05-16 20:00:15,95,r/Showerthoughts,189,2018-05-17 02:51:03,0,0,1,0
8jy05j,2018-05-16 20:00:15,95,r/Showerthoughts,190,2018-05-17 02:51:51,0,0,1,0
8jy05j,2018-05-16 20:00:15,95,r/Showerthoughts,191,2018-05-17 02:53:54,0,0,1,0
8jy05j,2018-05-16 20:00:15,95,r/Showerthoughts,192,2018-05-17 02:56:55,0,0,1,0
8jy05j,2018-05-16 20:00:15,95,r/Showerthoughts,193,2018-05-17 02:58:35,0,0,1,0
8jy05j,2018-05-16 20:00:15,95,r/Showerthoughts,194,2018-05-17 02:59:43,0,0,1,0
8jy05j,2018-05-16 20:00:15,95,r/Showerthoughts,195,2018-05-17 03:01:11,0,0,1,0
8jy05j,2018-05-16 20:00:15,95,r/Showerthoughts,196,2018-05-17 03:04:21,0,0,1,0
8jy05j,2018-05-16 20:00:15,95,r/Showerthoughts,197,2018-05-17 03:08:44,0,0,1,0
8jy05j,2018-05-16 20:00:15,95,r/Showerthoughts,198,2018-05-17 03:18:18,0,0,1,0
8jy05j,2018-05-16 20:00:15,95,r/Showerthoughts,199,2018-05-17 03:25:18,0,1,1,0
8jy05j,2018-05-16 20:00:15,95,r/Showerthoughts,199,2018-05-17 03:26:38,1,0,1,0
8jy05j,2018-05-16 20:00:15,95,r/Showerthoughts,200,2018-05-17 03:32:09,0,0,1,0
8jy05j,2018-05-16 20:00:15,95,r/Showerthoughts,201,2018-05-17 03:32:14,0,0,1,0
8jy05j,2018-05-16 20:00:15,95,r/Showerthoughts,202,2018-05-17 03:37:09,0,0,1,0
8jy05j,2018-05-16 20:00:15,95,r/Showerthoughts,203,2018-05-17 03:38:06,0,0,1,0
8jy05j,2018-05-16 20:00:15,95,r/Showerthoughts,204,2018-05-17 03:41:17,0,0,1,0
8jy05j,2018-05-16 20:00:15,95,r/Showerthoughts,205,2018-05-17 03:46:23,0,1,1,0
8jy05j,2018-05-16 20:00:15,95,r/Showerthoughts,205,2018-05-17 04:24:45,1,0,1,0
8jy05j,2018-05-16 20:00:15,95,r/Showerthoughts,206,2018-05-17 03:48:12,0,0,1,0
8jy05j,2018-05-16 20:00:15,95,r/Showerthoughts,207,2018-05-17 03:54:55,0,0,1,0
8jy05j,2018-05-16 20:00:15,95,r/Showerthoughts,208,2018-05-17 04:04:28,0,0,1,0
8jy05j,2018-05-16 20:00:15,95,r/Showerthoughts,209,2018-05-17 04:05:09,0,0,1,0
8jy05j,2018-05-16 20:00:15,95,r/Showerthoughts,210,2018-05-17 04:06:48,0,0,1,0
8jy05j,2018-05-16 20:00:15,95,r/Showerthoughts,211,2018-05-17 04:30:01,0,0,1,0
8jy05j,2018-05-16 20:00:15,95,r/Showerthoughts,212,2018-05-17 04:45:11,0,0,1,0
8jy05j,2018-05-16 20:00:15,95,r/Showerthoughts,213,2018-05-17 04:54:59,0,0,1,0
8jy05j,2018-05-16 20:00:15,95,r/Showerthoughts,214,2018-05-17 04:55:43,0,0,1,0
8jy05j,2018-05-16 20:00:15,95,r/Showerthoughts,215,2018-05-17 04:59:54,0,0,1,0
8jy05j,2018-05-16 20:00:15,95,r/Showerthoughts,216,2018-05-17 05:01:06,0,0,1,0
8jy05j,2018-05-16 20:00:15,95,r/Showerthoughts,217,2018-05-17 05:07:08,0,0,1,0
8jy05j,2018-05-16 20:00:15,95,r/Showerthoughts,218,2018-05-17 05:09:17,0,0,1,0
8jy05j,2018-05-16 20:00:15,95,r/Showerthoughts,219,2018-05-17 05:11:23,0,0,1,0
8jy05j,2018-05-16 20:00:15,95,r/Showerthoughts,220,2018-05-17 05:13:03,0,0,1,0
8jy05j,2018-05-16 20:00:15,95,r/Showerthoughts,221,2018-05-17 05:20:27,0,0,1,0
8jy05j,2018-05-16 20:00:15,95,r/Showerthoughts,222,2018-05-17 05:21:00,0,0,1,0
8jy05j,2018-05-16 20:00:15,95,r/Showerthoughts,223,2018-05-16 23:47:03,0,2,1,0
8jy05j,2018-05-16 20:00:15,95,r/Showerthoughts,223,2018-05-17 01:43:57,1,0,3,0
8jy05j,2018-05-16 20:00:15,95,r/Showerthoughts,223,2018-05-17 04:15:44,1,0,1,0
8jy05j,2018-05-16 20:00:15,95,r/Showerthoughts,224,2018-05-16 23:55:28,0,1,1,0
8jy05j,2018-05-16 20:00:15,95,r/Showerthoughts,224,2018-05-17 01:30:13,1,0,1,0
8jy05j,2018-05-16 20:00:15,95,r/Showerthoughts,225,2018-05-17 00:34:00,0,0,1,0
8jy05j,2018-05-16 20:00:15,95,r/Showerthoughts,226,2018-05-17 00:47:44,0,0,1,0
8jy05j,2018-05-16 20:00:15,95,r/Showerthoughts,227,2018-05-16 23:46:12,0,0,0,0
8jy05j,2018-05-16 20:00:15,95,r/Showerthoughts,228,2018-05-17 00:09:00,0,0,0,0
8jy05j,2018-05-16 20:00:15,95,r/Showerthoughts,229,2018-05-17 00:09:34,0,0,0,0
8jy05j,2018-05-16 20:00:15,95,r/Showerthoughts,230,2018-05-17 01:48:00,0,1,0,0
8jy05j,2018-05-16 20:00:15,95,r/Showerthoughts,230,2018-05-17 01:51:30,1,0,1,0
8jy05j,2018-05-16 20:00:15,95,r/Showerthoughts,231,2018-05-17 02:31:05,0,0,0,0
8jwm3l,2018-05-16 17:07:12,96,r/blackmagicfuckery,0,2018-05-16 17:07:49,0,1,1,0
8jwm3l,2018-05-16 17:07:12,96,r/blackmagicfuckery,1,2018-05-16 17:18:18,0,6,1493,0
8jwm3l,2018-05-16 17:07:12,96,r/blackmagicfuckery,1,2018-05-17 01:34:57,1,4,262,0
8jwm3l,2018-05-16 17:07:12,96,r/blackmagicfuckery,1,2018-05-17 01:44:57,2,2,38,0
8jwm3l,2018-05-16 17:07:12,96,r/blackmagicfuckery,1,2018-05-17 01:58:52,3,1,40,0
8jwm3l,2018-05-16 17:07:12,96,r/blackmagicfuckery,1,2018-05-17 02:32:44,4,1,13,0
8jwm3l,2018-05-16 17:07:12,96,r/blackmagicfuckery,1,2018-05-17 02:40:55,5,2,7,0
8jwm3l,2018-05-16 17:07:12,96,r/blackmagicfuckery,1,2018-05-17 04:22:49,6,0,3,0
8jwm3l,2018-05-16 17:07:12,96,r/blackmagicfuckery,1,2018-05-17 04:08:20,6,0,1,0
8jwm3l,2018-05-16 17:07:12,96,r/blackmagicfuckery,1,2018-05-17 03:34:24,3,1,1,0
8jwm3l,2018-05-16 17:07:12,96,r/blackmagicfuckery,1,2018-05-17 03:39:05,4,0,3,0
8jwm3l,2018-05-16 17:07:12,96,r/blackmagicfuckery,1,2018-05-17 02:52:42,2,1,6,0
8jwm3l,2018-05-16 17:07:12,96,r/blackmagicfuckery,1,2018-05-17 03:00:51,3,0,6,0
8jwm3l,2018-05-16 17:07:12,96,r/blackmagicfuckery,1,2018-05-17 03:32:51,2,0,3,0
8jwm3l,2018-05-16 17:07:12,96,r/blackmagicfuckery,1,2018-05-17 04:32:01,2,0,2,0
8jwm3l,2018-05-16 17:07:12,96,r/blackmagicfuckery,1,2018-05-16 23:19:11,1,2,42,0
8jwm3l,2018-05-16 17:07:12,96,r/blackmagicfuckery,1,2018-05-16 23:55:30,2,2,40,0
8jwm3l,2018-05-16 17:07:12,96,r/blackmagicfuckery,1,2018-05-17 00:30:09,3,5,29,0
8jwm3l,2018-05-16 17:07:12,96,r/blackmagicfuckery,1,2018-05-17 00:45:36,4,0,13,0
8jwm3l,2018-05-16 17:07:12,96,r/blackmagicfuckery,1,2018-05-17 00:33:08,4,1,5,0
8jwm3l,2018-05-16 17:07:12,96,r/blackmagicfuckery,1,2018-05-17 02:44:28,5,0,3,0
8jwm3l,2018-05-16 17:07:12,96,r/blackmagicfuckery,1,2018-05-17 01:21:23,4,0,3,0
8jwm3l,2018-05-16 17:07:12,96,r/blackmagicfuckery,1,2018-05-17 02:32:52,4,0,2,0
8jwm3l,2018-05-16 17:07:12,96,r/blackmagicfuckery,1,2018-05-17 03:23:38,4,0,-1,0
8jwm3l,2018-05-16 17:07:12,96,r/blackmagicfuckery,1,2018-05-17 00:47:29,3,1,2,0
8jwm3l,2018-05-16 17:07:12,96,r/blackmagicfuckery,1,2018-05-17 03:20:28,4,0,1,0
8jwm3l,2018-05-16 17:07:12,96,r/blackmagicfuckery,1,2018-05-17 00:54:53,2,0,1,0
8jwm3l,2018-05-16 17:07:12,96,r/blackmagicfuckery,1,2018-05-17 01:24:27,1,1,4,0
8jwm3l,2018-05-16 17:07:12,96,r/blackmagicfuckery,1,2018-05-17 02:34:44,2,0,2,0
8jwm3l,2018-05-16 17:07:12,96,r/blackmagicfuckery,1,2018-05-17 03:12:11,1,0,3,0
8jwm3l,2018-05-16 17:07:12,96,r/blackmagicfuckery,1,2018-05-17 03:34:50,1,0,1,0
8jwm3l,2018-05-16 17:07:12,96,r/blackmagicfuckery,1,2018-05-17 03:38:40,1,0,1,0
8jwm3l,2018-05-16 17:07:12,96,r/blackmagicfuckery,2,2018-05-16 17:38:09,0,3,843,0
8jwm3l,2018-05-16 17:07:12,96,r/blackmagicfuckery,2,2018-05-16 23:48:12,1,2,256,0
8jwm3l,2018-05-16 17:07:12,96,r/blackmagicfuckery,2,2018-05-17 01:41:31,2,4,41,0
8jwm3l,2018-05-16 17:07:12,96,r/blackmagicfuckery,2,2018-05-17 01:49:34,3,1,4,0
8jwm3l,2018-05-16 17:07:12,96,r/blackmagicfuckery,2,2018-05-17 01:51:26,4,0,3,0
8jwm3l,2018-05-16 17:07:12,96,r/blackmagicfuckery,2,2018-05-17 01:41:52,3,1,11,0
8jwm3l,2018-05-16 17:07:12,96,r/blackmagicfuckery,2,2018-05-17 02:01:14,4,0,3,0
8jwm3l,2018-05-16 17:07:12,96,r/blackmagicfuckery,2,2018-05-17 02:24:38,3,1,3,0
8jwm3l,2018-05-16 17:07:12,96,r/blackmagicfuckery,2,2018-05-17 02:26:57,4,0,3,0
8jwm3l,2018-05-16 17:07:12,96,r/blackmagicfuckery,2,2018-05-17 04:30:28,3,0,2,0
8jwm3l,2018-05-16 17:07:12,96,r/blackmagicfuckery,2,2018-05-17 04:28:15,2,0,1,0
8jwm3l,2018-05-16 17:07:12,96,r/blackmagicfuckery,2,2018-05-17 02:06:34,1,0,2,0
8jwm3l,2018-05-16 17:07:12,96,r/blackmagicfuckery,2,2018-05-16 23:32:44,1,15,-289,0
8jwm3l,2018-05-16 17:07:12,96,r/blackmagicfuckery,2,2018-05-16 23:34:37,2,3,144,0
8jwm3l,2018-05-16 17:07:12,96,r/blackmagicfuckery,2,2018-05-17 00:17:17,3,0,33,0
8jwm3l,2018-05-16 17:07:12,96,r/blackmagicfuckery,2,2018-05-17 01:40:44,3,0,-3,0
8jwm3l,2018-05-16 17:07:12,96,r/blackmagicfuckery,2,2018-05-16 23:38:15,3,6,-158,0
8jwm3l,2018-05-16 17:07:12,96,r/blackmagicfuckery,2,2018-05-16 23:44:25,4,1,120,0
8jwm3l,2018-05-16 17:07:12,96,r/blackmagicfuckery,2,2018-05-17 00:24:07,5,1,23,0
8jwm3l,2018-05-16 17:07:12,96,r/blackmagicfuckery,2,2018-05-17 01:36:48,6,1,4,0
8jwm3l,2018-05-16 17:07:12,96,r/blackmagicfuckery,2,2018-05-17 01:41:17,7,1,1,0
8jwm3l,2018-05-16 17:07:12,96,r/blackmagicfuckery,2,2018-05-17 02:27:22,8,1,1,0
8jwm3l,2018-05-16 17:07:12,96,r/blackmagicfuckery,2,2018-05-17 03:06:29,9,0,1,0
8jwm3l,2018-05-16 17:07:12,96,r/blackmagicfuckery,2,2018-05-16 23:50:39,4,1,32,0
8jwm3l,2018-05-16 17:07:12,96,r/blackmagicfuckery,2,2018-05-16 23:54:27,5,3,-38,0
8jwm3l,2018-05-16 17:07:12,96,r/blackmagicfuckery,2,2018-05-17 00:02:08,6,0,42,0
8jwm3l,2018-05-16 17:07:12,96,r/blackmagicfuckery,2,2018-05-17 00:09:45,6,1,28,0
8jwm3l,2018-05-16 17:07:12,96,r/blackmagicfuckery,2,2018-05-17 01:09:36,7,0,-4,0
8jwm3l,2018-05-16 17:07:12,96,r/blackmagicfuckery,2,2018-05-17 01:23:31,6,1,2,0
8jwm3l,2018-05-16 17:07:12,96,r/blackmagicfuckery,2,2018-05-17 01:25:52,7,1,-1,0
8jwm3l,2018-05-16 17:07:12,96,r/blackmagicfuckery,2,2018-05-17 01:28:47,8,1,10,0
8jwm3l,2018-05-16 17:07:12,96,r/blackmagicfuckery,2,2018-05-17 01:35:25,9,1,-1,0
8jwm3l,2018-05-16 17:07:12,96,r/blackmagicfuckery,2,2018-05-16 23:48:21,4,1,34,0
8jwm3l,2018-05-16 17:07:12,96,r/blackmagicfuckery,2,2018-05-16 23:51:47,5,2,-47,0
8jwm3l,2018-05-16 17:07:12,96,r/blackmagicfuckery,2,2018-05-17 00:14:12,6,0,12,0
8jwm3l,2018-05-16 17:07:12,96,r/blackmagicfuckery,2,2018-05-17 00:37:22,6,1,12,0
8jwm3l,2018-05-16 17:07:12,96,r/blackmagicfuckery,2,2018-05-17 01:08:37,7,2,-8,0
8jwm3l,2018-05-16 17:07:12,96,r/blackmagicfuckery,2,2018-05-17 01:13:24,8,1,14,0
8jwm3l,2018-05-16 17:07:12,96,r/blackmagicfuckery,2,2018-05-17 01:17:41,9,1,-1,0
8jwm3l,2018-05-16 17:07:12,96,r/blackmagicfuckery,2,2018-05-17 01:27:16,8,1,8,0
8jwm3l,2018-05-16 17:07:12,96,r/blackmagicfuckery,2,2018-05-17 01:28:20,9,1,0,0
8jwm3l,2018-05-16 17:07:12,96,r/blackmagicfuckery,2,2018-05-17 01:09:09,4,1,9,0
8jwm3l,2018-05-16 17:07:12,96,r/blackmagicfuckery,2,2018-05-17 01:18:16,5,0,0,0
8jwm3l,2018-05-16 17:07:12,96,r/blackmagicfuckery,2,2018-05-17 01:40:56,4,1,2,0
8jwm3l,2018-05-16 17:07:12,96,r/blackmagicfuckery,2,2018-05-17 01:46:58,5,0,-1,0
8jwm3l,2018-05-16 17:07:12,96,r/blackmagicfuckery,2,2018-05-17 01:54:26,4,0,1,0
8jwm3l,2018-05-16 17:07:12,96,r/blackmagicfuckery,2,2018-05-16 23:40:57,2,1,37,0
8jwm3l,2018-05-16 17:07:12,96,r/blackmagicfuckery,2,2018-05-16 23:45:34,3,1,-2,0
8jwm3l,2018-05-16 17:07:12,96,r/blackmagicfuckery,2,2018-05-16 23:46:29,4,1,8,0
8jwm3l,2018-05-16 17:07:12,96,r/blackmagicfuckery,2,2018-05-16 23:47:46,5,0,-2,0
8jwm3l,2018-05-16 17:07:12,96,r/blackmagicfuckery,2,2018-05-17 00:03:32,2,2,24,0
8jwm3l,2018-05-16 17:07:12,96,r/blackmagicfuckery,2,2018-05-17 01:17:15,3,0,7,0
8jwm3l,2018-05-16 17:07:12,96,r/blackmagicfuckery,2,2018-05-17 01:12:01,3,0,-3,0
8jwm3l,2018-05-16 17:07:12,96,r/blackmagicfuckery,2,2018-05-17 00:30:39,2,1,6,0
8jwm3l,2018-05-16 17:07:12,96,r/blackmagicfuckery,2,2018-05-17 01:08:59,3,0,1,0
8jwm3l,2018-05-16 17:07:12,96,r/blackmagicfuckery,2,2018-05-16 23:36:09,2,1,24,0
8jwm3l,2018-05-16 17:07:12,96,r/blackmagicfuckery,2,2018-05-16 23:41:30,3,2,-11,0
8jwm3l,2018-05-16 17:07:12,96,r/blackmagicfuckery,2,2018-05-17 00:06:48,4,1,23,0
8jwm3l,2018-05-16 17:07:12,96,r/blackmagicfuckery,2,2018-05-17 01:11:04,5,1,-4,0
8jwm3l,2018-05-16 17:07:12,96,r/blackmagicfuckery,2,2018-05-17 01:48:39,6,1,0,0
8jwm3l,2018-05-16 17:07:12,96,r/blackmagicfuckery,2,2018-05-17 01:59:05,7,1,-1,0
8jwm3l,2018-05-16 17:07:12,96,r/blackmagicfuckery,2,2018-05-17 02:03:33,8,0,1,0
8jwm3l,2018-05-16 17:07:12,96,r/blackmagicfuckery,2,2018-05-17 00:49:39,4,1,3,0
8jwm3l,2018-05-16 17:07:12,96,r/blackmagicfuckery,2,2018-05-17 01:06:50,5,0,-1,0
8jwm3l,2018-05-16 17:07:12,96,r/blackmagicfuckery,2,2018-05-16 23:51:30,2,1,5,0
8jwm3l,2018-05-16 17:07:12,96,r/blackmagicfuckery,2,2018-05-17 00:01:57,3,0,6,0
8jwm3l,2018-05-16 17:07:12,96,r/blackmagicfuckery,2,2018-05-17 00:09:08,2,0,4,0
8jwm3l,2018-05-16 17:07:12,96,r/blackmagicfuckery,2,2018-05-17 01:00:44,2,1,5,0
8jwm3l,2018-05-16 17:07:12,96,r/blackmagicfuckery,2,2018-05-17 01:06:00,3,0,-1,0
8jwm3l,2018-05-16 17:07:12,96,r/blackmagicfuckery,2,2018-05-17 01:44:10,2,1,2,0
8jwm3l,2018-05-16 17:07:12,96,r/blackmagicfuckery,2,2018-05-17 01:45:09,3,1,1,0
8jwm3l,2018-05-16 17:07:12,96,r/blackmagicfuckery,2,2018-05-17 02:05:00,4,0,2,0
8jwm3l,2018-05-16 17:07:12,96,r/blackmagicfuckery,2,2018-05-16 23:59:41,2,1,3,0
8jwm3l,2018-05-16 17:07:12,96,r/blackmagicfuckery,2,2018-05-17 01:13:47,3,0,1,0
8jwm3l,2018-05-16 17:07:12,96,r/blackmagicfuckery,2,2018-05-17 02:08:29,2,0,1,0
8jwm3l,2018-05-16 17:07:12,96,r/blackmagicfuckery,2,2018-05-17 02:14:42,2,0,1,0
8jwm3l,2018-05-16 17:07:12,96,r/blackmagicfuckery,2,2018-05-17 03:36:36,2,1,1,0
8jwm3l,2018-05-16 17:07:12,96,r/blackmagicfuckery,2,2018-05-17 03:40:21,3,1,0,0
8jwm3l,2018-05-16 17:07:12,96,r/blackmagicfuckery,2,2018-05-17 03:47:28,4,1,1,0
8jwm3l,2018-05-16 17:07:12,96,r/blackmagicfuckery,2,2018-05-17 03:54:48,5,0,1,0
8jwm3l,2018-05-16 17:07:12,96,r/blackmagicfuckery,2,2018-05-17 01:37:54,2,4,0,0
8jwm3l,2018-05-16 17:07:12,96,r/blackmagicfuckery,2,2018-05-17 01:39:36,3,1,1,0
8jwm3l,2018-05-16 17:07:12,96,r/blackmagicfuckery,2,2018-05-17 02:16:31,4,0,1,0
8jwm3l,2018-05-16 17:07:12,96,r/blackmagicfuckery,2,2018-05-17 02:12:25,3,0,1,0
8jwm3l,2018-05-16 17:07:12,96,r/blackmagicfuckery,2,2018-05-17 02:17:30,3,1,1,0
8jwm3l,2018-05-16 17:07:12,96,r/blackmagicfuckery,2,2018-05-17 04:48:21,4,0,1,0
8jwm3l,2018-05-16 17:07:12,96,r/blackmagicfuckery,2,2018-05-17 02:26:33,3,0,1,0
8jwm3l,2018-05-16 17:07:12,96,r/blackmagicfuckery,2,2018-05-16 23:39:21,2,1,-27,0
8jwm3l,2018-05-16 17:07:12,96,r/blackmagicfuckery,2,2018-05-16 23:44:23,3,1,1,0
8jwm3l,2018-05-16 17:07:12,96,r/blackmagicfuckery,2,2018-05-16 23:53:08,4,1,0,0
8jwm3l,2018-05-16 17:07:12,96,r/blackmagicfuckery,2,2018-05-16 23:56:07,5,0,0,0
8jwm3l,2018-05-16 17:07:12,96,r/blackmagicfuckery,3,2018-05-16 17:35:08,0,1,164,0
8jwm3l,2018-05-16 17:07:12,96,r/blackmagicfuckery,3,2018-05-16 17:36:27,1,11,181,0
8jwm3l,2018-05-16 17:07:12,96,r/blackmagicfuckery,3,2018-05-16 17:41:35,2,3,211,0
8jwm3l,2018-05-16 17:07:12,96,r/blackmagicfuckery,3,2018-05-17 01:15:59,3,2,17,0
8jwm3l,2018-05-16 17:07:12,96,r/blackmagicfuckery,3,2018-05-17 01:16:13,4,3,42,0
8jwm3l,2018-05-16 17:07:12,96,r/blackmagicfuckery,3,2018-05-17 01:24:19,5,1,48,0
8jwm3l,2018-05-16 17:07:12,96,r/blackmagicfuckery,3,2018-05-17 02:25:23,6,1,23,0
8jwm3l,2018-05-16 17:07:12,96,r/blackmagicfuckery,3,2018-05-17 02:25:34,7,2,9,0
8jwm3l,2018-05-16 17:07:12,96,r/blackmagicfuckery,3,2018-05-17 03:52:53,8,0,7,0
8jwm3l,2018-05-16 17:07:12,96,r/blackmagicfuckery,3,2018-05-17 03:49:04,8,0,0,0
8jwm3l,2018-05-16 17:07:12,96,r/blackmagicfuckery,3,2018-05-17 01:58:52,5,0,7,0
8jwm3l,2018-05-16 17:07:12,96,r/blackmagicfuckery,3,2018-05-17 04:08:51,5,1,1,0
8jwm3l,2018-05-16 17:07:12,96,r/blackmagicfuckery,3,2018-05-17 04:09:00,6,1,1,0
8jwm3l,2018-05-16 17:07:12,96,r/blackmagicfuckery,3,2018-05-17 04:15:00,7,0,1,0
8jwm3l,2018-05-16 17:07:12,96,r/blackmagicfuckery,3,2018-05-17 01:23:41,4,0,2,0
8jwm3l,2018-05-16 17:07:12,96,r/blackmagicfuckery,3,2018-05-17 02:44:56,3,0,5,0
8jwm3l,2018-05-16 17:07:12,96,r/blackmagicfuckery,3,2018-05-17 04:14:41,3,0,1,0
8jwm3l,2018-05-16 17:07:12,96,r/blackmagicfuckery,3,2018-05-16 17:48:24,2,3,171,0
8jwm3l,2018-05-16 17:07:12,96,r/blackmagicfuckery,3,2018-05-16 18:07:59,3,1,91,0
8jwm3l,2018-05-16 17:07:12,96,r/blackmagicfuckery,3,2018-05-17 02:22:02,4,1,14,0
8jwm3l,2018-05-16 17:07:12,96,r/blackmagicfuckery,3,2018-05-17 02:22:15,5,0,6,0
8jwm3l,2018-05-16 17:07:12,96,r/blackmagicfuckery,3,2018-05-16 20:27:23,3,1,35,0
8jwm3l,2018-05-16 17:07:12,96,r/blackmagicfuckery,3,2018-05-16 23:39:15,4,0,35,0
8jwm3l,2018-05-16 17:07:12,96,r/blackmagicfuckery,3,2018-05-17 01:19:28,3,1,13,0
8jwm3l,2018-05-16 17:07:12,96,r/blackmagicfuckery,3,2018-05-17 01:19:33,4,1,14,0
8jwm3l,2018-05-16 17:07:12,96,r/blackmagicfuckery,3,2018-05-17 01:59:50,5,0,3,0
8jwm3l,2018-05-16 17:07:12,96,r/blackmagicfuckery,3,2018-05-16 17:37:06,2,0,19,0
8jwm3l,2018-05-16 17:07:12,96,r/blackmagicfuckery,3,2018-05-17 02:40:45,2,0,6,0
8jwm3l,2018-05-16 17:07:12,96,r/blackmagicfuckery,3,2018-05-17 00:20:22,2,0,6,0
8jwm3l,2018-05-16 17:07:12,96,r/blackmagicfuckery,3,2018-05-17 03:02:22,2,0,3,0
8jwm3l,2018-05-16 17:07:12,96,r/blackmagicfuckery,3,2018-05-16 18:07:47,2,0,9,0
8jwm3l,2018-05-16 17:07:12,96,r/blackmagicfuckery,3,2018-05-17 03:09:31,2,0,1,0
8jwm3l,2018-05-16 17:07:12,96,r/blackmagicfuckery,3,2018-05-17 03:15:44,2,0,1,0
8jwm3l,2018-05-16 17:07:12,96,r/blackmagicfuckery,3,2018-05-17 03:13:22,2,0,-1,0
8jwm3l,2018-05-16 17:07:12,96,r/blackmagicfuckery,3,2018-05-16 23:07:22,2,1,-17,0
8jwm3l,2018-05-16 17:07:12,96,r/blackmagicfuckery,3,2018-05-16 23:30:36,3,1,32,0
8jwm3l,2018-05-16 17:07:12,96,r/blackmagicfuckery,3,2018-05-17 00:19:46,4,0,17,0
8jwm3l,2018-05-16 17:07:12,96,r/blackmagicfuckery,4,2018-05-16 17:51:16,0,7,291,0
8jwm3l,2018-05-16 17:07:12,96,r/blackmagicfuckery,4,2018-05-16 23:20:22,1,8,358,0
8jwm3l,2018-05-16 17:07:12,96,r/blackmagicfuckery,4,2018-05-16 23:42:09,2,3,77,0
8jwm3l,2018-05-16 17:07:12,96,r/blackmagicfuckery,4,2018-05-17 00:22:20,3,0,16,0
8jwm3l,2018-05-16 17:07:12,96,r/blackmagicfuckery,4,2018-05-17 01:13:39,3,2,14,0
8jwm3l,2018-05-16 17:07:12,96,r/blackmagicfuckery,4,2018-05-17 01:36:57,4,2,5,0
8jwm3l,2018-05-16 17:07:12,96,r/blackmagicfuckery,4,2018-05-17 05:21:25,5,0,1,0
8jwm3l,2018-05-16 17:07:12,96,r/blackmagicfuckery,4,2018-05-17 03:49:36,5,0,-1,0
8jwm3l,2018-05-16 17:07:12,96,r/blackmagicfuckery,4,2018-05-17 03:38:56,4,2,2,0
8jwm3l,2018-05-16 17:07:12,96,r/blackmagicfuckery,4,2018-05-17 03:44:55,5,1,1,0
8jwm3l,2018-05-16 17:07:12,96,r/blackmagicfuckery,4,2018-05-17 05:18:48,6,0,1,0
8jwm3l,2018-05-16 17:07:12,96,r/blackmagicfuckery,4,2018-05-17 05:09:45,5,0,1,0
8jwm3l,2018-05-16 17:07:12,96,r/blackmagicfuckery,4,2018-05-17 04:48:34,3,0,1,0
8jwm3l,2018-05-16 17:07:12,96,r/blackmagicfuckery,4,2018-05-17 01:03:07,2,1,18,0
8jwm3l,2018-05-16 17:07:12,96,r/blackmagicfuckery,4,2018-05-17 01:11:15,3,1,6,0
8jwm3l,2018-05-16 17:07:12,96,r/blackmagicfuckery,4,2018-05-17 01:41:05,4,2,7,0
8jwm3l,2018-05-16 17:07:12,96,r/blackmagicfuckery,4,2018-05-17 02:29:12,5,1,4,0
8jwm3l,2018-05-16 17:07:12,96,r/blackmagicfuckery,4,2018-05-17 02:43:52,6,0,6,0
8jwm3l,2018-05-16 17:07:12,96,r/blackmagicfuckery,4,2018-05-17 05:19:36,5,0,1,0
8jwm3l,2018-05-16 17:07:12,96,r/blackmagicfuckery,4,2018-05-17 01:22:34,2,0,3,0
8jwm3l,2018-05-16 17:07:12,96,r/blackmagicfuckery,4,2018-05-17 04:07:12,2,1,2,0
8jwm3l,2018-05-16 17:07:12,96,r/blackmagicfuckery,4,2018-05-17 05:16:25,3,0,1,0
8jwm3l,2018-05-16 17:07:12,96,r/blackmagicfuckery,4,2018-05-17 01:26:40,2,0,2,0
8jwm3l,2018-05-16 17:07:12,96,r/blackmagicfuckery,4,2018-05-17 00:27:25,2,1,1,0
8jwm3l,2018-05-16 17:07:12,96,r/blackmagicfuckery,4,2018-05-17 02:42:00,3,0,1,0
8jwm3l,2018-05-16 17:07:12,96,r/blackmagicfuckery,4,2018-05-17 03:35:35,2,0,1,0
8jwm3l,2018-05-16 17:07:12,96,r/blackmagicfuckery,4,2018-05-17 05:21:26,2,0,1,0
8jwm3l,2018-05-16 17:07:12,96,r/blackmagicfuckery,4,2018-05-17 00:02:12,1,0,12,0
8jwm3l,2018-05-16 17:07:12,96,r/blackmagicfuckery,4,2018-05-17 01:44:33,1,0,9,0
8jwm3l,2018-05-16 17:07:12,96,r/blackmagicfuckery,4,2018-05-17 01:18:49,1,0,4,0
8jwm3l,2018-05-16 17:07:12,96,r/blackmagicfuckery,4,2018-05-17 00:39:57,1,0,2,0
8jwm3l,2018-05-16 17:07:12,96,r/blackmagicfuckery,4,2018-05-17 02:45:34,1,0,1,0
8jwm3l,2018-05-16 17:07:12,96,r/blackmagicfuckery,4,2018-05-17 02:07:42,1,0,0,0
8jwm3l,2018-05-16 17:07:12,96,r/blackmagicfuckery,5,2018-05-16 19:33:52,0,2,116,0
8jwm3l,2018-05-16 17:07:12,96,r/blackmagicfuckery,5,2018-05-17 01:14:56,1,8,9,0
8jwm3l,2018-05-16 17:07:12,96,r/blackmagicfuckery,5,2018-05-17 01:20:03,2,0,51,0
8jwm3l,2018-05-16 17:07:12,96,r/blackmagicfuckery,5,2018-05-17 01:20:42,2,0,18,0
8jwm3l,2018-05-16 17:07:12,96,r/blackmagicfuckery,5,2018-05-17 01:55:16,2,3,14,0
8jwm3l,2018-05-16 17:07:12,96,r/blackmagicfuckery,5,2018-05-17 02:32:20,3,0,3,0
8jwm3l,2018-05-16 17:07:12,96,r/blackmagicfuckery,5,2018-05-17 02:53:25,3,1,3,0
8jwm3l,2018-05-16 17:07:12,96,r/blackmagicfuckery,5,2018-05-17 03:38:21,4,1,3,0
8jwm3l,2018-05-16 17:07:12,96,r/blackmagicfuckery,5,2018-05-17 04:01:21,5,0,1,0
8jwm3l,2018-05-16 17:07:12,96,r/blackmagicfuckery,5,2018-05-17 05:15:01,3,0,1,0
8jwm3l,2018-05-16 17:07:12,96,r/blackmagicfuckery,5,2018-05-17 01:43:02,2,0,3,0
8jwm3l,2018-05-16 17:07:12,96,r/blackmagicfuckery,5,2018-05-17 03:52:58,2,1,2,0
8jwm3l,2018-05-16 17:07:12,96,r/blackmagicfuckery,5,2018-05-17 05:15:48,3,0,1,0
8jwm3l,2018-05-16 17:07:12,96,r/blackmagicfuckery,5,2018-05-17 01:33:41,2,0,3,0
8jwm3l,2018-05-16 17:07:12,96,r/blackmagicfuckery,5,2018-05-17 02:45:42,2,1,1,0
8jwm3l,2018-05-16 17:07:12,96,r/blackmagicfuckery,5,2018-05-17 05:10:54,3,0,1,0
8jwm3l,2018-05-16 17:07:12,96,r/blackmagicfuckery,5,2018-05-17 04:11:51,2,1,1,0
8jwm3l,2018-05-16 17:07:12,96,r/blackmagicfuckery,5,2018-05-17 05:17:16,3,0,1,0
8jwm3l,2018-05-16 17:07:12,96,r/blackmagicfuckery,5,2018-05-17 02:02:18,1,1,2,0
8jwm3l,2018-05-16 17:07:12,96,r/blackmagicfuckery,5,2018-05-17 02:33:21,2,0,1,0
8jwm3l,2018-05-16 17:07:12,96,r/blackmagicfuckery,6,2018-05-16 17:29:35,0,3,69,0
8jwm3l,2018-05-16 17:07:12,96,r/blackmagicfuckery,6,2018-05-16 18:15:35,1,1,56,0
8jwm3l,2018-05-16 17:07:12,96,r/blackmagicfuckery,6,2018-05-16 20:17:29,2,1,23,0
8jwm3l,2018-05-16 17:07:12,96,r/blackmagicfuckery,6,2018-05-17 00:39:06,3,0,13,0
8jwm3l,2018-05-16 17:07:12,96,r/blackmagicfuckery,6,2018-05-16 21:43:27,1,0,4,0
8jwm3l,2018-05-16 17:07:12,96,r/blackmagicfuckery,6,2018-05-17 04:38:09,1,0,1,0
8jwm3l,2018-05-16 17:07:12,96,r/blackmagicfuckery,7,2018-05-16 18:29:16,0,0,36,0
8jwm3l,2018-05-16 17:07:12,96,r/blackmagicfuckery,8,2018-05-16 18:11:15,0,3,36,0
8jwm3l,2018-05-16 17:07:12,96,r/blackmagicfuckery,8,2018-05-16 22:54:20,1,1,39,0
8jwm3l,2018-05-16 17:07:12,96,r/blackmagicfuckery,8,2018-05-16 23:23:59,2,2,17,0
8jwm3l,2018-05-16 17:07:12,96,r/blackmagicfuckery,8,2018-05-17 00:06:00,3,0,8,0
8jwm3l,2018-05-16 17:07:12,96,r/blackmagicfuckery,8,2018-05-17 00:13:14,3,0,2,0
8jwm3l,2018-05-16 17:07:12,96,r/blackmagicfuckery,8,2018-05-17 01:50:19,1,1,8,0
8jwm3l,2018-05-16 17:07:12,96,r/blackmagicfuckery,8,2018-05-17 03:18:11,2,1,2,0
8jwm3l,2018-05-16 17:07:12,96,r/blackmagicfuckery,8,2018-05-17 04:31:48,3,1,2,0
8jwm3l,2018-05-16 17:07:12,96,r/blackmagicfuckery,8,2018-05-17 04:33:04,4,0,1,0
8jwm3l,2018-05-16 17:07:12,96,r/blackmagicfuckery,8,2018-05-17 04:31:05,1,0,1,0
8jwm3l,2018-05-16 17:07:12,96,r/blackmagicfuckery,9,2018-05-17 00:49:52,0,1,17,0
8jwm3l,2018-05-16 17:07:12,96,r/blackmagicfuckery,9,2018-05-17 02:36:24,1,1,6,0
8jwm3l,2018-05-16 17:07:12,96,r/blackmagicfuckery,9,2018-05-17 03:36:18,2,0,2,0
8jwm3l,2018-05-16 17:07:12,96,r/blackmagicfuckery,10,2018-05-16 23:07:07,0,4,9,0
8jwm3l,2018-05-16 17:07:12,96,r/blackmagicfuckery,10,2018-05-17 01:45:35,1,0,2,0
8jwm3l,2018-05-16 17:07:12,96,r/blackmagicfuckery,10,2018-05-16 23:18:27,1,0,1,0
8jwm3l,2018-05-16 17:07:12,96,r/blackmagicfuckery,10,2018-05-17 02:35:10,1,0,1,0
8jwm3l,2018-05-16 17:07:12,96,r/blackmagicfuckery,10,2018-05-17 04:48:39,1,0,1,0
8jwm3l,2018-05-16 17:07:12,96,r/blackmagicfuckery,11,2018-05-17 01:45:57,0,2,7,0
8jwm3l,2018-05-16 17:07:12,96,r/blackmagicfuckery,11,2018-05-17 04:27:00,1,0,2,0
8jwm3l,2018-05-16 17:07:12,96,r/blackmagicfuckery,11,2018-05-17 04:13:41,1,1,1,0
8jwm3l,2018-05-16 17:07:12,96,r/blackmagicfuckery,11,2018-05-17 04:28:50,2,0,1,0
8jwm3l,2018-05-16 17:07:12,96,r/blackmagicfuckery,12,2018-05-16 17:55:52,0,1,9,0
8jwm3l,2018-05-16 17:07:12,96,r/blackmagicfuckery,12,2018-05-16 23:53:13,1,1,6,0
8jwm3l,2018-05-16 17:07:12,96,r/blackmagicfuckery,12,2018-05-17 02:09:56,2,0,3,0
8jwm3l,2018-05-16 17:07:12,96,r/blackmagicfuckery,13,2018-05-17 00:16:18,0,0,5,0
8jwm3l,2018-05-16 17:07:12,96,r/blackmagicfuckery,14,2018-05-16 17:43:19,0,0,3,0
8jwm3l,2018-05-16 17:07:12,96,r/blackmagicfuckery,15,2018-05-16 23:43:06,0,3,3,0
8jwm3l,2018-05-16 17:07:12,96,r/blackmagicfuckery,15,2018-05-17 01:52:31,1,1,3,0
8jwm3l,2018-05-16 17:07:12,96,r/blackmagicfuckery,15,2018-05-17 04:03:08,2,1,1,0
8jwm3l,2018-05-16 17:07:12,96,r/blackmagicfuckery,15,2018-05-17 04:30:57,3,0,1,0
8jwm3l,2018-05-16 17:07:12,96,r/blackmagicfuckery,15,2018-05-16 23:49:26,1,0,2,0
8jwm3l,2018-05-16 17:07:12,96,r/blackmagicfuckery,15,2018-05-17 02:09:46,1,0,1,0
8jwm3l,2018-05-16 17:07:12,96,r/blackmagicfuckery,16,2018-05-17 00:20:56,0,1,3,0
8jwm3l,2018-05-16 17:07:12,96,r/blackmagicfuckery,16,2018-05-17 00:22:16,1,1,3,0
8jwm3l,2018-05-16 17:07:12,96,r/blackmagicfuckery,16,2018-05-17 01:05:22,2,1,2,0
8jwm3l,2018-05-16 17:07:12,96,r/blackmagicfuckery,16,2018-05-17 01:05:34,3,1,2,0
8jwm3l,2018-05-16 17:07:12,96,r/blackmagicfuckery,16,2018-05-17 01:18:39,4,0,3,0
8jwm3l,2018-05-16 17:07:12,96,r/blackmagicfuckery,17,2018-05-17 00:27:06,0,1,3,0
8jwm3l,2018-05-16 17:07:12,96,r/blackmagicfuckery,17,2018-05-17 02:00:56,1,1,2,0
8jwm3l,2018-05-16 17:07:12,96,r/blackmagicfuckery,17,2018-05-17 02:56:17,2,0,1,0
8jwm3l,2018-05-16 17:07:12,96,r/blackmagicfuckery,18,2018-05-16 23:51:17,0,1,2,0
8jwm3l,2018-05-16 17:07:12,96,r/blackmagicfuckery,18,2018-05-16 23:51:30,1,0,1,0
8jwm3l,2018-05-16 17:07:12,96,r/blackmagicfuckery,19,2018-05-17 00:34:00,0,1,2,0
8jwm3l,2018-05-16 17:07:12,96,r/blackmagicfuckery,19,2018-05-17 00:35:36,1,1,2,0
8jwm3l,2018-05-16 17:07:12,96,r/blackmagicfuckery,19,2018-05-17 00:36:06,2,0,1,0
8jwm3l,2018-05-16 17:07:12,96,r/blackmagicfuckery,20,2018-05-17 01:10:29,0,1,2,0
8jwm3l,2018-05-16 17:07:12,96,r/blackmagicfuckery,20,2018-05-17 01:11:55,1,0,2,0
8jwm3l,2018-05-16 17:07:12,96,r/blackmagicfuckery,21,2018-05-17 01:38:35,0,0,2,0
8jwm3l,2018-05-16 17:07:12,96,r/blackmagicfuckery,22,2018-05-17 02:16:12,0,0,2,0
8jwm3l,2018-05-16 17:07:12,96,r/blackmagicfuckery,23,2018-05-16 17:57:04,0,0,1,0
8jwm3l,2018-05-16 17:07:12,96,r/blackmagicfuckery,24,2018-05-16 20:40:00,0,0,1,0
8jwm3l,2018-05-16 17:07:12,96,r/blackmagicfuckery,25,2018-05-16 21:33:55,0,0,1,0
8jwm3l,2018-05-16 17:07:12,96,r/blackmagicfuckery,26,2018-05-16 21:41:07,0,0,1,0
8jwm3l,2018-05-16 17:07:12,96,r/blackmagicfuckery,27,2018-05-16 22:11:32,0,0,1,0
8jwm3l,2018-05-16 17:07:12,96,r/blackmagicfuckery,28,2018-05-16 23:15:06,0,0,1,0
8jwm3l,2018-05-16 17:07:12,96,r/blackmagicfuckery,29,2018-05-16 23:35:33,0,0,1,0
8jwm3l,2018-05-16 17:07:12,96,r/blackmagicfuckery,30,2018-05-17 00:14:29,0,0,1,0
8jwm3l,2018-05-16 17:07:12,96,r/blackmagicfuckery,31,2018-05-17 00:16:41,0,0,1,0
8jwm3l,2018-05-16 17:07:12,96,r/blackmagicfuckery,32,2018-05-17 00:21:33,0,0,1,0
8jwm3l,2018-05-16 17:07:12,96,r/blackmagicfuckery,33,2018-05-17 00:23:32,0,0,1,0
8jwm3l,2018-05-16 17:07:12,96,r/blackmagicfuckery,34,2018-05-17 00:24:07,0,0,1,0
8jwm3l,2018-05-16 17:07:12,96,r/blackmagicfuckery,35,2018-05-17 00:24:49,0,0,1,0
8jwm3l,2018-05-16 17:07:12,96,r/blackmagicfuckery,36,2018-05-17 00:35:25,0,0,1,0
8jwm3l,2018-05-16 17:07:12,96,r/blackmagicfuckery,37,2018-05-17 00:58:02,0,0,1,0
8jwm3l,2018-05-16 17:07:12,96,r/blackmagicfuckery,38,2018-05-17 01:03:05,0,0,1,0
8jwm3l,2018-05-16 17:07:12,96,r/blackmagicfuckery,39,2018-05-17 01:10:15,0,1,1,0
8jwm3l,2018-05-16 17:07:12,96,r/blackmagicfuckery,39,2018-05-17 01:10:23,1,1,2,0
8jwm3l,2018-05-16 17:07:12,96,r/blackmagicfuckery,39,2018-05-17 01:11:41,2,0,1,0
8jwm3l,2018-05-16 17:07:12,96,r/blackmagicfuckery,40,2018-05-17 01:10:43,0,0,1,0
8jwm3l,2018-05-16 17:07:12,96,r/blackmagicfuckery,41,2018-05-17 01:15:31,0,0,1,0
8jwm3l,2018-05-16 17:07:12,96,r/blackmagicfuckery,42,2018-05-17 01:19:39,0,0,1,0
8jwm3l,2018-05-16 17:07:12,96,r/blackmagicfuckery,43,2018-05-17 01:20:24,0,0,1,0
8jwm3l,2018-05-16 17:07:12,96,r/blackmagicfuckery,44,2018-05-17 01:22:07,0,0,1,0
8jwm3l,2018-05-16 17:07:12,96,r/blackmagicfuckery,45,2018-05-17 01:23:14,0,0,1,0
8jwm3l,2018-05-16 17:07:12,96,r/blackmagicfuckery,46,2018-05-17 01:23:20,0,0,1,0
8jwm3l,2018-05-16 17:07:12,96,r/blackmagicfuckery,47,2018-05-17 01:33:44,0,0,1,0
8jwm3l,2018-05-16 17:07:12,96,r/blackmagicfuckery,48,2018-05-17 01:37:12,0,0,1,0
8jwm3l,2018-05-16 17:07:12,96,r/blackmagicfuckery,49,2018-05-17 01:37:58,0,0,1,0
8jwm3l,2018-05-16 17:07:12,96,r/blackmagicfuckery,50,2018-05-17 01:39:51,0,0,1,0
8jwm3l,2018-05-16 17:07:12,96,r/blackmagicfuckery,51,2018-05-17 01:44:18,0,0,1,0
8jwm3l,2018-05-16 17:07:12,96,r/blackmagicfuckery,52,2018-05-17 01:53:19,0,0,1,0
8jwm3l,2018-05-16 17:07:12,96,r/blackmagicfuckery,53,2018-05-17 01:53:48,0,0,1,0
8jwm3l,2018-05-16 17:07:12,96,r/blackmagicfuckery,54,2018-05-17 02:00:52,0,0,1,0
8jwm3l,2018-05-16 17:07:12,96,r/blackmagicfuckery,55,2018-05-17 02:09:16,0,0,1,0
8jwm3l,2018-05-16 17:07:12,96,r/blackmagicfuckery,56,2018-05-17 02:10:24,0,0,1,0
8jwm3l,2018-05-16 17:07:12,96,r/blackmagicfuckery,57,2018-05-17 02:11:04,0,1,1,0
8jwm3l,2018-05-16 17:07:12,96,r/blackmagicfuckery,57,2018-05-17 02:11:16,1,0,1,0
8jwm3l,2018-05-16 17:07:12,96,r/blackmagicfuckery,58,2018-05-17 02:16:12,0,0,2,0
8jwm3l,2018-05-16 17:07:12,96,r/blackmagicfuckery,59,2018-05-17 02:16:45,0,1,1,0
8jwm3l,2018-05-16 17:07:12,96,r/blackmagicfuckery,59,2018-05-17 02:16:55,1,0,2,0
8jwm3l,2018-05-16 17:07:12,96,r/blackmagicfuckery,60,2018-05-17 02:19:13,0,0,1,0
8jwm3l,2018-05-16 17:07:12,96,r/blackmagicfuckery,61,2018-05-17 02:22:27,0,0,1,0
8jwm3l,2018-05-16 17:07:12,96,r/blackmagicfuckery,62,2018-05-17 02:23:10,0,0,1,0
8jwm3l,2018-05-16 17:07:12,96,r/blackmagicfuckery,63,2018-05-17 02:46:24,0,0,1,0
8jwm3l,2018-05-16 17:07:12,96,r/blackmagicfuckery,64,2018-05-17 02:53:42,0,0,1,0
8jwm3l,2018-05-16 17:07:12,96,r/blackmagicfuckery,65,2018-05-17 02:57:51,0,0,1,0
8jwm3l,2018-05-16 17:07:12,96,r/blackmagicfuckery,66,2018-05-17 03:01:24,0,0,1,0
8jwm3l,2018-05-16 17:07:12,96,r/blackmagicfuckery,67,2018-05-17 03:02:12,0,0,1,0
8jwm3l,2018-05-16 17:07:12,96,r/blackmagicfuckery,68,2018-05-17 03:08:48,0,0,1,0
8jwm3l,2018-05-16 17:07:12,96,r/blackmagicfuckery,69,2018-05-17 03:13:51,0,0,1,0
8jwm3l,2018-05-16 17:07:12,96,r/blackmagicfuckery,70,2018-05-17 03:41:31,0,0,1,0
8jwm3l,2018-05-16 17:07:12,96,r/blackmagicfuckery,71,2018-05-17 03:44:44,0,0,1,0
8jwm3l,2018-05-16 17:07:12,96,r/blackmagicfuckery,72,2018-05-17 03:45:02,0,0,1,0
8jwm3l,2018-05-16 17:07:12,96,r/blackmagicfuckery,73,2018-05-17 03:47:52,0,0,1,0
8jwm3l,2018-05-16 17:07:12,96,r/blackmagicfuckery,74,2018-05-17 04:01:53,0,0,1,0
8jwm3l,2018-05-16 17:07:12,96,r/blackmagicfuckery,75,2018-05-17 04:04:20,0,0,1,0
8jwm3l,2018-05-16 17:07:12,96,r/blackmagicfuckery,76,2018-05-17 04:06:18,0,0,1,0
8jwm3l,2018-05-16 17:07:12,96,r/blackmagicfuckery,77,2018-05-17 04:14:09,0,0,1,0
8jwm3l,2018-05-16 17:07:12,96,r/blackmagicfuckery,78,2018-05-17 04:17:29,0,0,1,0
8jwm3l,2018-05-16 17:07:12,96,r/blackmagicfuckery,79,2018-05-17 04:33:06,0,0,1,0
8jwm3l,2018-05-16 17:07:12,96,r/blackmagicfuckery,80,2018-05-17 04:36:18,0,0,1,0
8jwm3l,2018-05-16 17:07:12,96,r/blackmagicfuckery,81,2018-05-17 04:43:50,0,0,1,0
8jwm3l,2018-05-16 17:07:12,96,r/blackmagicfuckery,82,2018-05-17 04:51:50,0,0,1,0
8jwm3l,2018-05-16 17:07:12,96,r/blackmagicfuckery,83,2018-05-17 04:55:44,0,0,1,0
8jwm3l,2018-05-16 17:07:12,96,r/blackmagicfuckery,84,2018-05-17 04:59:28,0,0,1,0
8jwm3l,2018-05-16 17:07:12,96,r/blackmagicfuckery,85,2018-05-17 05:13:55,0,0,1,0
8jwm3l,2018-05-16 17:07:12,96,r/blackmagicfuckery,86,2018-05-17 05:19:31,0,0,1,0
8jwm3l,2018-05-16 17:07:12,96,r/blackmagicfuckery,87,2018-05-17 02:52:58,0,0,1,0
8jwm3l,2018-05-16 17:07:12,96,r/blackmagicfuckery,88,2018-05-16 22:17:30,0,1,0,0
8jwm3l,2018-05-16 17:07:12,96,r/blackmagicfuckery,88,2018-05-17 01:09:07,1,0,1,0
8jwm3l,2018-05-16 17:07:12,96,r/blackmagicfuckery,89,2018-05-17 03:10:12,0,0,0,0
8jwm3l,2018-05-16 17:07:12,96,r/blackmagicfuckery,90,2018-05-17 03:21:42,0,1,-1,0
8jwm3l,2018-05-16 17:07:12,96,r/blackmagicfuckery,90,2018-05-17 03:57:46,1,1,1,0
8jwm3l,2018-05-16 17:07:12,96,r/blackmagicfuckery,90,2018-05-17 04:33:07,2,1,1,0
8jwm3l,2018-05-16 17:07:12,96,r/blackmagicfuckery,90,2018-05-17 04:46:00,3,1,1,0
8jwm3l,2018-05-16 17:07:12,96,r/blackmagicfuckery,90,2018-05-17 05:04:53,4,0,1,0
8jwm3l,2018-05-16 17:07:12,96,r/blackmagicfuckery,91,2018-05-16 18:41:40,0,1,-2,0
8jwm3l,2018-05-16 17:07:12,96,r/blackmagicfuckery,91,2018-05-16 23:31:41,1,0,5,0
8jyzxp,2018-05-16 22:10:43,97,r/whatisthisthing,0,2018-05-17 03:45:53,0,0,1,0
8jyzxp,2018-05-16 22:10:43,97,r/whatisthisthing,1,2018-05-16 23:20:54,0,3,934,0
8jyzxp,2018-05-16 22:10:43,97,r/whatisthisthing,1,2018-05-17 02:06:04,1,2,81,0
8jyzxp,2018-05-16 22:10:43,97,r/whatisthisthing,1,2018-05-17 02:57:52,2,0,41,0
8jyzxp,2018-05-16 22:10:43,97,r/whatisthisthing,1,2018-05-17 03:25:08,2,0,1,0
8jyzxp,2018-05-16 22:10:43,97,r/whatisthisthing,1,2018-05-17 01:43:22,1,4,33,0
8jyzxp,2018-05-16 22:10:43,97,r/whatisthisthing,1,2018-05-17 02:34:50,2,0,61,0
8jyzxp,2018-05-16 22:10:43,97,r/whatisthisthing,1,2018-05-17 02:17:40,2,1,16,0
8jyzxp,2018-05-16 22:10:43,97,r/whatisthisthing,1,2018-05-17 02:35:22,3,0,6,0
8jyzxp,2018-05-16 22:10:43,97,r/whatisthisthing,1,2018-05-17 03:37:21,2,0,22,0
8jyzxp,2018-05-16 22:10:43,97,r/whatisthisthing,1,2018-05-17 02:06:15,2,0,19,0
8jyzxp,2018-05-16 22:10:43,97,r/whatisthisthing,1,2018-05-17 01:51:31,1,2,-22,0
8jyzxp,2018-05-16 22:10:43,97,r/whatisthisthing,1,2018-05-17 03:14:41,2,0,13,0
8jyzxp,2018-05-16 22:10:43,97,r/whatisthisthing,1,2018-05-17 02:07:40,2,1,18,0
8jyzxp,2018-05-16 22:10:43,97,r/whatisthisthing,1,2018-05-17 03:03:44,3,0,14,0
8jyzxp,2018-05-16 22:10:43,97,r/whatisthisthing,2,2018-05-16 22:11:57,0,4,978,0
8jyzxp,2018-05-16 22:10:43,97,r/whatisthisthing,2,2018-05-17 01:12:04,1,2,541,0
8jyzxp,2018-05-16 22:10:43,97,r/whatisthisthing,2,2018-05-17 01:51:36,2,2,436,0
8jyzxp,2018-05-16 22:10:43,97,r/whatisthisthing,2,2018-05-17 01:57:47,3,2,98,0
8jyzxp,2018-05-16 22:10:43,97,r/whatisthisthing,2,2018-05-17 02:21:53,4,0,14,0
8jyzxp,2018-05-16 22:10:43,97,r/whatisthisthing,2,2018-05-17 01:59:49,4,1,-4,0
8jyzxp,2018-05-16 22:10:43,97,r/whatisthisthing,2,2018-05-17 02:03:14,5,0,40,0
8jyzxp,2018-05-16 22:10:43,97,r/whatisthisthing,2,2018-05-17 01:58:10,3,0,6,0
8jyzxp,2018-05-16 22:10:43,97,r/whatisthisthing,2,2018-05-17 02:24:11,2,0,30,0
8jyzxp,2018-05-16 22:10:43,97,r/whatisthisthing,2,2018-05-17 01:33:09,1,1,191,0
8jyzxp,2018-05-16 22:10:43,97,r/whatisthisthing,2,2018-05-17 01:46:05,2,0,18,0
8jyzxp,2018-05-16 22:10:43,97,r/whatisthisthing,2,2018-05-16 22:12:30,1,0,130,0
8jyzxp,2018-05-16 22:10:43,97,r/whatisthisthing,2,2018-05-17 00:09:03,1,4,113,0
8jyzxp,2018-05-16 22:10:43,97,r/whatisthisthing,2,2018-05-17 01:04:06,2,1,38,0
8jyzxp,2018-05-16 22:10:43,97,r/whatisthisthing,2,2018-05-17 03:25:49,3,0,3,0
8jyzxp,2018-05-16 22:10:43,97,r/whatisthisthing,2,2018-05-17 01:46:47,2,1,8,0
8jyzxp,2018-05-16 22:10:43,97,r/whatisthisthing,2,2018-05-17 02:26:01,3,0,13,0
8jyzxp,2018-05-16 22:10:43,97,r/whatisthisthing,2,2018-05-17 01:58:27,2,0,7,0
8jyzxp,2018-05-16 22:10:43,97,r/whatisthisthing,2,2018-05-17 01:52:15,2,0,3,0
8jyzxp,2018-05-16 22:10:43,97,r/whatisthisthing,3,2018-05-16 23:35:50,0,1,368,0
8jyzxp,2018-05-16 22:10:43,97,r/whatisthisthing,3,2018-05-17 01:51:40,1,1,-21,0
8jyzxp,2018-05-16 22:10:43,97,r/whatisthisthing,3,2018-05-17 02:03:02,2,2,20,0
8jyzxp,2018-05-16 22:10:43,97,r/whatisthisthing,3,2018-05-17 02:22:42,3,3,18,0
8jyzxp,2018-05-16 22:10:43,97,r/whatisthisthing,3,2018-05-17 02:36:49,4,0,2,0
8jyzxp,2018-05-16 22:10:43,97,r/whatisthisthing,3,2018-05-17 02:51:38,4,1,-2,0
8jyzxp,2018-05-16 22:10:43,97,r/whatisthisthing,3,2018-05-17 03:29:53,5,0,3,0
8jyzxp,2018-05-16 22:10:43,97,r/whatisthisthing,3,2018-05-17 03:03:16,4,0,0,0
8jyzxp,2018-05-16 22:10:43,97,r/whatisthisthing,3,2018-05-17 03:29:16,3,1,2,0
8jyzxp,2018-05-16 22:10:43,97,r/whatisthisthing,3,2018-05-17 03:38:25,4,0,1,0
8jyzxp,2018-05-16 22:10:43,97,r/whatisthisthing,4,2018-05-17 00:36:09,0,0,91,0
8jyzxp,2018-05-16 22:10:43,97,r/whatisthisthing,5,2018-05-17 00:25:49,0,4,172,0
8jyzxp,2018-05-16 22:10:43,97,r/whatisthisthing,5,2018-05-17 01:01:06,1,1,16,0
8jyzxp,2018-05-16 22:10:43,97,r/whatisthisthing,5,2018-05-17 01:02:58,2,2,2,0
8jyzxp,2018-05-16 22:10:43,97,r/whatisthisthing,5,2018-05-17 01:59:41,3,1,14,0
8jyzxp,2018-05-16 22:10:43,97,r/whatisthisthing,5,2018-05-17 02:38:50,4,1,11,0
8jyzxp,2018-05-16 22:10:43,97,r/whatisthisthing,5,2018-05-17 02:41:11,5,0,9,0
8jyzxp,2018-05-16 22:10:43,97,r/whatisthisthing,5,2018-05-17 02:29:28,3,1,5,0
8jyzxp,2018-05-16 22:10:43,97,r/whatisthisthing,5,2018-05-17 02:51:44,4,1,5,0
8jyzxp,2018-05-16 22:10:43,97,r/whatisthisthing,5,2018-05-17 03:05:25,5,0,3,0
8jyzxp,2018-05-16 22:10:43,97,r/whatisthisthing,5,2018-05-17 02:00:40,1,1,2,0
8jyzxp,2018-05-16 22:10:43,97,r/whatisthisthing,5,2018-05-17 02:10:32,2,1,1,0
8jyzxp,2018-05-16 22:10:43,97,r/whatisthisthing,5,2018-05-17 02:13:07,3,0,3,0
8jyzxp,2018-05-16 22:10:43,97,r/whatisthisthing,5,2018-05-17 02:09:01,1,1,3,0
8jyzxp,2018-05-16 22:10:43,97,r/whatisthisthing,5,2018-05-17 02:09:46,2,0,0,0
8jyzxp,2018-05-16 22:10:43,97,r/whatisthisthing,5,2018-05-17 01:51:57,1,1,-22,0
8jyzxp,2018-05-16 22:10:43,97,r/whatisthisthing,5,2018-05-17 02:01:04,2,0,12,0
8jyzxp,2018-05-16 22:10:43,97,r/whatisthisthing,6,2018-05-17 01:59:29,0,0,15,0
8jyzxp,2018-05-16 22:10:43,97,r/whatisthisthing,7,2018-05-17 02:43:26,0,0,7,0
8jyzxp,2018-05-16 22:10:43,97,r/whatisthisthing,8,2018-05-16 23:35:12,0,0,14,0
8jyzxp,2018-05-16 22:10:43,97,r/whatisthisthing,9,2018-05-17 03:01:19,0,0,3,0
8jyzxp,2018-05-16 22:10:43,97,r/whatisthisthing,10,2018-05-17 03:23:58,0,0,4,0
8jyzxp,2018-05-16 22:10:43,97,r/whatisthisthing,11,2018-05-17 01:53:56,0,0,-2,0
8jyzxp,2018-05-16 22:10:43,97,r/whatisthisthing,12,2018-05-17 01:04:28,0,0,1,0
8jyzxp,2018-05-16 22:10:43,97,r/whatisthisthing,13,2018-05-17 02:10:40,0,0,1,0
8jyzxp,2018-05-16 22:10:43,97,r/whatisthisthing,14,2018-05-17 00:18:54,0,1,-1,0
8jyzxp,2018-05-16 22:10:43,97,r/whatisthisthing,14,2018-05-17 00:22:33,1,0,0,0
8jyzxp,2018-05-16 22:10:43,97,r/whatisthisthing,15,2018-05-17 02:55:12,0,1,-2,0
8jyzxp,2018-05-16 22:10:43,97,r/whatisthisthing,15,2018-05-17 03:39:09,1,0,3,0
8jz2m5,2018-05-16 22:21:39,98,r/facebookwins,0,2018-05-16 23:01:06,0,3,244,0
8jz2m5,2018-05-16 22:21:39,98,r/facebookwins,0,2018-05-17 02:24:58,1,1,59,0
8jz2m5,2018-05-16 22:21:39,98,r/facebookwins,0,2018-05-17 02:45:16,2,1,-8,0
8jz2m5,2018-05-16 22:21:39,98,r/facebookwins,0,2018-05-17 03:22:06,3,2,35,0
8jz2m5,2018-05-16 22:21:39,98,r/facebookwins,0,2018-05-17 05:20:09,4,0,2,0
8jz2m5,2018-05-16 22:21:39,98,r/facebookwins,0,2018-05-17 03:23:53,4,1,-8,0
8jz2m5,2018-05-16 22:21:39,98,r/facebookwins,0,2018-05-17 03:43:46,5,1,15,0
8jz2m5,2018-05-16 22:21:39,98,r/facebookwins,0,2018-05-17 03:51:56,6,0,-6,0
8jz2m5,2018-05-16 22:21:39,98,r/facebookwins,0,2018-05-17 00:59:48,1,1,43,0
8jz2m5,2018-05-16 22:21:39,98,r/facebookwins,0,2018-05-17 01:51:21,2,0,7,0
8jz2m5,2018-05-16 22:21:39,98,r/facebookwins,0,2018-05-17 01:26:56,1,1,10,0
8jz2m5,2018-05-16 22:21:39,98,r/facebookwins,0,2018-05-17 01:59:03,2,1,34,0
8jz2m5,2018-05-16 22:21:39,98,r/facebookwins,0,2018-05-17 03:59:08,3,1,4,0
8jz2m5,2018-05-16 22:21:39,98,r/facebookwins,0,2018-05-17 04:11:09,4,0,1,0
8jz2m5,2018-05-16 22:21:39,98,r/facebookwins,1,2018-05-16 22:59:21,0,0,33,0
8jz2m5,2018-05-16 22:21:39,98,r/facebookwins,2,2018-05-17 03:05:16,0,1,23,0
8jz2m5,2018-05-16 22:21:39,98,r/facebookwins,2,2018-05-17 04:04:56,1,0,1,0
8jz2m5,2018-05-16 22:21:39,98,r/facebookwins,3,2018-05-17 01:48:36,0,1,10,0
8jz2m5,2018-05-16 22:21:39,98,r/facebookwins,3,2018-05-17 02:54:24,1,1,24,0
8jz2m5,2018-05-16 22:21:39,98,r/facebookwins,3,2018-05-17 04:02:44,2,1,5,0
8jz2m5,2018-05-16 22:21:39,98,r/facebookwins,3,2018-05-17 04:34:44,3,2,4,0
8jz2m5,2018-05-16 22:21:39,98,r/facebookwins,3,2018-05-17 04:55:57,4,0,1,0
8jz2m5,2018-05-16 22:21:39,98,r/facebookwins,3,2018-05-17 05:01:43,4,0,1,0
8jz2m5,2018-05-16 22:21:39,98,r/facebookwins,4,2018-05-17 00:11:12,0,0,10,0
8jz2m5,2018-05-16 22:21:39,98,r/facebookwins,5,2018-05-17 02:58:33,0,0,5,0
8jz2m5,2018-05-16 22:21:39,98,r/facebookwins,6,2018-05-17 00:49:43,0,0,6,0
8jz2m5,2018-05-16 22:21:39,98,r/facebookwins,7,2018-05-17 00:17:36,0,0,2,0
8jz2m5,2018-05-16 22:21:39,98,r/facebookwins,8,2018-05-17 03:56:14,0,0,1,0
8jz2m5,2018-05-16 22:21:39,98,r/facebookwins,9,2018-05-17 04:50:06,0,0,1,0
8jz2m5,2018-05-16 22:21:39,98,r/facebookwins,10,2018-05-17 05:00:01,0,0,1,0
8jz2m5,2018-05-16 22:21:39,98,r/facebookwins,11,2018-05-17 00:58:02,0,4,-11,0
8jz2m5,2018-05-16 22:21:39,98,r/facebookwins,11,2018-05-17 01:45:18,1,0,10,0
8jz2m5,2018-05-16 22:21:39,98,r/facebookwins,11,2018-05-17 02:01:24,1,0,4,0
8jz2m5,2018-05-16 22:21:39,98,r/facebookwins,11,2018-05-17 04:48:10,1,0,1,0
8jz2m5,2018-05-16 22:21:39,98,r/facebookwins,11,2018-05-17 02:40:18,1,0,0,0
8jz2m5,2018-05-16 22:21:39,98,r/facebookwins,12,2018-05-16 23:50:03,0,2,-17,0
8jz2m5,2018-05-16 22:21:39,98,r/facebookwins,12,2018-05-17 00:35:00,1,2,28,0
8jz2m5,2018-05-16 22:21:39,98,r/facebookwins,12,2018-05-17 01:21:45,2,0,12,0
8jz2m5,2018-05-16 22:21:39,98,r/facebookwins,12,2018-05-17 00:45:47,2,0,8,0
8jz2m5,2018-05-16 22:21:39,98,r/facebookwins,12,2018-05-17 03:30:49,1,0,6,0
8jz2m5,2018-05-16 22:21:39,98,r/facebookwins,13,2018-05-16 23:10:54,0,0,-15,0
8k0iih,2018-05-17 02:00:45,99,r/BokuNoHeroAcademia,0,2018-05-17 02:10:46,0,1,178,0
8k0iih,2018-05-17 02:00:45,99,r/BokuNoHeroAcademia,0,2018-05-17 03:04:14,1,1,43,0
8k0iih,2018-05-17 02:00:45,99,r/BokuNoHeroAcademia,0,2018-05-17 03:06:25,2,0,17,0
8k0iih,2018-05-17 02:00:45,99,r/BokuNoHeroAcademia,1,2018-05-17 02:42:42,0,1,63,0
8k0iih,2018-05-17 02:00:45,99,r/BokuNoHeroAcademia,1,2018-05-17 03:06:12,1,1,21,0
8k0iih,2018-05-17 02:00:45,99,r/BokuNoHeroAcademia,1,2018-05-17 03:32:58,2,0,8,0
8k0iih,2018-05-17 02:00:45,99,r/BokuNoHeroAcademia,2,2018-05-17 02:49:20,0,3,42,0
8k0iih,2018-05-17 02:00:45,99,r/BokuNoHeroAcademia,2,2018-05-17 03:04:38,1,3,59,0
8k0iih,2018-05-17 02:00:45,99,r/BokuNoHeroAcademia,2,2018-05-17 03:48:45,2,0,14,0
8k0iih,2018-05-17 02:00:45,99,r/BokuNoHeroAcademia,2,2018-05-17 03:09:31,2,2,12,0
8k0iih,2018-05-17 02:00:45,99,r/BokuNoHeroAcademia,2,2018-05-17 04:14:01,3,1,1,0
8k0iih,2018-05-17 02:00:45,99,r/BokuNoHeroAcademia,2,2018-05-17 04:55:35,4,0,7,0
8k0iih,2018-05-17 02:00:45,99,r/BokuNoHeroAcademia,2,2018-05-17 05:12:47,3,0,1,0
8k0iih,2018-05-17 02:00:45,99,r/BokuNoHeroAcademia,2,2018-05-17 04:11:43,2,0,2,0
8k0iih,2018-05-17 02:00:45,99,r/BokuNoHeroAcademia,2,2018-05-17 04:56:27,1,0,5,0
8k0iih,2018-05-17 02:00:45,99,r/BokuNoHeroAcademia,2,2018-05-17 04:19:37,1,1,4,0
8k0iih,2018-05-17 02:00:45,99,r/BokuNoHeroAcademia,2,2018-05-17 04:23:09,2,1,5,0
8k0iih,2018-05-17 02:00:45,99,r/BokuNoHeroAcademia,2,2018-05-17 04:51:35,3,1,5,0
8k0iih,2018-05-17 02:00:45,99,r/BokuNoHeroAcademia,2,2018-05-17 04:53:02,4,0,3,0
8k0iih,2018-05-17 02:00:45,99,r/BokuNoHeroAcademia,3,2018-05-17 02:14:01,0,0,76,0
8k0iih,2018-05-17 02:00:45,99,r/BokuNoHeroAcademia,4,2018-05-17 02:50:42,0,0,39,0
8k0iih,2018-05-17 02:00:45,99,r/BokuNoHeroAcademia,5,2018-05-17 02:24:25,0,1,28,0
8k0iih,2018-05-17 02:00:45,99,r/BokuNoHeroAcademia,5,2018-05-17 03:44:22,1,0,7,0
8k0iih,2018-05-17 02:00:45,99,r/BokuNoHeroAcademia,6,2018-05-17 03:01:23,0,1,29,0
8k0iih,2018-05-17 02:00:45,99,r/BokuNoHeroAcademia,6,2018-05-17 03:06:25,1,1,19,0
8k0iih,2018-05-17 02:00:45,99,r/BokuNoHeroAcademia,6,2018-05-17 03:07:23,2,2,11,0
8k0iih,2018-05-17 02:00:45,99,r/BokuNoHeroAcademia,6,2018-05-17 03:11:47,3,0,15,0
8k0iih,2018-05-17 02:00:45,99,r/BokuNoHeroAcademia,6,2018-05-17 03:11:34,3,1,9,0
8k0iih,2018-05-17 02:00:45,99,r/BokuNoHeroAcademia,6,2018-05-17 03:21:20,4,1,3,0
8k0iih,2018-05-17 02:00:45,99,r/BokuNoHeroAcademia,6,2018-05-17 03:26:07,5,1,9,0
8k0iih,2018-05-17 02:00:45,99,r/BokuNoHeroAcademia,6,2018-05-17 03:27:32,6,0,4,0
8k0iih,2018-05-17 02:00:45,99,r/BokuNoHeroAcademia,7,2018-05-17 02:26:24,0,0,14,0
8k0iih,2018-05-17 02:00:45,99,r/BokuNoHeroAcademia,8,2018-05-17 03:14:25,0,1,12,0
8k0iih,2018-05-17 02:00:45,99,r/BokuNoHeroAcademia,8,2018-05-17 04:11:18,1,1,2,0
8k0iih,2018-05-17 02:00:45,99,r/BokuNoHeroAcademia,8,2018-05-17 04:21:49,2,0,2,0
8k0iih,2018-05-17 02:00:45,99,r/BokuNoHeroAcademia,9,2018-05-17 02:57:34,0,0,6,0
8k0iih,2018-05-17 02:00:45,99,r/BokuNoHeroAcademia,10,2018-05-17 03:09:42,0,1,11,0
8k0iih,2018-05-17 02:00:45,99,r/BokuNoHeroAcademia,10,2018-05-17 03:21:50,1,0,10,0
8k0iih,2018-05-17 02:00:45,99,r/BokuNoHeroAcademia,11,2018-05-17 03:11:27,0,0,4,0
8k0iih,2018-05-17 02:00:45,99,r/BokuNoHeroAcademia,12,2018-05-17 03:20:50,0,0,3,0
8k0iih,2018-05-17 02:00:45,99,r/BokuNoHeroAcademia,13,2018-05-17 03:53:56,0,0,2,0
8k0iih,2018-05-17 02:00:45,99,r/BokuNoHeroAcademia,14,2018-05-17 04:00:15,0,1,2,0
8k0iih,2018-05-17 02:00:45,99,r/BokuNoHeroAcademia,14,2018-05-17 04:22:36,1,0,1,0
8k0iih,2018-05-17 02:00:45,99,r/BokuNoHeroAcademia,15,2018-05-17 04:29:35,0,0,2,0
8k0iih,2018-05-17 02:00:45,99,r/BokuNoHeroAcademia,16,2018-05-17 04:38:24,0,0,2,0
8k0iih,2018-05-17 02:00:45,99,r/BokuNoHeroAcademia,17,2018-05-17 05:00:57,0,0,2,0
8k0iih,2018-05-17 02:00:45,99,r/BokuNoHeroAcademia,18,2018-05-17 03:48:42,0,0,1,0
8k0iih,2018-05-17 02:00:45,99,r/BokuNoHeroAcademia,19,2018-05-17 04:04:20,0,0,1,0
8k0iih,2018-05-17 02:00:45,99,r/BokuNoHeroAcademia,20,2018-05-17 04:16:06,0,0,1,0
8k0iih,2018-05-17 02:00:45,99,r/BokuNoHeroAcademia,21,2018-05-17 04:58:59,0,0,1,0
8k0iih,2018-05-17 02:00:45,99,r/BokuNoHeroAcademia,22,2018-05-17 04:59:19,0,0,1,0
8k0iih,2018-05-17 02:00:45,99,r/BokuNoHeroAcademia,23,2018-05-17 05:12:41,0,0,1,0
8jyi0y,2018-05-16 21:03:25,100,r/rarepuppers,0,2018-05-16 21:45:06,0,4,286,0
8jyi0y,2018-05-16 21:03:25,100,r/rarepuppers,0,2018-05-16 21:58:29,1,0,181,0
8jyi0y,2018-05-16 21:03:25,100,r/rarepuppers,0,2018-05-17 01:21:01,1,0,48,0
8jyi0y,2018-05-16 21:03:25,100,r/rarepuppers,0,2018-05-17 03:53:33,1,0,3,0
8jyi0y,2018-05-16 21:03:25,100,r/rarepuppers,0,2018-05-17 02:22:08,1,0,4,0
8jyi0y,2018-05-16 21:03:25,100,r/rarepuppers,1,2018-05-17 01:35:59,0,0,42,0
8jyi0y,2018-05-16 21:03:25,100,r/rarepuppers,2,2018-05-16 22:28:07,0,0,78,0
8jyi0y,2018-05-16 21:03:25,100,r/rarepuppers,3,2018-05-17 00:12:31,0,0,17,0
8jyi0y,2018-05-16 21:03:25,100,r/rarepuppers,4,2018-05-17 02:24:27,0,0,17,0
8jyi0y,2018-05-16 21:03:25,100,r/rarepuppers,5,2018-05-16 21:31:19,0,0,19,0
8jyi0y,2018-05-16 21:03:25,100,r/rarepuppers,6,2018-05-17 02:22:40,0,0,11,0
8jyi0y,2018-05-16 21:03:25,100,r/rarepuppers,7,2018-05-16 22:39:58,0,3,5,0
8jyi0y,2018-05-16 21:03:25,100,r/rarepuppers,7,2018-05-17 01:13:44,1,1,13,0
8jyi0y,2018-05-16 21:03:25,100,r/rarepuppers,7,2018-05-17 01:21:38,2,1,4,0
8jyi0y,2018-05-16 21:03:25,100,r/rarepuppers,7,2018-05-17 01:24:00,3,0,2,0
8jyi0y,2018-05-16 21:03:25,100,r/rarepuppers,7,2018-05-17 00:13:04,1,1,8,0
8jyi0y,2018-05-16 21:03:25,100,r/rarepuppers,7,2018-05-17 00:14:15,2,1,2,0
8jyi0y,2018-05-16 21:03:25,100,r/rarepuppers,7,2018-05-17 00:16:38,3,1,3,0
8jyi0y,2018-05-16 21:03:25,100,r/rarepuppers,7,2018-05-17 01:21:17,4,1,3,0
8jyi0y,2018-05-16 21:03:25,100,r/rarepuppers,7,2018-05-17 01:22:03,5,0,3,0
8jyi0y,2018-05-16 21:03:25,100,r/rarepuppers,7,2018-05-17 05:10:38,1,0,1,0
8jyi0y,2018-05-16 21:03:25,100,r/rarepuppers,8,2018-05-17 02:56:13,0,0,3,0
8jyi0y,2018-05-16 21:03:25,100,r/rarepuppers,9,2018-05-16 22:59:00,0,0,2,0
8jyi0y,2018-05-16 21:03:25,100,r/rarepuppers,10,2018-05-16 23:29:25,0,0,2,0
8jyi0y,2018-05-16 21:03:25,100,r/rarepuppers,11,2018-05-17 01:34:02,0,0,2,0
8jyi0y,2018-05-16 21:03:25,100,r/rarepuppers,12,2018-05-17 02:36:46,0,0,2,0
8jyi0y,2018-05-16 21:03:25,100,r/rarepuppers,13,2018-05-17 01:24:20,0,0,3,0
8jyi0y,2018-05-16 21:03:25,100,r/rarepuppers,14,2018-05-16 21:35:56,0,0,2,0
8jyi0y,2018-05-16 21:03:25,100,r/rarepuppers,15,2018-05-17 02:18:46,0,0,2,0
8jyi0y,2018-05-16 21:03:25,100,r/rarepuppers,16,2018-05-17 01:49:43,0,1,2,0
8jyi0y,2018-05-16 21:03:25,100,r/rarepuppers,16,2018-05-17 04:36:21,1,2,0,0
8jyi0y,2018-05-16 21:03:25,100,r/rarepuppers,16,2018-05-17 04:38:02,2,1,1,0
8jyi0y,2018-05-16 21:03:25,100,r/rarepuppers,16,2018-05-17 04:43:16,3,1,1,0
8jyi0y,2018-05-16 21:03:25,100,r/rarepuppers,16,2018-05-17 04:50:50,4,1,1,0
8jyi0y,2018-05-16 21:03:25,100,r/rarepuppers,16,2018-05-17 04:50:51,5,0,0,0
8jyi0y,2018-05-16 21:03:25,100,r/rarepuppers,16,2018-05-17 04:56:30,2,0,1,0
8jyi0y,2018-05-16 21:03:25,100,r/rarepuppers,17,2018-05-16 21:30:47,0,1,1,0
8jyi0y,2018-05-16 21:03:25,100,r/rarepuppers,17,2018-05-16 21:30:47,1,0,9,0
8jyi0y,2018-05-16 21:03:25,100,r/rarepuppers,18,2018-05-17 02:26:39,0,0,1,0
8jyi0y,2018-05-16 21:03:25,100,r/rarepuppers,19,2018-05-17 02:36:23,0,0,1,0
8jyi0y,2018-05-16 21:03:25,100,r/rarepuppers,20,2018-05-17 02:39:31,0,0,1,0
8jyi0y,2018-05-16 21:03:25,100,r/rarepuppers,21,2018-05-17 02:42:00,0,0,1,0
8jyi0y,2018-05-16 21:03:25,100,r/rarepuppers,22,2018-05-17 02:44:03,0,0,1,0
8jyi0y,2018-05-16 21:03:25,100,r/rarepuppers,23,2018-05-17 02:49:01,0,0,1,0
8jyi0y,2018-05-16 21:03:25,100,r/rarepuppers,24,2018-05-17 02:55:39,0,0,1,0
8jyi0y,2018-05-16 21:03:25,100,r/rarepuppers,25,2018-05-17 02:56:39,0,0,1,0
8jyi0y,2018-05-16 21:03:25,100,r/rarepuppers,26,2018-05-17 03:01:32,0,0,1,0
8jyi0y,2018-05-16 21:03:25,100,r/rarepuppers,27,2018-05-17 03:56:31,0,0,1,0
8jyi0y,2018-05-16 21:03:25,100,r/rarepuppers,28,2018-05-17 04:12:56,0,0,1,0
8jyi0y,2018-05-16 21:03:25,100,r/rarepuppers,29,2018-05-17 04:31:30,0,0,1,0
8jyi0y,2018-05-16 21:03:25,100,r/rarepuppers,30,2018-05-17 04:35:15,0,0,1,0
